997 1
322 0
216 0
418 0
179 0
519 0
391 0
556 0
23 0
400 0
505 0
190 0
577 0
162 0
502 0
223 0
54 0
181 0
560 0
333 0
508 0
409 0
455 0
353 0
255 0
413 0
458 0
463 0
143 0
373 0
158 0
551 0
221 0
399 0
174 0
284 0
147 0
406 0
71 0
401 0
208 0
236 0
184 0
149 0
491 0
39 0
507 0
228 0
72 0
21 0
282 0
316 0
371 0
42 0
25 0
456 0
579 0
500 0
428 0
186 0
100 0
274 0
324 0
125 0
135 0
280 0
484 0
169 0
68 0
107 0
134 0
422 0
110 0
415 0
494 0
466 0
167 0
529 0
47 0
201 0
2 0
444 0
29 0
306 0
254 0
252 0
492 0
457 0
79 0
136 0
18 0
584 0
442 0
212 0
235 0
91 0
304 0
528 0
566 0
581 0
226 0
465 0
451 0
84 0
146 0
156 0
253 0
172 0
66 0
464 0
513 0
461 0
425 0
307 0
44 0
59 0
137 0
454 0
102 0
404 0
58 0
6 0
481 0
583 0
128 0
115 0
449 0
245 0
16 0
69 0
209 0
288 0
205 0
553 0
43 0
67 0
411 0
232 0
123 0
133 0
349 0
234 0
488 0
514 0
268 0
435 0
183 0
559 0
299 0
98 0
3 0
516 0
580 0
14 0
199 0
370 0
587 0
295 0
177 0
530 0
474 0
554 0
431 0
112 0
173 0
329 0
483 0
267 0
278 0
538 0
22 0
220 0
97 0
331 0
557 0
248 0
414 0
314 0
120 0
515 0
569 0
375 0
273 0
537 0
261 0
276 0
33 0
570 0
229 0
86 0
152 0
439 0
56 0
403 0
430 0
242 0
161 0
339 0
521 0
13 0
312 0
308 0
180 0
210 0
390 0
393 0
159 0
46 0
90 0
446 0
10 0
138 0
27 0
394 0
330 0
503 0
35 0
572 0
380 0
87 0
185 0
257 0
438 0
356 0
230 0
452 0
311 0
142 0
420 0
251 0
291 0
175 0
155 0
542 0
407 0
527 0
53 0
62 0
382 0
219 0
178 0
279 0
41 0
57 0
12 0
237 0
258 0
88 0
365 0
105 0
171 0
547 0
154 0
535 0
434 0
108 0
396 0
543 0
246 0
318 0
283 0
496 0
343 0
486 0
117 0
150 0
287 0
262 0
497 0
363 0
290 0
524 0
99 0
303 0
19 0
130 0
111 0
126 0
225 0
346 0
571 0
129 0
334 0
437 0
95 0
315 0
576 0
302 0
270 0
238 0
350 0
96 0
574 0
450 0
200 0
286 0
493 0
249 0
561 0
440 0
534 0
387 0
77 0
432 0
545 0
256 0
166 0
511 0
498 0
328 0
187 0
473 0
441 0
565 0
445 0
342 0
217 0
297 0
93 0
309 0
144 0
222 0
326 0
109 0
506 0
460 0
55 0
292 0
575 0
202 0
81 0
332 0
588 0
480 0
548 0
539 0
227 0
277 0
8 0
495 0
367 0
482 0
163 0
211 0
592 0
552 0
593 0
106 0
114 0
504 0
15 0
74 0
518 0
567 0
89 0
362 0
397 0
119 0
395 0
36 0
50 0
323 0
191 0
289 0
73 0
512 0
479 0
366 0
564 0
32 0
405 0
388 0
193 0
568 0
241 0
294 0
549 0
429 0
80 0
250 0
240 0
448 0
341 0
337 0
239 0
384 0
596 0
192 0
360 0
233 0
378 0
501 0
586 0
520 0
157 0
196 0
320 0
265 0
127 308
381 102
417 160
376 490
203 520
275 14
60 433
336 210
83 83
510 91
386 2
141 82
489 114
151 389
264 190
11 463
214 445
364 444
412 147
132 36
374 558
94 334
416 523
509 383
351 296
436 566
301 497
4 291
139 525
469 448
30 259
207 356
589 178
269 554
182 101
379 264
293 488
24 384
424 322
45 185
368 214
204 191
70 517
78 400
75 306
281 22
419 7
101 594
327 159
468 265
426 572
532 600
600 452
472 486
160 316
487 418
357 547
352 148
51 299
116 75
597 233
82 309
266 329
453 153
1 578
300 591
595 560
354 582
361 279
40 580
76 353
389 396
124 47
313 346
7 157
562 552
594 184
195 17
325 67
408 369
338 283
231 439
345 429
558 239
104 319
598 27
335 280
61 426
121 567
476 107
377 402
310 470
103 278
478 449
347 235
188 4
490 326
398 304
402 427
148 434
63 106
459 94
340 174
582 587
9 127
215 409
244 563
243 55
427 247
462 325
17 40
541 226
64 6
372 95
599 406
271 255
467 64
392 443
585 512
197 390
122 335
28 173
224 492
358 244
319 473
37 155
317 234
359 252
189 250
477 394
385 249
544 466
198 462
52 115
578 542
260 149
321 137
410 141
285 52
447 494
113 188
194 236
305 241
573 221
433 327
5 351
355 472
475 222
443 504
421 359
168 511
590 592
263 156
296 183
145 483
344 281
540 57
298 318
591 303
485 196
423 590
259 358
85 535
153 548
517 85
369 200
49 199
140 482
20 380
165 495
536 220
546 307
523 294
176 477
499 315
218 230
118 207
471 347
525 313
213 392
348 289
131 87
92 461
555 140
531 519
206 133
563 80
170 531
34 575
383 122
533 231
470 451
247 163
48 25
26 43
65 373
272 165
522 143
38 302
526 474
31 413
164 424
550 238
0 498
0 130
0 503
0 381
0 158
0 586
0 245
0 538
0 527
0 370
0 593
0 514
0 77
0 526
0 479
0 256
0 550
0 465
0 113
0 522
0 446
0 3
0 108
0 262
0 145
0 378
0 500
0 92
0 516
0 539
0 562
0 506
0 288
0 242
0 46
0 595
0 269
0 243
0 509
0 471
0 23
0 218
0 37
0 450
0 5
0 38
0 49
0 393
0 368
0 577
0 314
0 152
0 290
0 438
0 363
0 398
0 8
0 343
0 536
0 195
0 399
0 118
0 175
0 597
0 123
0 457
0 357
0 341
0 361
0 320
0 179
0 374
0 455
0 76
0 176
0 415
0 213
0 68
0 397
0 442
0 215
0 585
0 360
0 170
0 197
0 379
0 411
0 410
0 90
0 228
0 556
0 337
0 161
0 533
0 266
0 134
0 459
0 481
0 229
0 425
0 180
0 20
0 375
0 109
0 248
0 311
0 39
0 345
0 453
0 34
0 365
0 328
0 208
0 119
0 568
0 61
0 132
0 53
0 150
0 211
0 93
0 332
0 66
0 205
0 261
0 333
0 79
0 35
0 417
0 224
0 138
0 65
0 385
0 98
0 404
0 391
0 421
0 508
0 599
0 120
0 544
0 28
0 596
0 478
0 274
0 407
0 344
0 15
0 74
0 510
0 496
0 125
0 51
0 135
0 499
0 282
0 541
0 543
0 69
0 588
0 139
0 476
0 105
0 253
0 126
0 12
0 513
0 395
0 559
0 72
0 60
0 50
0 372
0 116
0 507
0 100
0 78
0 298
0 518
0 469
0 292
0 223
0 81
0 534
0 124
0 24
0 420
0 456
0 142
0 136
0 555
0 182
0 89
0 251
0 416
0 217
0 454
0 117
0 181
0 430
0 293
0 440
0 412
0 528
0 201
0 382
0 305
0 436
0 419
0 33
0 408
0 18
0 237
0 515
0 99
0 502
0 570
0 42
0 258
0 584
0 576
0 437
0 493
0 202
0 366
0 29
0 530
0 54
0 386
0 545
0 287
0 323
0 401
0 295
0 216
0 405
0 431
0 45
0 362
0 194
0 206
0 103
0 467
0 564
0 589
0 166
0 349
0 41
0 464
0 301
0 321
0 32
0 154
0 16
0 529
0 551
0 232
0 485
0 276
0 104
0 521
0 598
0 553
0 310
0 487
0 44
0 475
0 574
0 489
0 62
0 59
0 354
0 186
0 212
0 131
0 84
0 377
0 146
0 350
0 501
0 432
0 441
0 524
0 254
0 330
0 277
0 284
0 164
0 376
0 331
0 484
0 97
0 285
0 86
0 414
0 227
0 317
0 388
0 286
0 110
0 169
0 70
0 480
0 71
0 571
0 111
0 422
0 128
0 573
0 198
0 21
0 129
0 193
0 240
0 121
0 189
0 187
0 88
0 162
0 192
0 48
0 561
0 348
0 96
0 447
0 10
0 532
0 260
0 367
0 13
0 73
0 460
0 342
0 168
0 297
0 246
0 271
0 63
0 601
0 30
0 177
0 167
0 581
0 270
0 340
0 352
0 31
0 468
0 151
0 557
0 144
0 435
0 275
0 257
0 540
0 209
0 112
0 324
0 58
0 273
0 583
0 9
0 537
0 565
0 204
0 26
0 338
0 458
0 339
0 267
0 371
0 546
0 569
0 387
0 203
0 268
0 272
0 19
0 423
0 300
0 355
0 11
0 312
0 263
0 219
0 56
0 225
0 428
0 172
0 579
0 549
0 491
0 171
0 403
0 364
0 336
0 505
997
