1000 1000
207 363
789 986
722 813
73 821
461 790
403 761
489 746
42 285
415 536
565 669
983 994
561 978
610 961
371 851
857 997
365 559
935 988
258 731
296 827
850 854
437 646
184 206
599 802
725 976
207 495
568 664
118 669
376 493
377 429
232 284
810 995
255 404
43 709
562 894
239 477
970 982
184 850
518 943
722 858
756 797
836 847
713 971
963 983
42 594
132 729
641 941
373 460
937 977
202 694
328 344
34 187
609 676
195 935
109 412
529 812
99 288
762 848
749 827
549 848
107 228
465 523
492 564
232 451
957 962
377 519
151 280
997 997
391 715
802 892
432 930
447 952
332 954
48 845
625 671
471 728
503 522
914 923
851 913
307 880
894 904
602 808
43 287
718 835
889 931
745 765
907 936
70 409
744 769
207 336
686 775
162 758
349 970
486 776
680 931
874 988
267 351
755 931
49 850
925 948
294 689
514 992
351 410
290 734
915 920
633 659
710 896
610 627
410 839
23 851
379 950
91 822
612 626
190 675
213 319
459 797
140 861
618 926
939 945
25 198
464 490
907 933
446 688
974 989
369 746
753 895
72 174
67 936
796 929
359 412
888 916
896 977
977 1000
89 579
90 432
767 811
418 523
60 185
613 964
230 264
670 834
482 723
390 840
512 758
922 938
470 944
751 760
236 369
352 478
781 845
249 904
728 806
585 809
688 841
867 872
315 425
261 395
13 203
371 803
820 918
400 626
648 930
186 957
946 949
110 256
987 996
535 845
686 789
861 937
121 416
857 900
91 450
427 606
541 884
782 922
311 442
185 257
143 167
740 940
281 874
794 898
782 917
950 964
605 820
207 428
731 795
338 798
596 994
360 518
137 480
636 778
223 812
957 965
836 970
177 628
743 976
266 538
447 996
182 193
892 915
499 650
504 884
311 694
32 98
592 985
252 713
341 530
269 711
46 106
266 896
541 997
724 853
707 899
460 859
627 698
337 607
107 794
208 601
677 781
833 941
680 840
924 935
302 348
947 986
948 956
225 304
493 959
167 605
423 539
360 745
369 610
482 949
387 631
170 642
329 836
143 350
482 993
789 987
408 765
725 937
343 705
901 903
96 937
235 705
710 717
985 993
449 873
565 929
556 709
504 638
665 952
466 987
179 889
619 748
510 919
456 795
450 581
76 894
854 929
178 369
939 979
624 965
887 976
249 506
388 857
82 386
709 896
411 460
270 301
147 369
531 836
873 883
151 852
725 994
944 994
827 904
639 785
644 728
395 916
214 916
913 984
624 894
819 836
25 897
332 792
630 666
833 835
389 545
608 847
3 695
909 911
483 688
294 410
171 621
826 954
945 980
987 988
318 821
919 983
741 826
147 222
364 562
703 906
759 837
542 715
213 721
91 928
934 934
422 899
960 963
318 433
422 683
892 986
865 878
309 969
479 740
227 815
889 938
180 652
315 504
841 850
445 821
78 535
661 944
127 380
179 686
330 518
730 861
849 880
404 885
376 820
319 733
270 401
699 930
796 899
846 933
390 794
163 855
468 981
517 540
345 932
804 837
386 426
189 486
794 876
968 995
643 709
342 651
800 802
905 945
54 73
779 809
33 295
93 708
152 943
474 916
597 950
977 994
495 563
439 440
197 507
16 653
230 527
617 842
654 685
913 959
533 919
772 787
658 798
425 521
608 760
171 540
963 996
73 373
108 689
390 422
465 587
662 676
538 979
317 327
245 654
164 514
76 563
542 785
947 979
723 805
282 292
395 662
875 959
261 834
471 922
568 962
844 897
5 354
260 507
663 941
826 878
14 293
450 899
640 932
864 986
846 954
323 598
328 660
949 977
160 278
242 868
574 667
484 696
102 719
804 854
127 378
430 462
120 168
749 800
958 997
354 707
193 753
115 975
903 962
171 901
730 732
391 530
545 664
855 915
113 766
812 968
3 575
41 390
659 686
978 993
768 778
663 854
293 712
684 964
342 964
335 444
341 852
728 757
464 701
829 982
297 686
859 928
907 982
112 746
820 993
858 922
133 767
550 891
654 856
280 845
629 766
167 401
281 873
266 543
166 168
618 955
777 981
814 960
400 508
931 938
688 696
232 722
45 721
305 983
641 991
416 559
96 482
167 524
942 979
670 812
190 702
115 913
263 859
224 224
630 993
969 986
325 925
618 746
416 683
994 995
799 841
914 922
667 752
298 829
331 992
165 903
962 976
718 718
809 886
397 722
791 979
390 895
482 749
838 850
986 996
126 266
10 727
805 834
344 408
518 563
590 901
65 487
666 904
412 797
729 879
33 887
995 996
903 953
479 663
35 808
231 255
312 764
620 930
691 985
275 451
682 769
905 988
103 401
917 924
891 936
184 304
154 387
153 644
553 896
335 894
610 930
302 335
702 717
189 851
832 862
985 998
509 649
956 998
654 725
707 957
934 989
662 866
963 984
768 916
145 552
844 883
703 960
939 967
686 869
634 867
124 761
627 855
719 934
821 878
737 821
278 421
60 963
6 657
173 453
878 919
261 700
625 983
297 814
115 390
214 665
481 807
950 955
546 741
41 150
601 880
173 258
885 997
463 564
874 963
760 883
541 870
130 756
677 928
157 330
754 971
170 998
710 932
578 856
9 394
745 791
22 187
19 114
47 351
988 997
421 533
498 945
767 893
442 699
876 992
62 925
582 594
154 534
953 997
347 429
895 939
718 985
386 825
100 383
733 736
358 422
32 680
171 822
382 934
584 703
370 615
252 934
800 937
844 925
354 768
938 940
152 586
796 906
237 314
715 931
991 999
28 106
716 932
115 915
784 869
400 494
237 603
610 933
425 649
208 490
191 682
924 998
834 842
362 776
663 971
521 646
917 970
214 693
729 928
32 306
985 996
393 575
825 960
964 995
638 747
780 988
378 691
522 939
298 702
678 865
994 999
655 725
651 712
757 786
480 675
191 944
679 709
599 804
528 813
585 685
547 805
491 495
24 882
686 819
755 950
822 865
896 974
82 209
595 648
657 869
106 740
288 513
859 860
688 706
695 966
581 889
918 972
636 913
117 490
263 496
617 926
529 880
214 532
197 368
54 880
553 565
47 147
388 944
682 758
170 474
649 661
1000 1000
683 896
505 871
683 966
299 365
71 207
794 854
387 747
755 835
547 915
72 872
396 539
397 651
348 664
516 701
334 700
566 714
35 131
941 953
524 800
562 918
710 834
490 683
925 981
196 832
674 756
243 768
625 708
70 513
620 650
177 536
64 303
490 652
694 940
847 930
901 985
2 968
960 992
232 266
0 0
306 581
568 972
167 348
876 957
4 334
367 701
204 311
845 848
172 306
72 879
121 157
240 478
948 953
815 910
674 681
921 969
923 991
508 954
745 912
247 337
923 925
783 880
850 999
840 857
737 963
188 888
652 917
475 540
136 878
842 955
775 978
853 881
782 809
516 578
643 656
114 991
339 614
874 959
19 723
55 436
837 972
521 649
634 756
679 743
142 251
498 557
463 678
632 722
721 874
447 765
441 821
919 958
504 637
462 799
399 903
696 951
190 558
686 892
157 475
733 793
534 933
319 630
134 256
406 793
975 988
710 946
0 0
263 435
319 786
763 892
419 474
718 833
293 398
87 526
434 788
266 444
338 783
193 751
741 937
251 296
977 989
873 918
820 854
302 935
164 918
428 761
393 714
113 508
626 664
995 999
79 373
58 810
290 386
0 0
236 263
855 965
520 578
289 983
438 583
831 853
717 862
322 777
545 575
535 861
3 382
910 988
341 632
473 904
171 883
384 626
703 756
895 932
264 275
543 914
705 953
319 506
691 991
906 978
1 573
720 995
949 985
833 919
330 589
142 255
672 821
911 948
274 646
508 921
204 382
608 777
580 911
991 992
791 993
944 949
665 706
438 447
676 972
592 604
127 681
166 942
645 710
259 629
321 748
828 983
964 977
187 687
531 637
489 787
76 118
715 879
607 651
33 200
439 683
504 784
56 596
89 134
908 974
816 948
792 918
243 901
895 925
288 781
451 664
628 980
362 802
838 933
493 631
265 623
307 527
52 222
408 464
6 91
78 867
3 384
104 764
837 941
384 726
969 980
255 314
826 976
955 958
19 583
195 534
114 268
839 841
734 983
691 831
440 456
993 993
288 937
156 275
114 401
935 975
30 914
348 814
818 882
48 449
215 960
318 715
443 622
459 978
298 496
420 774
735 800
364 587
666 854
273 953
614 631
718 996
527 903
979 986
541 683
958 968
342 798
220 580
630 657
643 785
23 630
974 992
325 950
845 927
846 967
766 974
974 999
228 362
33 470
842 931
31 716
785 834
486 975
246 696
737 742
498 796
471 643
850 957
633 704
277 307
810 930
134 513
834 884
264 605
668 712
333 663
193 450
379 464
931 965
291 931
835 905
245 538
512 928
366 399
371 550
288 934
565 669
222 754
222 687
122 303
473 626
432 447
950 991
578 595
912 921
64 216
35 951
518 960
223 939
340 881
795 836
872 874
116 888
817 914
276 483
662 741
350 584
841 973
1
2
3
4
5
6
7
8
9
10
11
12
13
14
15
16
17
18
19
20
21
22
23
24
25
26
27
28
29
30
31
32
33
34
35
36
37
38
39
40
41
42
43
44
45
46
47
48
49
50
51
52
53
54
55
56
57
58
59
60
61
62
63
64
65
66
67
68
69
70
71
72
73
74
75
76
77
78
79
80
81
82
83
84
85
86
87
88
89
90
91
92
93
94
95
96
97
98
99
100
101
102
103
104
105
106
107
108
109
110
111
112
113
114
115
116
117
118
119
120
121
122
123
124
125
126
127
128
129
130
131
132
133
134
135
136
137
138
139
140
141
142
143
144
145
146
147
148
149
150
151
152
153
154
155
156
157
158
159
160
161
162
163
164
165
166
167
168
169
170
171
172
173
174
175
176
177
178
179
180
181
182
183
184
185
186
187
188
189
190
191
192
193
194
195
196
197
198
199
200
201
202
203
204
205
206
207
208
209
210
211
212
213
214
215
216
217
218
219
220
221
222
223
224
225
226
227
228
229
230
231
232
233
234
235
236
237
238
239
240
241
242
243
244
245
246
247
248
249
250
251
252
253
254
255
256
257
258
259
260
261
262
263
264
265
266
267
268
269
270
271
272
273
274
275
276
277
278
279
280
281
282
283
284
285
286
287
288
289
290
291
292
293
294
295
296
297
298
299
300
301
302
303
304
305
306
307
308
309
310
311
312
313
314
315
316
317
318
319
320
321
322
323
324
325
326
327
328
329
330
331
332
333
334
335
336
337
338
339
340
341
342
343
344
345
346
347
348
349
350
351
352
353
354
355
356
357
358
359
360
361
362
363
364
365
366
367
368
369
370
371
372
373
374
375
376
377
378
379
380
381
382
383
384
385
386
387
388
389
390
391
392
393
394
395
396
397
398
399
400
401
402
403
404
405
406
407
408
409
410
411
412
413
414
415
416
417
418
419
420
421
422
423
424
425
426
427
428
429
430
431
432
433
434
435
436
437
438
439
440
441
442
443
444
445
446
447
448
449
450
451
452
453
454
455
456
457
458
459
460
461
462
463
464
465
466
467
468
469
470
471
472
473
474
475
476
477
478
479
480
481
482
483
484
485
486
487
488
489
490
491
492
493
494
495
496
497
498
499
500
501
502
503
504
505
506
507
508
509
510
511
512
513
514
515
516
517
518
519
520
521
522
523
524
525
526
527
528
529
530
531
532
533
534
535
536
537
538
539
540
541
542
543
544
545
546
547
548
549
550
551
552
553
554
555
556
557
558
559
560
561
562
563
564
565
566
567
568
569
570
571
572
573
574
575
576
577
578
579
580
581
582
583
584
585
586
587
588
589
590
591
592
593
594
595
596
597
598
599
600
601
602
603
604
605
606
607
608
609
610
611
612
613
614
615
616
617
618
619
620
621
622
623
624
625
626
627
628
629
630
631
632
633
634
635
636
637
638
639
640
641
642
643
644
645
646
647
648
649
650
651
652
653
654
655
656
657
658
659
660
661
662
663
664
665
666
667
668
669
670
671
672
673
674
675
676
677
678
679
680
681
682
683
684
685
686
687
688
689
690
691
692
693
694
695
696
697
698
699
700
701
702
703
704
705
706
707
708
709
710
711
712
713
714
715
716
717
718
719
720
721
722
723
724
725
726
727
728
729
730
731
732
733
734
735
736
737
738
739
740
741
742
743
744
745
746
747
748
749
750
751
752
753
754
755
756
757
758
759
760
761
762
763
764
765
766
767
768
769
770
771
772
773
774
775
776
777
778
779
780
781
782
783
784
785
786
787
788
789
790
791
792
793
794
795
796
797
798
799
800
801
802
803
804
805
806
807
808
809
810
811
812
813
814
815
816
817
818
819
820
821
822
823
824
825
826
827
828
829
830
831
832
833
834
835
836
837
838
839
840
841
842
843
844
845
846
847
848
849
850
851
852
853
854
855
856
857
858
859
860
861
862
863
864
865
866
867
868
869
870
871
872
873
874
875
876
877
878
879
880
881
882
883
884
885
886
887
888
889
890
891
892
893
894
895
896
897
898
899
900
901
902
903
904
905
906
907
908
909
910
911
912
913
914
915
916
917
918
919
920
921
922
923
924
925
926
927
928
929
930
931
932
933
934
935
936
937
938
939
940
941
942
943
944
945
946
947
948
949
950
951
952
953
954
955
956
957
958
959
960
961
962
963
964
965
966
967
968
969
970
971
972
973
974
975
976
977
978
979
980
981
982
983
984
985
986
987
988
989
990
991
992
993
994
995
996
997
998
999
1000
