1000 500
309 243
53 202
232 7
411 924
307 250
433 815
496 487
311 470
52 229
325 943
3 32
244 319
226 56
273 895
318 344
415 558
377 82
477 811
476 92
379 910
109 356
496 702
260 488
46 179
283 331
472 523
322 465
80 182
497 157
164 681
279 206
422 748
292 16
139 426
422 498
178 453
34 373
94 463
379 455
384 430
307 117
135 476
420 442
281 311
8 402
35 447
324 306
43 116
421 125
249 825
286 348
141 483
131 334
309 858
355 263
106 499
453 82
293 924
317 265
297 988
394 405
3 242
263 300
500 748
208 48
176 834
137 57
188 343
176 348
56 458
122 489
418 839
158 201
318 423
161 343
491 493
19 463
120 227
286 32
28 289
132 494
38 113
420 284
396 744
323 380
361 671
59 107
150 364
12 9
264 356
467 73
115 755
410 281
148 483
42 263
106 170
408 223
324 690
247 311
32 397
476 210
451 914
17 472
409 568
308 86
266 525
173 398
231 462
203 269
401 885
223 19
29 496
373 318
353 876
42 293
1 165
140 40
257 376
155 203
243 442
413 25
171 739
424 401
126 264
126 365
225 234
180 353
63 97
431 192
496 781
131 168
134 144
95 411
1 44
303 464
222 237
399 385
409 635
485 330
315 756
95 406
148 296
161 358
416 837
181 268
491 610
196 354
322 342
277 45
354 842
39 103
366 954
25 431
366 599
28 447
348 355
466 445
478 813
30 156
390 418
218 9
353 569
42 449
148 451
386 372
316 413
47 473
145 452
296 386
312 392
340 171
433 749
22 255
189 232
334 368
94 323
187 417
108 609
273 153
118 552
240 495
206 433
184 12
98 776
406 286
64 488
369 425
357 876
68 371
18 459
306 462
84 403
153 103
388 847
57 137
310 326
423 276
229 490
20 217
322 604
390 291
460 782
163 55
110 436
284 45
459 876
260 167
73 269
372 500
95 342
68 313
10 178
270 381
422 573
332 238
494 668
481 220
99 739
186 83
264 778
223 188
283 657
275 79
454 838
104 236
413 722
437 15
225 801
170 483
224 522
110 373
467 922
76 456
52 155
116 191
230 368
19 428
428 833
313 346
154 362
324 268
409 555
270 475
434 979
91 294
163 237
284 239
492 728
285 310
110 389
2 387
455 568
293 105
266 903
357 140
5 268
66 157
285 881
262 366
488 844
170 47
181 335
279 185
140 324
318 244
125 254
158 47
141 426
337 495
86 176
198 129
494 988
185 97
277 478
393 45
426 806
75 208
249 607
387 295
422 703
350 469
18 246
227 49
496 956
358 416
417 435
390 292
58 200
107 152
260 927
412 32
414 854
24 224
364 491
500 274
155 954
78 353
84 207
35 49
447 470
121 119
302 928
230 124
455 668
472 221
354 971
315 168
380 680
221 212
88 451
387 303
296 986
243 12
59 349
247 442
326 841
40 257
332 983
304 395
333 936
406 416
132 187
434 350
448 980
171 3
333 929
39 335
282 346
237 411
262 950
317 121
273 958
462 146
160 823
462 137
83 450
378 320
455 872
406 240
18 210
21 195
163 349
84 390
341 616
136 48
1 195
315 278
336 859
357 118
72 495
239 447
341 365
494 277
211 605
492 66
398 828
318 6
130 927
416 268
107 357
377 4
444 979
381 264
146 772
33 214
414 484
461 15
119 752
439 293
458 889
319 456
191 282
265 36
35 689
377 403
32 230
46 54
67 392
177 483
170 382
343 313
156 946
137 297
279 469
383 287
443 620
429 316
11 192
416 14
346 980
143 81
43 192
131 368
297 842
146 330
477 986
471 177
134 441
297 36
404 999
415 495
33 253
82 310
450 465
249 387
292 513
299 276
133 473
368 315
292 461
293 136
436 773
315 426
151 443
218 332
213 377
189 469
107 409
422 441
355 387
435 80
101 514
299 339
27 251
131 184
25 353
17 339
173 499
174 467
24 242
140 25
68 261
43 322
37 158
52 492
69 169
324 452
95 414
388 247
392 712
55 155
99 820
392 363
47 143
278 463
332 932
276 417
356 448
136 18
296 457
225 200
16 71
190 295
266 374
359 32
479 947
89 172
255 813
252 145
71 568
59 379
85 336
44 435
356 427
238 439
228 801
101 129
166 416
227 248
482 715
244 486
293 702
484 374
347 468
387 311
214 358
328 52
418 926
450 382
47 280
160 263
407 414
432 141
257 697
264 388
355 410
480 318
373 721
497 291
437 720
204 443
488 872
147 209
75 95
477 26
211 662
128 42
219 404
387 151
48 301
300 85
466 942
457 184
162 778
394 15
258 694
459 314
338 893
244 125
380 590
318 16
365 922
414 467
67 203
313 283
142 352
392 71
60 506
254 420
179 342
443 112
104 511
74 5
184 909
105 291
389 882
404 340
183 414
494 203
32 483
379 154
127 988
449 425
411 455
220 346
71 397
180 0
163 422
174 377
327 790
254 358
239 499
222 490
400 859
360 128
10 254
164 202
460 544
342 314
403 870
385 483
55 130
317 486
197 273
63 374
71 365
305 36
141 710
30 451
354 539
32 294
418 436
323 94
31 631
265 38
460 718
66 458
433 667
234 137
259 386
9 84
95 381
468 216
224 767
294 468
42 390
31 265
359 800
123 390
141 493
425 339
464 677
182 418
126 375
28 396
151 165
88 280
375 754
319 205
230 481
366 325
478 544
53 307
104 764
204 487
461 502
447 454
147 165
399 259
318 484
345 129
11 466
475 295
138 652
273 411
264 353
255 290
288 413
499 256
10 573
463 176
146 437
315 277
161 746
222 401
338 979
473 71
22 477
66 85
466 630
353 84
419 692
458 122
243 668
292 385
110 346
82 403
57 200
103 289
384 952
115 107
364 597
332 270
69 149
37 206
293 668
364 396
37 484
18 45
284 346
233 384
393 761
336 44
422 965
176 483
42 221
168 202
92 920
183 179
448 999
223 75
156 451
446 229
379 921
328 432
385 805
22 401
483 947
261 209
292 380
101 378
496 766
462 159
157 525
325 431
304 304
205 110
427 653
67 380
129 211
442 58
309 859
385 451
459 954
137 256
117 226
14 114
236 452
34 252
274 488
427 349
458 863
458 405
266 333
466 254
38 330
31 321
373 664
257 140
54 440
180 487
353 633
410 186
270 829
15 205
394 461
176 130
422 788
5 57
351 563
444 359
86 367
30 37
334 865
268 212
87 495
312 199
411 974
439 48
138 641
11 62
426 493
393 421
178 220
240 401
67 349
232 75
296 848
487 217
308 668
228 343
275 347
1 213
122 414
136 467
4 452
58 69
444 907
31 36
253 617
191 394
31 250
85 45
352 671
119 467
94 495
146 153
391 986
311 262
416 678
101 378
218 344
470 296
467 764
2 372
300 347
328 302
325 936
160 335
108 867
230 412
418 849
329 485
288 726
381 328
384 476
65 414
139 382
175 481
135 228
124 39
41 235
26 155
45 205
154 190
188 435
491 304
306 812
456 80
364 882
326 397
81 465
107 492
135 439
106 252
423 469
318 464
429 453
207 351
156 392
253 289
392 891
46 455
268 968
309 335
265 585
276 370
362 455
320 219
403 542
50 298
125 439
150 272
264 489
379 11
357 875
199 474
421 621
261 477
124 929
454 22
300 838
242 82
169 508
182 261
201 231
315 94
284 527
25 158
272 486
63 143
469 662
0 287
240 256
181 16
385 747
356 453
70 405
163 404
43 396
135 83
455 537
67 363
261 479
146 21
332 850
106 292
358 367
38 205
329 998
64 76
42 69
36 314
361 397
302 24
333 992
367 189
478 897
84 421
465 496
126 92
134 670
334 382
413 823
474 253
3 584
333 32
305 627
292 379
28 456
9 457
225 479
464 432
442 494
437 111
136 995
54 222
151 336
210 112
140 356
410 153
235 593
168 187
223 591
49 6
320 834
25 23
163 416
363 188
233 583
379 73
168 792
446 277
371 854
330 352
347 638
497 398
63 539
98 298
151 206
232 282
48 176
326 112
264 626
213 310
302 873
199 471
72 338
476 373
250 425
231 279
177 383
350 386
429 816
77 150
341 449
168 275
124 227
291 209
225 738
41 149
383 391
358 14
59 535
165 482
290 385
82 163
303 456
433 366
24 357
171 399
480 903
275 341
373 431
369 19
263 750
394 399
209 241
391 65
299 838
34 485
282 510
17 289
140 389
246 55
14 476
485 283
499 838
0 300
485 961
427 151
0 622
100 118
261 967
485 183
358 878
452 444
190 378
117 23
315 656
455 27
338 980
424 128
305 830
182 94
233 751
232 267
152 446
17 156
200 845
435 312
170 294
377 232
67 436
251 238
133 154
51 203
164 246
353 88
138 613
408 201
479 921
204 372
478 951
98 430
393 446
211 105
41 317
205 271
486 916
168 374
61 298
371 389
493 568
19 311
7 476
272 482
189 870
165 144
295 474
227 12
357 607
393 294
86 420
421 44
225 632
497 177
324 701
81 383
416 735
487 469
152 412
252 10
230 923
92 345
458 675
344 456
431 630
183 491
116 323
2
4
6
8
10
12
14
16
18
20
22
24
26
28
30
32
34
36
38
40
42
44
46
48
50
52
54
56
58
60
62
64
66
68
70
72
74
76
78
80
82
84
86
88
90
92
94
96
98
100
102
104
106
108
110
112
114
116
118
120
122
124
126
128
130
132
134
136
138
140
142
144
146
148
150
152
154
156
158
160
162
164
166
168
170
172
174
176
178
180
182
184
186
188
190
192
194
196
198
200
202
204
206
208
210
212
214
216
218
220
222
224
226
228
230
232
234
236
238
240
242
244
246
248
250
252
254
256
258
260
262
264
266
268
270
272
274
276
278
280
282
284
286
288
290
292
294
296
298
300
302
304
306
308
310
312
314
316
318
320
322
324
326
328
330
332
334
336
338
340
342
344
346
348
350
352
354
356
358
360
362
364
366
368
370
372
374
376
378
380
382
384
386
388
390
392
394
396
398
400
402
404
406
408
410
412
414
416
418
420
422
424
426
428
430
432
434
436
438
440
442
444
446
448
450
452
454
456
458
460
462
464
466
468
470
472
474
476
478
480
482
484
486
488
490
492
494
496
498
500
502
504
506
508
510
512
514
516
518
520
522
524
526
528
530
532
534
536
538
540
542
544
546
548
550
552
554
556
558
560
562
564
566
568
570
572
574
576
578
580
582
584
586
588
590
592
594
596
598
600
602
604
606
608
610
612
614
616
618
620
622
624
626
628
630
632
634
636
638
640
642
644
646
648
650
652
654
656
658
660
662
664
666
668
670
672
674
676
678
680
682
684
686
688
690
692
694
696
698
700
702
704
706
708
710
712
714
716
718
720
722
724
726
728
730
732
734
736
738
740
742
744
746
748
750
752
754
756
758
760
762
764
766
768
770
772
774
776
778
780
782
784
786
788
790
792
794
796
798
800
802
804
806
808
810
812
814
816
818
820
822
824
826
828
830
832
834
836
838
840
842
844
846
848
850
852
854
856
858
860
862
864
866
868
870
872
874
876
878
880
882
884
886
888
890
892
894
896
898
900
902
904
906
908
910
912
914
916
918
920
922
924
926
928
930
932
934
936
938
940
942
944
946
948
950
952
954
956
958
960
962
964
966
968
970
972
974
976
978
980
982
984
986
988
990
992
994
996
998
1000
