1000 50
22 82
70 148
40 141
89 147
24 137
80 131
75 150
25 84
42 75
99 142
94 75
80 145
96 132
49 146
9 75
25 149
5 145
23 99
85 103
62 114
31 138
33 91
81 82
6 107
35 111
44 128
40 106
10 133
42 91
60 100
38 108
80 97
58 90
24 119
25 111
4 121
56 144
22 109
26 97
18 116
57 89
3 129
88 89
23 131
65 88
75 98
96 88
89 84
34 107
88 114
99 113
44 117
36 112
15 78
75 116
58 135
52 76
6 118
58 146
69 123
13 132
12 111
55 140
44 147
30 85
57 134
43 108
77 120
0 133
83 130
98 144
52 119
16 117
6 119
22 121
3 105
26 76
70 101
82 123
75 138
75 109
22 113
88 141
33 107
25 123
8 131
83 139
73 96
29 118
26 127
57 89
42 125
94 106
84 120
14 150
72 104
62 112
36 130
51 139
67 95
13 81
42 125
94 80
16 125
40 138
97 127
45 97
3 97
49 145
49 142
91 80
6 87
30 138
50 127
68 127
58 107
58 129
24 95
6 142
96 124
68 123
66 143
2 127
72 138
73 117
9 129
82 93
92 135
7 103
32 133
0 133
52 133
15 115
24 95
78 82
94 95
8 107
7 137
15 84
18 77
83 150
14 130
27 127
25 102
95 110
80 85
83 97
7 139
61 139
54 143
85 139
36 94
87 136
74 75
79 141
4 133
72 146
91 128
0 148
95 100
37 103
16 143
10 115
72 127
52 97
6 127
77 107
30 122
45 86
31 116
31 78
2 98
39 134
7 102
21 78
18 148
23 111
49 82
7 83
3 130
93 114
61 96
24 107
66 134
23 137
18 113
49 123
0 100
17 97
62 141
8 88
40 121
88 84
7 91
88 132
96 90
97 137
9 134
27 99
24 98
8 138
86 78
0 82
62 114
92 88
82 91
64 115
22 114
19 147
22 84
35 93
65 145
7 93
9 130
59 79
83 144
18 92
14 95
18 141
16 76
41 100
43 144
80 106
66 140
39 150
21 98
43 133
44 76
63 84
68 148
79 76
42 110
93 124
37 110
69 131
19 87
81 125
19 136
48 119
57 87
60 101
87 102
13 123
29 119
74 114
2 139
100 107
92 107
4 145
42 82
25 81
91 103
73 139
4 110
96 75
4 129
56 138
51 131
21 105
24 109
36 105
57 106
27 149
29 136
93 150
44 140
28 100
77 139
59 126
48 113
12 96
30 116
51 80
77 77
43 76
87 135
21 101
25 130
52 128
12 77
40 93
66 132
8 86
66 124
2 92
19 126
10 148
36 112
38 123
52 120
57 147
24 142
53 149
4 81
68 122
54 121
49 142
28 79
23 150
35 112
35 148
89 119
23 75
38 102
22 140
24 143
30 132
57 105
95 136
91 116
42 142
24 76
66 119
42 124
14 147
19 107
3 146
73 141
4 85
52 75
18 91
3 96
86 105
99 121
27 138
9 137
19 127
40 86
53 81
63 120
56 100
81 150
86 132
50 149
53 81
5 83
25 94
9 138
23 141
86 139
69 145
55 130
97 149
74 127
90 130
29 140
90 108
78 91
9 130
16 107
6 130
91 109
84 92
72 105
25 78
1 116
43 113
55 123
89 142
7 130
81 117
87 148
71 79
11 116
72 128
19 93
10 122
56 122
37 107
35 122
44 97
13 136
72 148
3 87
49 116
92 139
73 75
47 81
2 131
79 91
15 146
96 149
16 92
34 115
0 116
9 143
10 145
70 127
57 123
31 144
59 119
82 126
62 122
48 79
69 105
37 126
71 109
44 128
62 135
40 131
61 138
30 138
67 98
96 135
25 113
44 115
66 129
13 108
97 77
8 122
7 94
55 103
35 137
53 98
54 127
5 94
48 107
69 123
70 140
13 92
78 92
85 118
29 149
78 115
9 122
51 84
46 82
30 115
85 86
36 126
79 120
2 123
66 105
26 125
0 98
21 101
71 121
24 114
73 126
98 143
39 105
2 113
21 137
7 95
13 102
71 130
92 85
70 119
55 133
6 147
42 130
47 111
73 121
74 130
41 104
66 84
17 99
64 84
82 108
21 136
60 97
42 92
4 126
79 118
99 108
55 99
71 83
26 90
48 129
87 128
20 77
27 121
50 119
58 90
31 81
30 99
18 89
31 142
3 117
11 130
80 103
20 125
1 78
6 132
85 104
42 148
31 95
7 81
47 147
6 90
3 119
83 123
79 122
84 123
61 142
27 134
72 119
97 92
5 94
21 147
67 100
98 122
60 128
58 108
39 88
0 76
17 76
30 136
37 112
13 120
25 79
76 90
94 148
92 140
47 113
78 102
62 131
93 120
32 113
49 84
31 75
36 141
69 131
73 82
59 108
54 79
8 135
27 145
5 110
32 98
50 139
89 84
26 141
51 135
60 143
99 109
50 115
70 103
58 125
37 122
84 109
53 117
1 77
24 126
17 133
18 146
54 122
65 76
31 146
16 107
55 96
73 79
8 75
45 134
53 149
64 100
2 86
45 133
14 140
23 119
58 143
98 127
38 80
28 122
11 133
92 108
100 126
0 101
69 99
19 85
14 123
80 145
37 75
54 150
89 145
96 148
16 118
17 131
8 91
26 86
55 100
69 138
64 136
16 85
88 93
40 124
69 129
3 140
52 134
25 78
37 137
6 112
6 141
66 148
82 98
91 75
29 85
26 123
48 88
7 131
3 76
10 131
9 129
74 115
87 101
52 146
42 132
0 106
65 133
13 78
78 78
24 138
97 101
4 127
63 87
55 82
100 103
63 81
90 90
13 80
49 92
76 83
77 83
1 89
88 100
47 135
53 75
26 111
58 93
20 113
100 149
75 101
27 105
67 136
11 106
7 83
68 86
77 138
83 118
9 146
41 112
20 82
17 90
72 92
46 85
85 114
43 146
28 142
93 120
55 97
39 96
27 108
97 145
34 127
85 101
54 145
56 101
62 122
39 147
98 122
7 105
4 88
54 77
51 108
63 139
72 82
19 80
65 75
33 84
52 149
47 125
12 83
12 132
11 77
14 99
95 116
32 105
95 94
99 116
50 116
17 96
34 97
81 115
73 148
93 80
33 133
37 114
59 114
29 127
71 149
30 149
65 144
30 85
17 142
91 129
11 128
59 106
43 110
1 120
22 111
25 145
41 121
1 90
94 143
11 99
29 130
78 115
76 115
98 127
80 136
66 115
85 94
85 140
60 126
32 122
91 119
50 120
78 79
15 91
42 94
89 149
18 91
52 110
87 94
77 107
97 114
45 109
63 127
16 76
13 138
32 78
31 79
44 93
33 129
92 149
9 107
55 93
48 91
3 97
50 96
33 91
45 77
83 76
10 88
38 76
48 141
15 132
95 87
42 108
88 97
69 110
28 111
98 94
65 78
78 83
2 124
16 133
38 108
79 82
2 141
92 143
53 112
67 131
5 149
17 128
18 119
27 100
30 92
51 78
87 100
46 138
22 117
84 85
73 130
66 144
2 95
34 110
28 85
52 109
76 137
99 115
56 96
54 131
76 128
46 136
97 107
75 76
38 114
3 140
60 121
58 127
86 120
15 77
82 96
78 124
98 92
59 120
77 143
68 150
0 130
83 75
47 93
75 110
99 121
3 79
55 127
38 120
82 130
16 139
95 102
100 95
19 98
74 98
53 115
47 97
62 85
71 149
94 88
52 92
46 120
24 103
65 137
89 109
99 148
41 86
54 75
5 95
32 76
41 98
44 136
14 86
79 89
81 141
79 86
57 148
39 123
33 100
51 81
33 82
95 602
42 89
81 127
24 103
70 140
26 111
64 108
9 147
41 110
55 109
48 111
99 91
23 114
39 132
83 127
40 146
12 130
15 147
19 89
88 136
23 147
69 106
97 75
77 81
18 98
91 114
33 148
12 100
6 97
53 132
42 103
52 105
62 125
16 137
80 128
68 90
67 119
72 114
72 86
37 124
69 118
75 141
55 146
55 90
8 129
53 97
64 99
15 96
69 136
76 91
47 150
7 80
80 114
73 79
70 118
100 144
1 130
2 138
17 110
87 132
16 114
6 114
94 101
76 77
36 113
60 124
71 117
22 75
41 147
24 89
95 81
0 103
55 104
24 109
89 93
10 129
24 126
21 81
17 149
2 123
91 632
10 99
76 86
9 124
58 136
54 85
62 130
55 102
36 138
60 99
53 149
88 131
3 84
66 87
86 122
36 92
4 121
7 86
6 81
92 95
87 141
53 98
97 99
62 86
7 137
56 106
59 78
32 99
47 111
63 80
37 81
62 124
12 92
23 104
11 104
72 145
70 103
79 85
8 136
36 124
54 106
69 149
14 82
33 113
75 150
65 84
35 144
12 114
42 116
97 85
44 113
57 147
89 136
67 142
40 128
60 118
7 117
10 133
94 147
98 141
76 98
95 86
79 100
94 125
80 130
91 105
78 105
66 80
21 148
43 94
75 104
80 137
51 97
64 102
25 91
43 117
52 136
85 94
42 94
82 76
77 110
20
40
60
80
100
120
140
160
180
200
220
240
260
280
300
320
340
360
380
400
420
440
460
480
500
520
540
560
580
600
620
640
660
680
700
720
740
760
780
800
820
840
860
880
900
920
940
960
980
1000
