1000 10
95 111
65 112
1 106
18 98
35 101
94 96
40 85
68 84
62 133
49 93
1 113
61 134
100 145
16 128
85 91
37 100
23 90
75 131
31 89
49 84
11 148
64 82
68 83
59 129
93 115
42 80
43 146
65 76
23 81
61 127
25 149
100 135
19 85
14 125
38 79
77 114
4 97
62 122
33 148
97 147
7 88
96 90
69 148
39 146
65 87
91 116
86 143
36 108
82 130
12 88
99 150
84 138
39 91
99 148
64 130
73 96
75 136
59 132
49 113
73 99
26 149
93 135
10 75
0 134
59 123
41 123
29 117
60 81
42 97
15 137
73 94
57 84
4 134
12 112
97 147
12 93
29 131
53 118
71 78
48 117
95 90
77 132
54 99
48 96
9 125
57 100
35 92
64 76
83 136
52 75
67 88
12 108
55 95
29 128
30 133
70 85
26 76
93 101
5 149
29 96
32 79
91 81
34 91
100 145
78 89
70 128
55 149
74 90
48 133
33 126
11 137
45 125
74 128
17 117
1 129
70 116
8 76
53 95
17 114
68 106
21 100
66 146
9 83
38 138
69 104
99 90
96 130
96 88
95 106
5 112
21 119
65 149
65 129
2 108
48 113
52 122
34 80
92 129
40 101
83 135
65 122
67 146
15 135
38 86
60 80
3 101
37 80
34 76
60 95
11 137
56 85
83 115
100 127
50 137
44 101
57 112
82 126
30 90
95 96
21 119
11 86
4 120
40 102
48 92
57 141
72 144
62 83
29 100
45 76
66 90
36 120
14 130
16 100
93 106
95 147
49 104
13 145
86 118
44 116
78 136
24 102
92 129
2 87
42 131
96 148
41 90
18 145
32 110
6 139
81 123
1 106
92 143
2 95
61 98
30 84
73 131
52 111
47 126
20 112
73 129
26 117
33 138
19 79
95 91
77 102
91 86
75 82
99 98
0 83
94 118
36 92
12 75
14 101
95 123
79 132
7 81
51 94
12 86
27 108
2 150
97 88
49 127
12 116
58 134
1 89
85 97
21 91
51 110
19 150
90 132
66 123
72 149
97 120
29 126
78 120
73 140
95 101
71 107
74 111
30 86
70 138
12 116
78 130
89 92
48 98
20 135
89 138
13 115
32 94
65 143
97 93
59 144
6 138
20 138
5 147
43 132
17 79
29 141
76 148
19 92
6 95
70 129
40 129
43 150
23 136
43 150
100 149
75 84
46 82
16 111
25 122
64 139
74 76
75 148
79 122
100 142
98 128
81 108
50 97
64 117
9 113
25 76
9 137
92 148
83 87
57 84
4 106
100 81
86 108
37 130
66 114
25 97
95 101
22 131
72 132
68 126
41 142
27 147
41 80
3 77
77 79
51 109
22 81
6 136
6 148
61 88
14 79
99 137
14 99
21 119
49 128
2 86
66 86
76 91
51 124
7 141
70 109
32 95
16 86
11 136
23 116
13 122
45 107
78 94
69 118
56 141
14 79
43 123
42 149
28 144
79 108
34 130
98 120
46 106
31 146
33 138
11 85
62 136
95 88
85 76
62 100
33 105
18 131
52 81
25 105
90 111
73 87
97 108
79 82
32 105
48 123
59 114
9 126
33 97
5 117
53 134
68 140
49 80
64 143
57 122
25 83
87 123
28 118
44 138
31 120
62 91
61 81
12 97
72 134
13 132
24 148
20 120
34 83
76 146
7 101
41 98
48 136
16 92
7 80
27 135
51 84
34 135
8 134
7 80
99 81
20 116
4 132
24 79
51 136
83 75
74 134
93 137
30 126
41 150
61 143
15 138
16 101
71 117
47 138
27 96
53 96
0 87
39 143
16 132
62 87
24 138
2 134
11 127
83 126
79 129
84 115
28 129
0 128
36 129
100 112
84 90
79 119
56 120
99 110
45 132
42 102
77 79
66 149
8 137
48 119
19 82
18 82
20 83
78 94
28 140
79 148
94 84
64 105
86 140
96 97
99 91
15 96
53 122
73 81
24 99
4 116
10 119
44 138
4 79
72 104
7 142
40 146
82 95
35 137
20 124
34 124
42 144
78 141
30 141
19 77
73 110
78 117
49 75
5 128
55 91
83 127
63 138
42 89
71 133
96 81
63 99
89 111
18 78
27 138
51 132
16 97
18 93
94 110
76 142
32 120
31 137
17 95
81 134
65 129
57 96
59 83
46 116
14 147
50 141
12 133
69 103
6 96
6 82
93 116
24 98
33 90
93 117
36 111
62 150
46 138
88 138
69 75
22 109
85 130
46 123
5 105
50 138
91 77
19 119
85 126
88 140
28 91
18 97
96 121
0 118
0 123
87 112
26 139
75 138
86 141
35 101
18 107
43 116
91 76
1 116
71 132
32 137
30 135
24 85
29 131
26 119
41 144
52 115
89 88
54 103
47 131
45 122
73 97
50 102
84 114
62 105
90 147
1 83
31 77
26 131
94 103
80 129
84 75
100 85
92 116
43 150
0 122
71 93
29 79
16 132
29 122
61 134
68 80
67 95
43 150
39 145
19 102
37 146
42 129
59 120
16 89
82 144
75 94
26 121
44 135
99 144
32 133
55 121
5 77
4 99
5 140
14 123
89 77
97 98
98 119
6 140
51 134
61 138
17 142
7 130
56 118
41 78
7 93
13 128
63 106
100 75
22 122
51 140
90 148
62 78
58 99
84 109
61 99
49 98
47 130
30 81
90 127
25 143
52 100
17 89
5 86
89 131
83 109
21 132
33 105
22 116
81 101
51 115
8 85
74 85
56 148
2 136
54 106
49 139
99 113
95 119
72 94
35 132
38 145
0 110
19 132
43 119
68 148
27 136
10 98
42 83
97 111
80 137
38 137
85 110
43 124
51 80
23 84
8 119
68 117
6 84
31 138
86 125
59 84
78 143
89 144
48 91
26 109
63 84
44 135
37 85
98 107
71 137
40 83
31 115
76 134
33 140
54 86
2 124
0 142
83 92
41 97
38 111
37 119
91 105
6 129
73 111
14 141
18 129
55 116
47 120
82 88
100 95
32 97
20 118
5 99
39 94
27 76
73 125
57 83
77 76
70 86
58 77
83 104
47 97
48 79
26 136
19 142
40 149
87 135
49 145
38 86
68 86
10 96
87 75
26 118
90 147
17 111
40 82
72 101
98 148
10 123
7 82
27 132
23 106
67 150
70 118
24 75
98 78
28 146
71 97
72 142
63 85
78 125
69 77
51 96
64 106
77 129
40 147
91 136
42 121
20 89
40 110
64 129
70 127
39 79
48 75
63 101
49 106
60 135
44 117
56 128
50 92
57 75
56 89
96 144
65 124
72 79
55 76
45 97
97 83
72 125
12 93
46 139
81 135
5 117
95 142
6 112
28 94
96 117
72 138
60 123
43 101
2 127
86 105
83 143
39 139
4 148
22 111
37 90
9 136
25 127
29 78
82 138
87 131
55 138
6 89
79 133
23 114
97 81
55 75
23 131
60 132
37 94
90 111
44 93
18 97
63 78
29 111
22 137
41 79
39 98
51 140
19 88
22 88
19 118
41 148
54 90
17 92
77 96
1 133
80 118
91 128
99 107
84 124
22 116
90 121
100 103
16 95
50 139
49 142
13 106
86 103
93 121
99 138
48 130
65 134
69 143
62 137
39 124
90 103
96 84
80 145
73 135
13 90
87 101
21 134
44 116
79 78
20 130
40 75
19 116
82 138
15 121
24 132
57 117
30 101
77 78
81 90
80 137
5 114
25 100
29 90
40 93
2 116
53 142
63 80
36 82
99 138
60 89
17 101
51 80
75 126
59 106
32 123
5 129
32 109
77 86
82 102
27 100
5 112
68 96
41 120
87 147
80 142
17 139
91 148
36 146
19 78
66 140
8 114
19 140
41 149
29 79
94 120
100 120
23 79
93 86
67 138
82 102
35 139
71 129
20 114
78 77
99 89
6 141
83 140
31 95
74 146
45 117
94 122
76 92
21 79
100 98
39 86
73 108
44 141
79 139
68 101
53 149
35 125
87 96
19 131
83 148
79 121
85 118
72 145
34 142
10 88
21 78
50 115
73 108
5 107
80 89
21 112
2 107
62 100
97 147
19 116
82 76
88 149
15 100
14 119
12 90
8 82
85 82
64 90
51 90
23 135
23 150
20 104
87 119
4 138
6 91
54 122
30 150
42 125
10 95
73 93
29 134
37 133
17 116
65 104
89 127
29 139
12 147
28 102
7 83
79 77
38 98
7 145
83 84
52 92
88 123
19 141
71 102
70 140
9 150
90 135
50 97
93 82
84 91
22 119
15 81
91 112
66 125
11 108
13 112
75 117
46 89
100 145
93 94
48 146
49 129
12 93
80 78
67 101
30 108
87 137
78 128
46 129
79 121
28 135
42 82
100 150
19 148
53 149
33 146
100 95
81 101
75 146
34 111
66 142
36 122
99 81
0 89
5 148
3 120
64 97
26 95
33 81
79 107
66 130
47 105
27 90
47 115
33 84
4 132
64 99
47 145
30 101
23 89
17 84
19 130
75 91
100
200
300
400
500
600
700
800
900
1000
