1000 1
14 122
5 121
18 107
100 97
29 91
52 134
84 139
81 97
3 128
61 104
0 95
58 94
86 122
17 115
79 134
97 76
96 85
92 137
76 94
34 145
88 79
43 88
80 121
62 84
83 134
39 85
93 146
78 77
89 128
86 142
82 95
70 111
46 75
23 146
25 91
23 138
31 129
11 149
34 145
75 144
36 77
63 82
60 123
89 133
15 139
5 149
88 113
81 137
16 143
38 93
79 80
51 112
28 121
27 146
8 135
56 87
17 126
34 75
23 125
5 134
81 76
7 123
62 130
29 116
6 150
92 147
47 149
95 112
51 88
2 84
65 135
78 84
96 127
52 149
82 82
79 99
17 82
31 117
1 136
93 122
100 133
47 102
13 107
16 80
24 117
68 81
54 88
26 147
48 137
81 82
58 106
41 107
8 138
5 78
90 100
87 127
16 83
71 102
96 78
33 148
0 132
69 134
26 133
45 109
84 92
29 91
83 127
75 109
27 112
90 142
11 128
64 141
65 140
22 132
71 129
74 143
95 150
35 135
48 146
44 80
44 92
94 103
27 122
49 78
37 137
74 121
65 98
65 80
61 124
29 123
54 100
33 122
18 93
100 92
47 127
59 136
73 109
2 109
46 114
96 150
87 87
49 135
63 133
28 122
4 140
21 137
68 92
41 134
81 133
28 145
24 113
19 132
7 142
6 142
81 144
20 99
65 90
96 97
94 100
14 90
14 75
74 85
69 106
74 133
71 92
17 91
83 88
50 134
6 76
93 120
45 131
17 117
67 121
72 106
64 82
9 103
8 114
84 126
84 105
30 119
35 88
66 87
74 89
38 134
71 148
73 88
87 112
56 120
58 87
42 109
22 126
57 132
0 88
3 81
78 149
28 82
34 141
53 127
63 110
45 125
43 122
34 91
39 91
53 125
36 108
24 137
4 113
30 135
30 105
52 90
86 103
86 108
78 148
66 139
67 98
81 75
95 78
84 97
66 123
33 124
82 119
17 117
50 86
12 111
79 120
20 131
23 118
9 121
77 79
7 138
12 114
55 127
94 144
20 96
72 84
61 75
67 107
31 145
79 123
18 81
85 120
4 144
33 100
80 79
98 87
76 90
51 120
95 100
19 114
48 110
88 100
31 108
96 90
79 110
61 140
92 120
33 104
86 133
81 77
6 132
41 117
66 148
1 106
49 150
34 79
98 126
63 138
50 111
18 130
6 93
48 111
4 145
39 150
98 139
14 119
56 121
53 124
65 98
14 137
12 87
74 92
78 95
70 84
46 144
31 79
84 81
35 121
43 117
58 75
100 144
72 136
81 136
42 143
61 139
88 112
13 125
4 140
60 104
12 148
19 127
34 141
71 105
72 112
83 124
53 111
91 148
31 111
29 84
91 77
46 91
6 81
92 140
68 136
39 123
47 88
67 79
73 150
57 99
72 137
46 113
53 103
52 130
70 84
42 91
77 92
5 125
4 80
2 83
35 134
57 104
49 82
13 98
95 75
20 80
98 108
41 147
27 116
31 79
52 78
77 144
25 94
49 121
40 146
95 106
49 104
53 93
74 143
7 106
13 125
89 148
73 110
76 141
22 134
19 85
24 83
26 77
71 145
5 91
6 97
49 95
79 112
62 120
16 137
79 121
63 137
41 78
69 86
79 108
46 122
37 81
44 85
33 123
8 134
27 103
74 111
42 136
28 122
34 108
86 99
93 119
29 120
30 131
68 101
44 139
46 90
88 115
63 143
60 79
25 90
64 94
39 78
18 141
4 139
13 145
52 86
66 84
4 80
21 115
5 137
60 134
99 138
48 126
75 88
34 76
6 136
1 125
50 145
45 123
65 134
72 110
100 143
3 101
27 137
17 114
41 126
89 124
53 120
62 111
58 132
19 130
25 144
22 115
94 101
54 124
83 90
14 144
11 146
20 143
75 106
88 144
21 146
67 138
82 81
99 109
51 131
71 146
9 81
61 83
9 129
98 139
55 131
65 76
100 110
5 83
3 83
99 107
25 94
14 97
25 106
74 135
4 111
14 112
98 147
5 118
88 135
33 79
78 96
46 112
79 111
8 147
45 112
93 77
46 131
57 146
8 130
60 121
55 135
3 129
50 130
20 145
28 122
11 117
55 119
20 149
99 95
55 82
75 150
89 75
97 85
66 95
37 88
100 84
56 86
74 75
51 78
43 106
11 96
24 117
92 93
4 92
7 118
30 143
84 120
82 120
99 96
0 124
67 96
35 146
88 88
96 111
44 93
44 111
90 139
1 146
43 87
50 130
50 116
75 130
1 132
65 148
46 108
97 108
52 103
59 140
71 137
5 78
71 138
95 136
69 136
67 130
79 130
10 91
93 76
83 113
91 77
12 75
72 141
2 88
7 134
51 101
0 118
53 108
85 132
59 90
52 80
82 133
4 82
97 86
8 88
47 76
6 111
59 88
84 128
84 142
92 97
43 109
88 83
27 125
18 137
90 87
88 97
40 101
72 99
50 138
36 108
29 93
81 131
75 80
68 81
49 119
63 124
79 121
97 102
86 149
99 134
58 85
75 121
23 119
99 94
63 136
6 99
11 149
44 90
46 138
67 82
90 85
24 108
74 114
78 97
18 147
92 90
97 96
35 90
42 82
89 87
86 121
97 132
95 93
75 90
81 123
49 140
77 80
82 144
67 89
43 79
35 131
36 95
94 119
89 97
39 149
52 96
19 93
60 103
67 79
12 144
87 109
15 102
11 142
94 123
39 146
43 84
63 122
43 107
97 76
60 112
98 92
23 119
10 149
6 111
19 77
42 147
11 135
79 135
60 107
3 107
80 123
2 75
57 75
51 131
59 113
84 122
9 111
29 88
70 75
59 121
38 112
78 118
73 90
34 125
76 133
3 103
12 83
63 130
50 120
19 150
10 141
5 80
39 105
51 111
31 76
49 119
96 83
61 97
3 116
18 110
80 117
82 80
79 140
31 116
84 89
45 130
1 120
34 91
87 82
21 89
55 106
61 94
26 108
20 138
77 79
1 146
1 146
24 130
91 141
88 98
71 87
25 128
12 128
88 93
48 117
46 148
13 113
38 96
97 123
15 87
32 146
5 107
53 122
44 97
40 131
98 127
42 116
45 90
30 106
18 122
89 87
25 101
3 119
35 77
45 129
75 121
31 150
37 141
51 87
90 124
81 132
68 149
47 89
81 133
66 134
23 108
86 137
32 132
85 129
90 137
76 101
51 124
64 138
1 87
56 90
51 114
95 87
35 135
7 118
98 108
11 80
0 122
13 123
94 100
3 112
31 87
68 107
89 132
65 93
54 135
13 81
3 144
1 85
27 83
100 86
58 127
93 123
0 84
96 112
42 96
12 149
82 145
18 97
59 93
100 108
51 143
69 110
67 77
42 137
29 133
96 89
27 148
5 108
33 98
47 117
86 97
5 130
38 110
25 115
78 131
27 136
66 139
81 112
28 150
36 143
63 92
99 121
2 138
72 81
44 80
62 102
64 101
40 76
66 113
78 89
58 100
60 100
56 149
17 146
22 83
65 92
1 113
92 94
81 129
83 107
67 76
23 134
4 129
21 121
39 89
30 145
9 102
77 93
58 122
2 135
72 98
41 109
31 92
84 83
41 91
47 132
10 134
83 116
81 113
21 117
34 148
49 106
95 93
72 84
97 76
88 113
92 128
87 105
77 110
78 110
32 138
22 90
86 108
2 118
85 107
64 136
72 146
82 86
89 105
38 133
20 141
63 143
2 106
70 84
80 77
44 114
75 136
94 145
78 90
16 146
52 135
45 97
10 133
27 77
0 105
89 116
72 98
52 114
16 95
6 101
61 139
80 113
23 140
24 122
85 129
71 99
34 101
60 78
12 110
47 132
44 127
4 90
93 93
30 90
40 91
5 113
66 118
48 124
11 106
67 90
59 150
7 119
76 86
57 108
52 89
45 93
3 116
70 114
92 113
71 85
60 146
41 143
89 108
8 139
74 127
69 129
84 140
92 108
91 145
38 110
35 96
90 77
84 144
85 94
93 109
28 85
7 148
63 150
81 130
30 92
2 102
96 105
47 139
62 86
49 109
41 99
63 146
54 132
93 129
68 115
70 88
22 136
77 121
58 147
3 75
91 124
94 125
50 116
49 106
46 121
92 138
70 140
64 108
93 106
20 80
41 80
78 138
5 93
36 120
54 84
3 150
82 120
51 138
59 139
78 123
29 99
9 120
64 122
31 86
31 95
2 129
75 118
44 119
78 78
29 82
38 93
62 140
97 133
99 88
66 124
29 122
65 125
57 95
61 123
28 128
24 114
96 137
61 124
64 145
36 127
20 118
13 134
70 118
58 115
53 88
79 121
57 89
46 149
70 77
83 86
54 114
57 101
83 143
80 92
24 109
95 119
91 79
46 141
42 121
4 139
80 80
41 78
60 87
52 108
64 149
10 135
3 108
95 125
38 136
98 83
68 90
1 98
26 102
21 109
58 79
3 90
94 129
46 100
24 123
46 127
1000
