1000 1
935 988
935 977
952 954
941 914
951 997
938 924
934 975
948 944
941 922
936 990
940 926
940 940
937 985
959 972
948 943
950 937
935 953
933 973
947 932
930 911
935 1000
931 932
959 972
950 975
940 967
954 970
946 965
937 982
942 913
950 978
949 950
950 979
945 912
933 990
953 942
947 910
940 961
954 981
946 922
956 964
949 990
954 942
956 985
956 967
946 968
945 994
955 910
955 988
938 974
941 946
960 968
935 962
949 936
960 930
943 912
933 982
948 950
945 939
944 968
944 911
952 949
959 915
932 988
933 939
958 920
933 934
937 952
945 954
934 934
933 921
944 952
954 957
957 977
960 948
953 936
953 997
953 992
944 918
931 929
959 924
954 962
947 924
950 943
956 959
942 912
960 961
937 952
936 934
944 980
946 916
934 915
942 912
950 956
946 955
947 933
951 911
957 959
953 950
957 985
943 923
941 1000
958 948
954 973
948 980
953 985
946 917
959 926
950 915
940 960
948 984
955 934
938 948
959 973
949 949
939 911
937 924
956 928
945 917
946 931
931 963
956 966
934 998
956 965
945 997
952 950
942 970
933 918
932 979
947 976
951 933
949 958
930 927
931 942
953 985
936 964
938 922
948 995
937 916
959 961
948 925
957 913
933 965
938 914
954 950
946 986
945 959
932 987
934 945
952 939
944 954
940 973
948 910
932 948
955 926
936 913
949 922
939 947
934 987
932 930
946 995
937 975
930 968
935 962
947 960
956 926
943 978
945 980
955 925
936 971
942 946
951 997
954 946
957 930
941 928
941 995
942 980
949 994
933 930
935 993
952 996
941 930
950 955
953 943
936 929
949 931
932 917
935 917
952 966
948 978
949 944
934 991
956 968
930 969
937 923
942 930
936 913
959 978
931 985
957 928
937 924
942 971
934 911
945 922
937 934
942 921
938 950
957 991
933 963
940 992
959 933
935 950
945 995
937 918
942 945
938 941
956 984
960 971
941 999
952 987
935 974
946 948
931 979
938 910
955 964
945 955
956 961
930 994
951 945
948 935
935 961
933 983
932 913
946 939
948 963
936 971
933 1000
933 918
931 976
930 926
948 941
930 982
935 927
947 964
950 934
959 945
955 974
937 958
960 959
950 989
955 932
939 946
932 920
934 936
956 937
942 966
940 917
944 954
930 1000
952 987
937 953
935 948
947 939
951 942
939 976
930 966
941 927
938 978
931 934
942 967
960 931
931 980
950 928
934 1000
952 993
947 937
960 1000
956 976
942 950
933 971
954 970
944 999
957 994
959 994
931 953
935 997
944 972
950 981
955 965
960 996
953 979
960 981
942 971
940 943
941 976
945 954
944 916
932 982
939 961
938 952
937 929
942 973
941 959
946 946
942 950
948 954
930 973
955 958
947 939
948 942
951 912
953 919
933 967
941 920
938 911
959 961
951 918
948 934
960 955
944 975
935 914
949 999
934 976
951 971
940 937
941 958
957 928
934 931
937 984
931 954
930 914
957 987
935 945
954 967
931 997
938 919
939 954
946 933
935 930
936 917
941 1000
943 995
931 972
932 964
931 932
937 986
933 919
943 984
953 934
957 950
958 977
952 932
947 925
953 986
954 912
952 911
955 944
931 942
950 996
937 967
939 979
943 926
943 970
960 960
930 986
956 973
950 958
932 958
937 983
944 926
933 978
934 933
949 931
955 999
942 988
930 983
938 934
956 971
935 946
937 946
938 927
952 952
946 953
943 992
959 996
957 978
956 964
948 949
956 920
944 938
960 967
946 946
946 920
940 931
953 1000
934 993
951 964
930 994
953 968
930 942
937 942
953 971
934 981
936 950
945 924
952 918
932 949
957 942
952 910
939 963
940 986
946 964
956 941
937 937
946 977
947 927
938 931
944 934
948 961
934 979
945 953
952 918
939 941
934 977
947 953
951 933
944 948
958 918
938 998
956 991
945 970
942 913
949 983
943 968
951 912
939 949
931 981
958 936
960 982
946 946
947 946
941 976
949 993
941 941
956 951
931 935
949 915
935 952
947 943
936 959
944 994
950 966
946 998
936 975
941 928
941 985
941 932
932 972
940 975
941 944
944 912
950 987
960 957
960 984
957 973
949 916
940 985
948 950
936 974
949 959
946 997
933 982
949 913
947 920
938 1000
948 948
940 922
938 931
949 949
931 927
946 947
931 976
936 957
945 920
944 939
954 987
942 963
958 982
949 963
938 943
948 950
953 918
930 929
953 984
958 997
960 944
941 918
934 959
938 925
958 989
952 920
948 921
939 912
934 931
934 913
941 954
953 963
950 997
941 910
944 997
960 989
942 949
958 923
955 911
933 953
939 978
933 932
940 964
950 945
937 980
955 990
936 994
952 953
935 929
947 914
952 935
943 965
936 919
960 988
940 920
941 961
954 974
949 957
939 958
952 949
942 988
939 911
934 920
936 944
948 923
951 922
931 979
953 929
949 943
951 931
956 928
957 997
942 931
934 958
948 942
935 917
953 997
952 968
939 920
935 973
954 951
932 975
931 974
936 962
940 913
952 963
938 995
946 983
956 911
948 946
946 979
957 921
950 928
952 934
954 986
959 992
950 927
942 980
943 980
930 985
931 972
936 913
950 957
939 977
954 948
948 943
934 946
957 986
958 973
933 982
946 986
959 958
940 990
958 911
942 927
957 918
930 931
931 916
934 933
951 977
938 986
947 952
958 919
947 931
954 983
945 971
942 946
934 916
955 967
946 985
958 925
951 963
955 997
953 912
951 935
946 930
932 994
932 952
955 926
940 954
951 957
957 950
948 916
930 934
944 953
945 974
937 939
937 949
935 918
939 995
938 913
960 979
953 987
960 942
938 955
931 941
957 972
938 925
947 979
935 917
954 948
932 935
954 931
954 991
934 937
953 963
934 963
958 911
950 917
930 989
944 917
942 977
936 979
932 962
946 977
954 953
949 943
943 910
949 959
943 939
951 919
939 934
934 948
933 923
952 913
945 1000
955 918
946 931
943 968
960 994
952 941
941 923
958 939
951 913
930 929
941 923
943 942
955 966
931 940
930 996
936 990
956 992
932 937
960 964
945 983
940 972
937 996
951 964
933 939
948 930
941 926
938 930
933 980
958 949
934 917
946 922
930 997
954 928
959 954
954 972
951 935
958 925
952 984
939 990
955 951
955 998
959 918
954 917
957 915
959 971
934 964
949 942
955 942
936 928
949 994
935 951
943 980
943 952
958 998
951 940
953 990
943 941
939 935
946 950
942 921
953 978
960 975
932 910
958 921
946 979
947 964
948 957
934 975
945 969
951 954
958 943
948 979
935 956
936 923
935 913
945 959
938 951
940 970
939 930
955 951
942 973
930 923
948 963
952 950
947 926
932 940
959 939
959 968
946 954
932 933
946 983
938 961
953 951
944 937
941 992
946 925
938 952
954 986
948 917
955 960
944 926
948 945
951 974
957 920
956 986
955 976
935 998
954 919
937 982
935 1000
945 994
959 973
946 967
941 939
939 956
951 919
934 948
951 915
959 922
955 913
948 918
958 967
946 963
944 932
937 956
953 938
936 978
951 935
944 912
957 987
945 930
947 936
943 928
943 962
957 986
945 994
948 967
937 936
953 979
932 949
933 994
960 941
956 913
948 921
955 913
952 936
957 962
944 979
955 944
956 912
958 910
957 928
949 941
955 943
933 929
959 984
949 941
948 991
943 956
931 947
947 917
953 938
943 989
953 996
958 962
931 986
933 918
938 943
939 917
950 992
938 983
930 979
947 936
960 951
958 970
943 987
959 975
935 947
931 967
960 956
942 917
932 913
940 979
942 968
934 988
950 990
952 997
957 911
955 967
959 919
933 950
946 938
951 946
933 1000
955 924
953 991
930 928
934 924
954 990
956 964
940 975
951 928
957 955
946 997
933 932
952 1000
956 960
957 910
958 918
958 912
941 923
939 932
943 958
947 924
953 913
932 932
946 996
954 966
938 975
952 916
960 992
937 922
956 914
959 995
951 933
956 984
941 991
954 940
939 996
935 966
945 927
942 918
955 980
955 958
956 969
943 958
947 996
947 940
958 967
933 977
932 959
952 942
948 934
947 978
950 967
945 963
933 962
935 978
949 951
932 950
942 972
947 962
948 953
942 935
953 954
956 940
944 972
933 957
948 956
930 950
948 943
945 933
940 992
948 917
941 977
959 970
949 943
958 997
938 985
938 987
947 925
945 969
932 935
957 916
946 993
958 913
948 998
957 936
935 935
932 924
939 971
959 921
959 920
949 985
935 913
948 952
947 916
940 956
957 978
945 993
939 1000
943 964
957 980
934 985
932 921
933 1000
939 916
938 975
941 932
942 957
958 983
955 924
941 960
939 920
947 958
933 948
932 994
930 959
958 981
933 978
939 939
954 950
947 925
949 916
933 984
951 916
954 914
938 921
941 972
960 989
948 961
941 978
939 970
935 974
952 980
939 980
931 952
935 915
949 981
934 928
954 968
946 919
946 947
944 954
955 992
939 963
957 921
955 960
959 961
940 930
934 973
1000
