1000 1
932 925
931 917
952 943
943 954
956 915
954 911
948 992
938 961
933 939
960 920
932 979
938 960
947 937
941 977
935 1000
949 927
941 925
933 943
949 937
949 974
949 917
945 924
941 917
947 995
942 968
936 988
931 952
955 968
953 977
936 953
947 951
937 943
948 976
950 942
931 996
937 991
955 931
959 962
942 997
959 911
935 991
940 967
955 941
938 963
952 957
930 949
947 940
958 996
940 980
958 985
949 913
943 980
959 930
950 945
960 937
940 933
945 978
931 922
956 925
944 937
959 933
942 923
935 994
957 927
954 970
937 985
935 931
959 918
942 991
937 955
944 981
958 925
932 937
938 938
937 935
946 934
950 913
939 947
938 984
947 940
938 975
946 927
945 949
959 997
947 911
946 998
954 944
930 932
948 993
935 950
958 966
930 954
951 943
932 987
940 972
942 957
951 923
938 976
959 965
940 962
958 975
949 968
943 917
940 974
949 966
935 974
941 973
954 936
935 974
946 992
935 988
957 913
931 968
950 954
937 918
950 946
959 920
950 970
942 986
944 974
932 918
939 1000
948 946
934 962
958 969
932 991
937 996
956 915
940 960
951 994
932 935
949 994
946 979
951 925
941 977
943 975
940 924
932 962
933 916
956 998
953 993
950 958
948 995
937 937
944 939
937 956
938 917
941 987
955 930
946 926
935 972
954 992
960 911
948 942
955 963
953 946
945 935
930 912
946 957
949 997
930 918
940 921
959 915
930 994
930 930
956 952
952 980
931 984
941 977
943 960
949 934
949 992
942 949
960 941
939 963
944 976
936 930
932 987
940 931
935 970
934 1000
955 928
955 933
937 920
932 943
953 968
949 994
958 922
932 992
938 995
942 956
931 962
959 978
955 913
959 911
935 965
931 923
947 971
933 921
949 926
951 921
937 920
946 987
955 955
958 976
949 919
946 999
932 922
931 920
934 915
943 967
938 965
951 923
957 917
943 982
958 981
938 972
947 917
947 945
948 974
940 932
936 981
951 964
953 971
949 955
951 992
942 927
957 917
931 933
937 986
935 936
960 922
933 966
941 935
935 979
937 956
937 921
948 950
938 946
937 962
934 957
948 935
951 971
935 961
958 933
934 916
954 1000
953 979
952 936
948 914
935 967
958 972
934 950
948 953
939 933
935 987
946 929
946 927
939 916
960 941
953 921
948 988
958 927
942 945
946 947
948 982
950 978
960 991
938 912
937 933
946 981
952 945
932 968
931 981
957 929
956 985
948 960
960 920
944 988
953 920
946 986
952 982
932 923
945 944
959 935
935 989
940 964
938 936
959 915
936 937
937 988
954 917
949 920
954 926
960 962
946 943
947 915
959 936
944 910
955 925
950 982
958 922
937 972
939 957
942 920
952 995
955 982
949 991
953 934
959 998
947 954
948 972
940 937
935 984
950 999
951 995
955 982
958 931
944 955
943 933
933 1000
957 998
948 966
947 990
960 998
950 955
949 920
944 990
946 978
931 998
932 991
955 923
944 965
940 929
931 911
953 988
959 985
959 940
943 989
939 950
955 940
933 959
952 980
944 971
939 923
931 963
932 968
939 948
944 984
947 930
944 911
948 990
939 931
941 962
936 927
937 988
960 991
953 991
935 960
934 947
958 961
930 964
940 987
959 987
942 966
954 990
934 925
934 964
953 936
932 911
938 942
955 925
953 965
941 973
941 932
956 914
934 925
946 990
953 960
933 998
953 983
953 927
936 985
934 936
945 961
948 979
953 998
934 913
951 991
936 949
930 921
935 977
942 982
931 949
939 981
955 927
942 971
934 989
955 999
956 988
938 957
948 954
958 927
942 985
959 979
940 933
960 917
932 925
932 993
943 988
938 927
945 925
955 938
939 989
945 994
930 989
946 960
949 923
947 957
932 932
958 976
959 977
956 927
938 962
937 954
949 962
941 992
942 977
960 995
953 910
935 941
951 988
934 940
933 911
953 914
942 996
953 987
954 950
955 960
942 936
943 997
950 991
946 996
947 913
930 922
952 968
931 932
960 950
944 988
955 954
939 989
935 972
950 973
932 979
951 997
951 943
953 953
953 925
959 985
953 989
951 946
937 990
943 984
954 932
931 987
930 995
952 950
960 926
932 958
957 999
938 994
950 917
957 930
940 991
960 989
931 927
943 933
937 994
943 944
940 980
943 949
932 973
950 936
958 997
938 926
954 969
953 953
957 933
930 975
950 975
930 986
949 986
955 963
930 938
954 956
933 917
930 931
944 992
931 970
955 932
931 962
960 964
932 974
953 933
933 985
941 982
935 922
957 982
944 916
947 935
946 920
942 945
930 968
945 998
943 974
951 959
943 999
943 960
932 925
950 922
936 970
960 951
935 917
955 973
941 952
934 941
960 978
957 982
940 957
941 972
937 997
946 929
946 931
936 934
944 924
949 964
956 977
954 939
960 944
941 940
936 964
943 972
952 979
960 930
944 926
940 920
944 963
945 973
940 947
952 981
955 935
945 975
930 931
944 941
959 933
938 984
959 967
933 964
949 933
935 983
930 964
939 924
951 996
953 917
936 934
955 989
934 959
932 979
946 946
938 933
958 925
952 995
941 977
940 978
959 980
950 969
943 949
959 914
952 915
939 975
937 960
933 1000
946 931
942 942
941 931
942 943
955 953
930 914
932 914
931 926
949 983
940 921
945 953
960 910
943 971
935 930
934 950
954 959
949 962
932 992
951 925
931 964
942 930
943 998
947 961
945 979
959 935
936 992
946 926
958 998
950 949
947 928
944 920
935 915
943 920
930 994
960 915
935 931
952 918
931 960
941 957
935 1000
944 955
955 951
938 975
943 957
954 946
950 917
960 965
952 949
949 972
955 911
935 937
948 989
955 964
953 933
934 987
942 935
931 928
935 991
951 910
933 986
942 913
943 919
943 911
945 979
960 984
940 912
959 958
956 911
944 915
955 912
949 984
953 959
943 950
942 973
959 954
933 969
942 956
956 961
956 925
936 1000
936 941
933 990
931 942
932 963
952 963
955 974
953 961
960 956
936 940
953 934
941 998
932 910
954 974
932 969
934 994
933 977
941 988
939 944
931 931
941 990
936 949
945 920
947 985
947 942
932 912
947 939
955 928
932 988
947 967
943 960
938 939
936 915
960 919
958 970
955 983
946 934
955 924
956 933
936 970
945 933
948 918
937 987
936 987
932 980
950 964
947 991
949 938
956 967
930 975
944 980
941 998
956 966
943 912
957 926
958 955
951 956
953 973
949 917
957 914
930 951
942 980
935 951
935 997
948 937
958 978
937 931
936 926
942 989
954 956
956 981
958 964
933 946
957 925
958 992
960 935
948 920
948 973
943 924
943 941
950 938
943 976
943 947
936 932
933 929
944 915
957 944
937 925
960 920
951 929
958 958
946 975
931 917
938 974
944 959
936 911
955 996
945 976
954 959
942 955
960 920
934 972
957 969
933 943
936 994
960 946
956 977
941 919
942 926
943 986
931 919
935 961
932 962
947 976
954 976
931 923
959 928
959 986
948 950
943 942
930 916
953 920
939 988
940 923
953 962
954 935
931 953
941 953
952 947
956 915
942 919
932 925
955 996
935 943
946 911
954 954
943 973
942 924
934 973
951 970
932 958
947 920
942 934
957 990
955 926
935 941
933 966
936 971
944 938
938 927
935 938
955 934
958 975
947 991
950 933
936 984
932 914
941 915
948 930
960 999
944 981
950 990
952 975
957 962
949 912
949 984
935 986
945 978
941 963
931 978
955 916
956 993
939 974
930 985
936 971
945 951
934 986
935 918
951 968
960 939
940 984
931 950
946 912
936 910
934 967
936 942
957 968
949 914
935 973
950 988
957 964
934 970
936 917
944 912
934 983
950 922
931 943
947 944
933 942
955 926
951 941
944 999
954 918
960 968
941 947
940 929
933 966
940 928
948 915
948 983
950 973
942 931
933 927
954 936
941 946
942 911
930 971
930 949
950 945
957 945
957 913
939 990
959 918
956 936
956 980
947 976
959 992
940 942
942 948
943 992
949 914
959 950
931 979
931 990
943 941
939 976
953 994
958 949
937 996
934 913
937 971
930 964
942 968
930 921
942 957
937 950
952 925
952 937
932 991
937 920
954 936
944 942
953 976
934 976
953 956
936 932
959 921
950 1000
932 958
952 915
953 946
939 955
959 936
945 970
933 915
955 915
953 991
937 933
933 921
958 919
932 966
951 928
952 934
954 999
937 917
949 987
960 969
940 963
939 945
953 918
936 920
935 932
942 970
949 953
931 987
949 984
943 986
935 928
956 912
946 963
942 976
941 991
931 947
955 910
940 922
945 953
957 975
958 933
930 914
944 934
950 931
950 992
935 916
954 984
942 986
940 973
949 924
947 981
931 940
941 960
960 997
952 925
936 970
942 939
943 960
937 983
933 926
933 965
941 1000
957 994
941 929
942 1000
959 968
940 967
945 966
937 921
954 934
937 949
946 957
954 952
935 978
945 958
933 938
931 921
952 987
933 971
945 983
934 927
930 998
1000
