1000 1
940 951
934 966
955 939
950 926
951 988
956 981
942 941
937 985
940 946
960 966
938 995
954 959
958 956
948 998
939 985
949 963
960 983
941 976
933 996
939 982
934 919
960 992
944 952
941 925
937 925
954 971
935 915
953 981
954 914
952 928
930 944
931 943
950 962
955 980
943 919
940 960
939 945
931 940
952 949
944 969
944 919
943 964
947 999
935 999
931 995
935 961
955 992
940 982
932 941
943 919
955 923
932 979
935 925
943 972
947 933
955 987
960 962
953 961
936 984
945 934
958 968
957 963
955 917
937 986
954 975
941 993
941 998
942 972
949 1000
955 956
954 931
959 987
934 967
944 950
936 972
954 910
937 922
934 911
940 980
950 976
939 947
942 930
943 961
952 981
956 973
960 986
940 978
938 929
952 922
954 993
932 979
938 959
959 930
932 970
941 911
956 922
943 953
930 946
948 962
934 982
933 958
954 973
958 955
954 973
945 975
946 979
948 976
933 918
947 991
952 940
945 998
935 943
940 997
933 975
933 970
958 971
932 953
934 974
946 983
954 992
957 986
946 949
930 995
938 969
947 998
939 936
958 951
938 960
940 946
940 945
936 921
954 990
937 934
930 997
950 963
947 961
932 923
931 956
954 930
931 936
940 965
940 998
959 987
959 921
944 973
949 950
953 964
930 948
946 980
933 911
958 927
959 929
934 994
949 996
949 921
948 970
944 957
931 929
930 913
936 912
930 968
942 953
949 960
939 922
946 982
939 996
936 940
956 941
934 952
943 977
955 930
940 977
947 941
938 980
954 915
952 912
936 938
933 995
940 991
951 941
937 986
937 963
949 945
943 910
954 941
930 936
935 969
934 992
944 976
939 992
941 937
954 932
949 951
957 946
959 990
952 947
937 959
940 988
946 923
936 960
936 998
936 915
954 912
956 992
936 997
948 912
930 930
951 978
946 942
937 952
937 987
937 965
948 912
937 991
960 937
952 949
956 951
946 982
941 996
959 970
934 972
947 989
941 973
931 977
934 951
943 912
930 923
932 944
943 964
943 950
947 913
960 965
955 925
944 985
931 946
945 927
938 963
936 987
930 956
954 976
930 975
951 990
945 920
947 946
942 990
949 915
948 936
944 991
955 963
939 923
950 947
930 954
930 941
940 911
949 972
949 961
942 975
954 988
954 942
934 969
956 994
959 927
944 974
933 978
954 914
934 926
956 973
948 915
951 934
940 971
943 1000
944 1000
940 950
946 920
950 995
943 976
960 940
954 936
957 964
951 946
953 980
936 997
934 938
933 1000
947 959
930 968
960 991
939 967
945 926
954 920
950 918
948 970
953 978
935 989
937 939
941 970
946 984
957 921
935 973
937 913
946 914
958 960
935 977
931 947
946 913
940 959
951 917
944 928
951 957
944 969
948 980
947 915
933 925
932 927
936 962
941 963
942 1000
960 926
933 990
948 939
932 991
955 938
941 918
943 982
953 976
955 912
942 971
935 988
955 990
934 920
947 914
931 998
953 920
960 951
953 929
959 943
935 928
932 929
956 921
950 984
930 948
950 972
951 927
932 985
944 983
954 921
948 973
937 979
959 974
957 943
942 986
955 968
933 923
957 996
936 947
959 945
937 988
948 995
935 975
954 956
947 993
947 942
944 971
942 946
934 979
952 990
945 993
958 981
937 937
942 924
936 955
957 971
937 942
949 945
948 988
950 957
959 986
940 922
957 958
939 959
937 911
945 980
955 978
932 959
958 925
960 988
933 934
946 995
951 998
948 940
953 989
935 973
958 963
932 979
937 977
938 940
939 994
959 920
957 963
941 913
946 912
941 968
958 962
950 993
941 925
952 911
959 997
955 952
945 999
939 1000
946 963
946 980
935 989
942 956
936 967
955 940
936 952
943 979
931 969
945 916
943 986
956 977
960 933
948 997
945 940
932 967
930 949
939 973
930 939
944 976
937 965
934 989
956 990
933 1000
941 959
951 970
950 945
930 975
939 999
954 914
947 1000
952 975
952 971
938 969
959 935
956 983
942 918
942 961
933 934
930 956
934 951
946 923
930 971
955 990
949 938
946 948
959 910
955 947
958 931
934 968
955 959
940 978
932 962
956 971
936 932
950 955
957 966
958 970
955 910
944 991
959 998
939 945
944 976
941 922
960 923
942 999
947 975
960 993
932 983
955 910
938 914
954 953
958 921
952 949
947 952
939 939
936 910
959 983
935 989
954 946
952 979
945 947
959 940
938 928
959 981
935 923
932 968
938 980
957 960
948 942
953 995
959 930
947 972
946 975
950 986
956 999
950 946
931 932
960 985
947 911
950 979
954 985
933 925
954 999
943 970
959 917
958 971
955 916
939 955
944 917
958 964
954 911
930 995
939 951
943 1000
954 991
954 960
946 944
935 952
945 968
946 938
954 997
951 924
946 929
952 959
931 990
955 973
939 912
942 944
943 927
947 929
937 912
930 958
959 941
944 932
950 934
937 998
935 911
938 991
936 993
947 927
931 963
957 945
950 955
946 993
937 915
934 973
954 913
933 989
959 953
957 946
934 960
945 913
948 941
949 993
949 929
958 952
946 981
960 918
931 945
936 939
951 948
956 989
954 939
937 922
935 959
952 975
940 937
957 951
948 997
958 934
930 962
932 962
958 987
941 1000
941 980
941 956
935 934
942 913
944 979
947 949
942 916
959 914
937 927
957 926
931 914
960 985
934 960
936 942
941 980
940 966
935 923
946 999
941 933
932 983
930 1000
960 954
952 994
958 955
934 958
946 965
956 971
953 989
944 995
953 928
956 943
959 966
952 934
951 922
955 954
938 918
958 941
948 970
957 945
945 947
939 976
957 913
932 917
942 951
952 914
937 990
933 921
956 921
939 969
945 917
930 969
956 981
941 917
932 982
934 919
953 972
948 950
933 989
947 998
952 915
951 944
944 933
953 993
957 912
955 963
946 995
955 975
959 961
937 942
949 937
952 978
934 998
960 930
944 987
943 992
947 987
949 991
934 978
951 988
940 921
943 953
936 911
943 921
957 937
949 1000
954 965
950 931
950 911
953 938
942 957
958 972
944 964
933 940
938 922
937 997
957 934
938 929
944 992
955 941
930 912
958 915
943 985
950 985
942 958
952 963
956 963
940 913
950 932
950 920
948 988
940 995
956 934
939 943
943 990
948 960
936 966
941 968
956 956
932 942
936 999
944 930
959 955
942 963
949 968
941 920
951 924
934 990
938 983
930 961
949 987
944 967
949 983
960 990
952 999
939 932
938 998
960 995
951 971
950 932
940 923
941 955
939 928
937 996
951 989
931 935
939 934
956 926
958 935
943 983
944 931
958 944
939 962
933 978
956 951
945 976
940 923
935 1000
940 949
937 927
952 954
959 945
937 986
935 966
938 917
956 953
952 991
945 922
934 1000
939 930
952 978
956 918
941 951
936 912
933 969
949 942
942 997
955 967
953 947
948 930
941 972
946 956
935 925
942 996
952 992
933 913
954 926
949 997
943 925
944 926
948 917
939 946
944 964
937 980
942 918
939 962
960 969
957 991
938 961
949 923
941 965
949 928
947 964
949 969
947 988
939 981
948 997
942 926
949 990
931 992
931 999
935 945
952 950
947 921
939 945
936 952
945 959
949 912
951 994
937 949
946 955
957 920
937 976
950 972
931 956
932 927
931 989
958 913
952 917
939 924
943 943
949 950
942 955
938 931
953 957
948 913
959 914
931 934
934 946
955 917
941 994
935 962
940 915
958 938
959 965
950 961
953 961
936 997
930 943
938 926
955 984
957 959
941 950
958 976
954 966
941 937
933 988
940 918
932 967
954 944
944 997
940 996
938 965
950 988
931 914
951 996
941 912
932 926
945 912
934 943
950 975
943 984
958 943
941 971
960 955
949 944
933 931
957 944
953 994
932 912
940 994
930 961
959 969
956 918
948 932
956 972
947 956
947 931
957 966
950 915
933 930
931 991
932 965
953 974
939 951
935 964
934 923
940 981
953 978
935 977
960 950
934 951
952 932
960 910
930 983
940 974
943 920
934 917
951 994
954 947
932 975
941 928
948 979
942 924
949 941
947 914
937 945
945 970
930 924
951 911
935 929
938 989
936 946
932 988
953 956
938 913
957 956
937 989
942 957
958 935
932 971
959 998
958 925
932 927
955 964
934 993
949 925
948 947
956 928
956 929
954 943
934 965
934 915
942 946
936 978
939 978
948 997
945 968
932 949
958 911
939 994
944 910
932 927
955 931
960 912
940 940
946 996
955 949
955 916
944 912
950 995
951 944
946 935
935 962
954 943
930 979
945 914
951 959
958 930
959 945
954 943
950 984
938 951
938 925
951 965
941 956
943 966
933 938
931 980
935 979
943 924
940 968
945 984
959 992
958 983
933 925
960 998
934 975
948 924
960 972
938 969
950 956
936 999
948 929
952 984
951 963
949 927
948 981
949 976
930 921
940 926
950 913
944 919
942 989
959 918
931 965
940 976
945 974
930 987
940 994
944 982
934 936
953 932
931 976
952 949
956 968
1000
