100
991472819
991152223
990258111
984558133
964406046
961040770
941425019
939617817
912128613
907395137
904584779
899650944
890519443
886119717
882043706
874527132
871479690
858378322
856776201
853176975
851826327
813471023
785430573
758664544
757345667
757292285
751861428
750892139
733900803
729580034
728774303
708933077
705082654
688479847
676615554
657970850
657960186
647665637
640258140
633294197
630949022
630366660
622442781
618100573
591918702
587810203
587583850
580464751
580125105
563256981
560267850
545397110
528984690
525367681
522315486
511671264
483788449
477803330
450352273
420150929
413284458
399496591
383720487
359993934
357288143
348241150
340426464
323676027
312556225
311738932
308869636
295959888
295505361
291024800
279233229
260957516
259960579
252868060
236717702
231070626
218186328
204417732
203357386
200499310
197427542
183053409
160578447
139827435
134014483
125771989
123855848
117099973
98389212
96448169
88447325
86165975
74179728
41491066
35403864
17404312
