904
6262
6259
6256
6250
6245
6244
6243
6239
6238
6230
6221
6219
6216
6210
6207
6197
6188
6187
6183
6182
6181
6174
6163
6152
6147
6144
6135
6133
6125
6115
6114
6112
6104
6096
6069
6068
6052
6050
6046
6038
6036
6034
6030
6020
6019
6015
6013
6008
6007
6005
5996
5958
5947
5933
5929
5928
5909
5907
5905
5900
5887
5871
5869
5865
5862
5861
5850
5843
5834
5831
5830
5821
5818
5817
5811
5807
5803
5799
5789
5788
5787
5784
5777
5772
5771
5759
5757
5753
5752
5751
5746
5725
5721
5717
5697
5691
5689
5685
5680
5676
5673
5671
5665
5664
5662
5634
5632
5621
5613
5612
5603
5602
5601
5598
5591
5582
5553
5547
5544
5538
5537
5528
5526
5513
5512
5501
5499
5495
5487
5483
5476
5475
5474
5470
5469
5466
5465
5459
5458
5456
5440
5434
5433
5431
5430
5424
5422
5413
5412
5409
5403
5395
5391
5385
5375
5374
5359
5352
5348
5344
5342
5333
5332
5328
5324
5311
5298
5297
5294
5292
5276
5274
5273
5270
5250
5245
5243
5229
5220
5219
5216
5209
5207
5190
5184
5175
5171
5170
5165
5163
5161
5150
5144
5143
5137
5128
5125
5122
5121
5119
5113
5108
5106
5098
5095
5094
5093
5092
5090
5082
5072
5052
5049
5041
5034
5031
5026
5018
5016
5009
5007
4991
4977
4974
4973
4965
4960
4952
4951
4950
4941
4933
4925
4923
4912
4910
4901
4897
4895
4889
4888
4887
4864
4849
4846
4845
4844
4841
4830
4829
4823
4819
4813
4807
4806
4804
4795
4791
4789
4780
4772
4769
4768
4767
4766
4761
4754
4752
4737
4719
4704
4693
4684
4683
4680
4669
4664
4663
4655
4653
4643
4637
4635
4630
4624
4612
4611
4610
4609
4604
4601
4597
4595
4593
4592
4585
4583
4578
4574
4564
4562
4561
4553
4551
4550
4546
4545
4541
4526
4520
4517
4513
4504
4502
4497
4495
4486
4485
4480
4476
4468
4463
4462
4455
4454
4448
4436
4435
4431
4428
4424
4418
4417
4414
4411
4409
4400
4392
4386
4382
4380
4378
4377
4369
4368
4362
4361
4357
4356
4355
4352
4348
4347
4345
4338
4335
4331
4324
4319
4315
4313
4307
4306
4301
4297
4295
4286
4279
4257
4250
4247
4244
4240
4218
4217
4216
4210
4200
4199
4183
4182
4178
4176
4172
4171
4166
4165
4163
4161
4158
4154
4142
4141
4120
4118
4111
4109
4107
4106
4093
4089
4088
4079
4078
4077
4075
4072
4071
4063
4062
4052
4050
4046
4044
4042
4039
4026
4023
4017
4014
4010
4009
4004
4003
4001
4000
3997
3984
3983
3979
3974
3973
3967
3966
3961
3952
3950
3925
3923
3921
3911
3893
3889
3882
3878
3868
3851
3850
3841
3836
3835
3832
3830
3829
3823
3818
3810
3804
3799
3796
3790
3785
3783
3771
3762
3760
3759
3742
3734
3730
3711
3703
3698
3690
3686
3669
3664
3663
3659
3658
3629
3623
3620
3618
3602
3593
3592
3588
3585
3582
3580
3558
3556
3553
3551
3541
3540
3534
3515
3506
3501
3497
3493
3489
3482
3469
3462
3440
3439
3438
3435
3433
3418
3409
3407
3398
3397
3395
3392
3382
3378
3360
3350
3349
3346
3344
3329
3318
3313
3310
3308
3301
3296
3294
3285
3275
3273
3272
3269
3265
3264
3253
3246
3229
3227
3224
3223
3221
3213
3208
3202
3200
3192
3189
3187
3185
3175
3155
3153
3148
3147
3143
3139
3131
3126
3119
3116
3115
3107
3104
3103
3096
3093
3090
3088
3087
3085
3080
3077
3074
3068
3064
3046
3041
3034
3032
3011
3008
3004
2981
2974
2958
2955
2954
2953
2939
2938
2933
2932
2930
2912
2904
2892
2885
2883
2878
2874
2870
2869
2867
2866
2860
2853
2842
2837
2817
2814
2808
2807
2794
2786
2771
2770
2765
2760
2734
2730
2729
2718
2716
2715
2714
2697
2696
2685
2684
2683
2664
2660
2642
2637
2626
2623
2622
2620
2615
2611
2610
2608
2606
2600
2597
2591
2581
2579
2574
2571
2562
2556
2549
2547
2540
2539
2536
2530
2528
2526
2519
2518
2510
2504
2502
2497
2495
2490
2488
2487
2480
2472
2453
2444
2443
2437
2434
2425
2424
2418
2415
2410
2402
2396
2395
2389
2381
2375
2369
2366
2364
2363
2361
2354
2351
2349
2347
2344
2338
2335
2334
2333
2328
2316
2297
2296
2293
2289
2288
2286
2284
2272
2258
2254
2244
2240
2239
2222
2219
2212
2208
2207
2204
2189
2188
2179
2173
2162
2160
2155
2150
2144
2142
2137
2136
2134
2127
2119
2110
2109
2107
2098
2096
2092
2087
2085
2081
2079
2078
2067
2047
2040
2034
2032
2027
2024
2022
2018
2005
1999
1989
1988
1986
1984
1962
1951
1945
1938
1933
1926
1919
1916
1909
1903
1902
1898
1893
1892
1890
1889
1877
1875
1872
1871
1868
1861
1858
1857
1849
1832
1820
1799
1797
1795
1788
1785
1783
1781
1775
1759
1752
1744
1742
1722
1717
1712
1702
1698
1693
1676
1675
1673
1661
1657
1654
1633
1632
1630
1620
1615
1605
1595
1594
1591
1590
1573
1571
1565
1564
1554
1546
1535
1534
1529
1521
1519
1517
1510
1504
1503
1494
1490
1489
1488
1485
1484
1477
1467
1465
1462
1461
1457
1453
1450
1448
1445
1440
1432
1431
1429
1424
1421
1420
1418
1413
1411
1408
1407
1406
1393
1391
1359
1358
1349
1348
1345
1344
1329
1320
1319
1307
1301
1300
1291
1283
1280
1276
1274
1270
1267
1264
1254
1247
1246
1239
1238
1237
