61
190601225 819138514 932969725 976601239 991611817 993303820 994080147 999021933 999594814
73167014 121232113 422940582 671917328 673178920 796526753 952552612 957281613 957832864 990321658 993908592 997858929 997964784
248318283 313400882 456698138 626501156 832914274 834730439 944906289 946301778 970750836 976940729 981168488 983716141 989792938 992963507
115148869 317080506 581103632 607774438 701635102 816916134 931299946 968875246 979936208 984341805 987133224 992045462 992310852
33425015 52654567 434077927 442810621 562391901 699850037 706853337 788902530 799955545 840454926 862614508 890015310 917628674 949435628 977841795 985900447 987212401 987297276
394898600 574774586 649886108 651139458 790498861 799733690 857891547 875782962 896804940 929082064 947050917 973754586 977059883 977438938 980235006 980261779
244095106 263495187 317776983 384759047 521191601 548427624 642291286 642997863 733729475 749557319 763052660 776314183 819087402 852301769 928400984 929887804 974593799 974675200
175078786 264363430 463944602 551236993 603357565 660591883 661689840 680635926 752564079 761072717 786624108 809407501 820231908 824247813 849097125 888741774 905281136 920487381 921959842 925595888 948495318 965240554 971447487 972227078
116385353 125270103 156138314 160086322 200686139 366851733 512730690 561556511 631671125 720900761 784610562 790713232 826217269 832796640 899246031 903122668 938595563 943116489 948210904 960502881 967749762
194758042 359431282 529873729 549982491 685184429 771050356 778762344 795705288 862941792 881727294 894134434 928517591 933450395 935234886 958461158 965817662
23368825 160867429 337696155 359858884 433775913 483355979 674816886 704818305 716923605 747474656 750178660 780105399 790282574 818686804 876422159 878348385 890310496 892341100 897047315 911705773 921572965 926216269 931845153 933170157 938621783 955652934
110439213 266156007 307583329 365137914 365378580 471640725 476392061 623874958 647300344 703343190 729896678 755136855 813291192 869084880 873847672 887637005 910570346 918742152 928237233 937508287 953370095
109726800 111590569 224170367 278023266 279553642 301732907 359459948 368580722 378888216 388727950 402864769 422845130 578151085 585289944 597352553 606918263 691764160 717058819 722419999 792362946 797897498 803949510 842136150 867994137 878041383 880755191 897775038 903104506 903198679 926399505 927618900 936749068 942020469 945209519 946570242
97291610 235971359 272973445 344985480 384856543 430032875 466083462 680030787 702930327 711336692 756631937 769031420 795391112 799146602 814519133 832999089 850452847 861170490 883531372 891603104 894989330 914817113 923649919 934667114
44376648 71291771 136701451 260384664 330928348 337428712 388116681 464861586 675178011 679383485 702760835 747463116 767664842 831521219 832751580 857167671 858794892 879753354 885298710 888961528 904127786 913334674 920699528 927609001
41063892 103994245 216191197 313344449 340787795 494822353 614037121 662202447 698382180 738733622 744609364 803687595 822728643 824561960 831642998 853021936 855347144 868306280 884025033 892927837 897388342 905876644 910795125 913546411
19205144 23633129 127579714 153948234 211519073 260300067 307790287 409719248 486303186 532995844 607522907 644751320 660196051 661853799 682804220 722771034 735511272 761947166 813722583 822879723 836123384 841614551 849379360 854538523 854819991 861031364 867456821 868696372 884648114 894955732
18703743 25982535 99562697 134256609 239457979 295311160 397080126 402160296 575936665 600886859 633476328 671877896 717018714 737737211 745825636 747956622 792365113 794332546 820600297 832390707 846826849 858729610 860354700 866015953 870497868 871908805
54472594 88967944 229578907 240981797 242849429 274199869 335108728 336620789 533800884 543119819 562713556 655643421 715053914 719723762 728195194 746846228 759581668 768304878 793534412 826377451 827461190 827708604 856360291 858083757 870186662
22265493 69751975 172258253 178995607 261754295 465672666 486573361 560629087 594771622 638689874 647909748 647992790 670801280 673028849 688063149 694252357 709301383 728292732 787246558 790413363 821796469 827403281 853590764 867398708
11667269 169481976 228643457 249225293 483089216 560178047 612731278 615587623 630462835 632269657 645268458 666039270 668231827 768097967 771020328 811595914 818688508 853305228
2821215 53337197 98602299 139488513 150785878 424635082 431499307 491803757 608662144 612972702 618721206 660914454 725276375 730272018 735870252 755127975 762936472 786888658 793071264 799376910 809689713 824969561 841253060 845333947
58303191 105456210 113326762 342285659 421611097 597752102 598328125 642816622 672432565 726077975 740745305 746998310 775791679 791169314 796777093 810587533
53636429 98289399 226272639 321574321 330227442 337155791 551608420 554936760 591819672 593545229 603408582 623864768 627468106 642716145 644554728 671387044 711323929 723265424 770848537 782334908 789541330 808786329
44596124 136078875 315573618 485560123 496705523 536486802 552658657 580458816 602818415 614232402 622076060 631563777 666434551 707473531 710640460 761816673 766060101 777844198 779109745
15100337 54000772 265622497 283371789 286908511 479615282 479805446 511915246 541475345 563243481 578552319 580543736 605366598 617055073 617570137 624800415 625703581 661919940 670932685 682398711 705902163 743833401 765878141 767435898
129892488 274544410 333981518 346487502 467852080 490016604 500872887 510839221 511232681 527339764 558272410 561913816 562993019 573154716 588149675 605060178 625108789 638449907 658553108 659812243 668831909 669350707 741084373 745874113
110866489 366025420 430981350 487843168 493076426 499519173 517133824 528756258 530309473 563037747 600849993 629880018 644149110 654036543 657936299 671737441 718772785
81858113 116428329 353346060 355391024 366921702 413387423 481940419 542862607 609467749 617647509 619806864 643450750 652201863 716849484
7325950 113232842 210885257 332995301 374385519 386728870 412201859 478348097 479645747 502472351 520770670 530106387 541140004 545488208 609438176 642664872 663375607 689840475 693291396 705738212 709774204
5384436 19640368 118294115 253959998 294575532 323606864 329434837 356951982 386518989 408058826 478003748 479589953 480627753 493634508 515255171 527397906 594560572 606229376 619480483 636700716 639706513 683676149 688040623
19413474 21443707 283580418 316118301 366374475 374783028 385353390 406797687 429758772 454308657 474816269 482407041 491376574 515829233 535510137 565483906 617160372 630675654 636292325 661400029 681450014
215610429 281599875 298876614 305727680 325172087 342765870 343438187 373215362 410834261 465479303 473614012 504250182 533207222 615141767 636165516
15994206 114602754 164892488 237839142 278163309 290053060 316305045 348350316 358108366 363432700 387292952 419902510 437494712 439627248 449459702 458391312 462648588 463456729 496005991 602463287 636075270
97892406 196563790 269485051 283929260 305905562 359045084 366815805 417622362 424082887 444553959 456532489 489619801 563307130 595615344 598490133 612150097 621941180
100916365 185192945 186854656 261957162 268483995 283825007 285071261 342194157 354446530 396475819 398311777 401759261 439337833 454730287 456702783 519590704 585721288 594661267 595859905 607894101 607920765
89157075 186609232 250521623 276624008 336034314 369669522 394687664 401389986 416968378 433747486 434914552 440281503 444164831 455430008 456610400 554428268 578824613
56067831 61229116 80644769 169397560 227850242 248492447 255637080 261841658 281810601 317313614 394432176 433010810 452967400 467336327 560811388
47583667 121887029 189055442 217920763 258754393 294363487 309466458 367599335 392191459 392532120 418715305 418965335 425443800 426469304 428442028 432116075 442073062 449531805 547185275
21273009 51180471 110265849 112414218 147297837 160731451 192939678 245899710 254741649 387508868 401369144 415481901 441931607 546895519
1962429 39404537 59861930 62699409 73269004 122609471 184647601 200449666 201566217 270921766 342202548 384053408 386962467 387813587 398459881 414972624 535563452
27359705 50768440 63691498 107651568 145767437 177190968 228492420 274248330 281608908 340609513 360943656 377766472 391965861 400051046 413055466 464074983
13621836 19159539 45780604 174621426 199179739 278576872 287842227 310736465 332828786 344040423 373795921 380591436 389722993
11264510 32338915 41192465 44644810 166348255 177699583 198559510 222188989 262237963 274333324 336735767 370410241 372699524
5876172 20797907 84339181 149840058 162233296 192550358 214454186 246187040 335298068 358990398 366660749 369191629
20109209 92642956 161397433 169338851 214023430 244608079 291251801 308066485 332497446 341039436 359585961 363345576
17160241 69486723 144879764 160754920 189033767 235200481 243327440 272192311 311518730 314034146 331900729 346561086 357525859
10732638 119776224 159393338 179686775 222281173 236949292 279463548 290226113 329991435
103147013 104585316 146544806 170896292 214255620 258885856 270995133 307744066
86872916 101708315 130843908 135014103 147546039 153013566 216944796 217425689 224748694 304472237
1689645 33116032 56066598 65546958 142884003 144998705 196292196 224563791 299605713 301213076
3303370 19089163 30673535 134586449 175109022 175917249 199419359 279775999 279881583 293482141
16675049 33048889 40545180 111396541 161786391 170922871 245775046 268539893 269754864 284990389
7178761 139996107 161336958 207289281 226815253 253023897
64413559 112473084 135822475 154954794 223135474 231266572 250687103
65585197 115804563 128121457 135347132 222464688 231057437
115611022 119312137 124402955 147560427 183772281 213652040 218280837 227679944
60749612 89784470 112782735 116156073
31868423 43306503 44060410 89135444 97198273 110689109
9936987 30261918 35085905 109245252
12247686 54927793 108932619
