16
363199584 836892543 920236023 975663622 987508378 988006422
666297725 784391739 897175440 902854019 960354456
38295508 44241330 289504574 626475934 782393528 856711072 872231259 882595046
175943922 310881390 387520526 423904662 588930532 602186610 751184724 788932867 865563138 867339193
160434248 315043376 513318028 561620907 737779267 805166324 846418623
139200900 257382448 330583381 432899575 445303937 516654817 534438373 672959145 685990592 767087998 834404941
123369088 192829906 324990146 352746432 508958619 514415239 606113719 628019460 729395579
51814876 76088442 321290937 361937475 368993096 457988819 597510062 628383765
116663571 133492742 324166008 359791464 403266663 413188635 422848069 557276010
106730297 124562709 167143049 178838334 212644133 237359998 311192721 481620760 524650443
40613621 93331547 105308856 233274217 454233678 463020049
70689446 90913257 395492889
65665922 89832727 236371225 280157000 384958331
8429960 178865108 206099392
123493626
68566948
