915
1 100
34 100
67 100
99 1
99 34
33 67
33 99
33 99
1 33
99 1
99 33
1 99
66 1
66 33
66 99
98 66
98 66
32 66
32 98
32 98
1 32
98 1
98 32
1 98
65 1
65 32
65 98
97 65
97 65
31 65
31 97
31 97
1 31
97 1
97 31
1 97
64 1
64 31
64 97
96 64
96 64
30 64
30 96
30 96
1 30
96 1
96 30
1 96
63 1
63 30
63 96
95 63
95 63
29 63
29 95
29 95
1 29
95 1
95 29
1 95
62 1
62 29
62 95
94 62
94 62
28 62
28 94
28 94
1 28
94 1
94 28
1 94
61 1
61 28
61 94
93 61
93 61
27 61
27 93
27 93
1 27
93 1
93 27
1 93
60 1
60 27
60 93
92 60
92 60
26 60
26 92
26 92
1 26
92 1
92 26
1 92
59 1
59 26
59 92
91 59
91 59
25 59
25 91
25 91
1 25
91 1
91 25
1 91
58 1
58 25
58 91
90 58
90 58
24 58
24 90
24 90
1 24
90 1
90 24
1 90
57 1
57 24
57 90
89 57
89 57
23 57
23 89
23 89
1 23
89 1
89 23
1 89
56 1
56 23
56 89
88 56
88 56
22 56
22 88
22 88
1 22
88 1
88 22
1 88
55 1
55 22
55 88
87 55
87 55
21 55
21 87
21 87
1 21
87 1
87 21
1 87
54 1
54 21
54 87
86 54
86 54
20 54
20 86
20 86
1 20
86 1
86 20
1 86
53 1
53 20
53 86
85 53
85 53
19 53
19 85
19 85
1 19
85 1
85 19
1 85
52 1
52 19
52 85
84 52
84 52
18 52
18 84
18 84
1 18
84 1
84 18
1 84
51 1
51 18
51 84
83 51
83 51
17 51
17 83
17 83
1 17
83 1
83 17
1 83
50 1
50 17
50 83
82 50
82 50
16 50
16 82
16 82
1 16
82 1
82 16
1 82
49 1
49 16
49 82
81 49
81 49
15 49
15 81
15 81
1 15
81 1
81 15
1 81
48 1
48 15
48 81
80 48
80 48
14 48
14 80
14 80
1 14
80 1
80 14
1 80
47 1
47 14
47 80
79 47
79 47
13 47
13 79
13 79
1 13
79 1
79 13
1 79
46 1
46 13
46 79
78 46
78 46
12 46
12 78
12 78
1 12
78 1
78 12
1 78
45 1
45 12
45 78
77 45
77 45
11 45
11 77
11 77
1 11
77 1
77 11
1 77
44 1
44 11
44 77
76 44
76 44
10 44
10 76
10 76
1 10
76 1
76 10
1 76
43 1
43 10
43 76
75 43
75 43
9 43
9 75
9 75
1 9
75 1
75 9
1 75
42 1
42 9
42 75
74 42
74 42
8 42
8 74
8 74
1 8
74 1
74 8
1 74
41 1
41 8
41 74
73 41
73 41
7 41
7 73
7 73
1 7
73 1
73 7
1 73
40 1
40 7
40 73
72 40
72 40
6 40
6 72
6 72
1 6
72 1
72 6
1 72
39 1
39 6
39 72
71 39
71 39
5 39
5 71
5 71
1 5
71 1
71 5
1 71
38 1
38 5
38 71
70 38
70 38
4 38
4 70
4 70
1 4
70 1
70 4
1 70
37 1
37 4
37 70
69 37
69 37
3 37
3 69
3 69
1 3
69 1
69 3
1 69
36 1
36 3
36 69
68 36
68 36
2 36
2 68
2 68
1 2
68 1
68 2
1 68
35 1
35 2
35 68
67 35
67 35
1 35
1 67
1 67
2 1
67 2
67 1
2 67
34 1
34 2
34 67
66 34
66 34
31 34
31 66
31 66
1 31
66 1
66 31
1 66
34 1
34 31
34 66
65 34
65 34
30 34
30 65
30 65
1 30
65 1
65 30
1 65
34 1
34 30
34 65
64 34
64 34
29 34
29 64
29 64
1 29
64 1
64 29
1 64
34 1
34 29
34 64
63 34
63 34
28 34
28 63
28 63
1 28
63 1
63 28
1 63
34 1
34 28
34 63
62 34
62 34
27 34
27 62
27 62
1 27
62 1
62 27
1 62
34 1
34 27
34 62
61 34
61 34
26 34
26 61
26 61
1 26
61 1
61 26
1 61
34 1
34 26
34 61
60 34
60 34
25 34
25 60
25 60
1 25
60 1
60 25
1 60
34 1
34 25
34 60
59 34
59 34
24 34
24 59
24 59
1 24
59 1
59 24
1 59
34 1
34 24
34 59
58 34
58 34
23 34
23 58
23 58
1 23
58 1
58 23
1 58
34 1
34 23
34 58
57 34
57 34
22 34
22 57
22 57
1 22
57 1
57 22
1 57
34 1
34 22
34 57
56 34
56 34
21 34
21 56
21 56
1 21
56 1
56 21
1 56
34 1
34 21
34 56
55 34
55 34
20 34
20 55
20 55
1 20
55 1
55 20
1 55
34 1
34 20
34 55
54 34
54 34
19 34
19 54
19 54
1 19
54 1
54 19
1 54
34 1
34 19
34 54
53 34
53 34
18 34
18 53
18 53
1 18
53 1
53 18
1 53
34 1
34 18
34 53
52 34
52 34
17 34
17 52
17 52
1 17
52 1
52 17
1 52
34 1
34 17
34 52
51 34
51 34
16 34
16 51
16 51
1 16
51 1
51 16
1 51
34 1
34 16
34 51
50 34
50 34
15 34
15 50
15 50
1 15
50 1
50 15
1 50
34 1
34 15
34 50
49 34
49 34
14 34
14 49
14 49
1 14
49 1
49 14
1 49
34 1
34 14
34 49
48 34
48 34
13 34
13 48
13 48
1 13
48 1
48 13
1 48
34 1
34 13
34 48
47 34
47 34
12 34
12 47
12 47
1 12
47 1
47 12
1 47
34 1
34 12
34 47
46 34
46 34
11 34
11 46
11 46
1 11
46 1
46 11
1 46
34 1
34 11
34 46
45 34
45 34
10 34
10 45
10 45
1 10
45 1
45 10
1 45
34 1
34 10
34 45
44 34
44 34
9 34
9 44
9 44
1 9
44 1
44 9
1 44
34 1
34 9
34 44
43 34
43 34
8 34
8 43
8 43
1 8
43 1
43 8
1 43
34 1
34 8
34 43
42 34
42 34
7 34
7 42
7 42
1 7
42 1
42 7
1 42
34 1
34 7
34 42
41 34
41 34
6 34
6 41
6 41
1 6
41 1
41 6
1 41
34 1
34 6
34 41
40 34
40 34
5 34
5 40
5 40
1 5
40 1
40 5
1 40
34 1
34 5
34 40
39 34
39 34
4 34
4 39
4 39
1 4
39 1
39 4
1 39
34 1
34 4
34 39
38 34
38 34
3 34
3 38
3 38
1 3
38 1
38 3
1 38
34 1
34 3
34 38
37 34
37 34
2 34
2 37
2 37
1 2
37 1
37 2
1 37
34 1
34 2
34 37
36 34
36 34
34 36
34 36
1 34
36 1
36 34
1 36
35 36
35 1
32 34
32 35
32 35
1 32
35 1
35 32
1 35
33 1
33 32
33 35
34 33
34 33
1 33
1 34
32 1
32 1
32 34
33 32
33 32
1 33
31 33
32 1
1 31
1 32
31 1
31 1
31 32
1 31
30 31
30 1
30 31
1 30
29 30
29 1
29 30
1 29
28 29
28 1
28 29
1 28
27 28
27 1
27 28
1 27
26 27
26 1
26 27
1 26
25 26
25 1
25 26
1 25
24 25
24 1
24 25
1 24
23 24
23 1
23 24
1 23
22 23
22 1
22 23
1 22
21 22
21 1
21 22
1 21
20 21
20 1
20 21
1 20
19 20
19 1
19 20
1 19
18 19
18 1
18 19
1 18
17 18
17 1
17 18
1 17
16 17
16 1
16 17
1 16
15 16
15 1
15 16
1 15
14 15
14 1
14 15
1 14
13 14
13 1
13 14
1 13
12 13
12 1
12 13
1 12
11 12
11 1
11 12
1 11
10 11
10 1
10 11
1 10
9 10
9 1
9 10
1 9
8 9
8 1
8 9
1 8
7 8
7 1
7 8
1 7
6 7
6 1
6 7
1 6
5 6
5 1
5 6
1 5
4 5
4 1
4 5
1 4
3 4
3 1
3 4
1 3
2 3
2 1
2 3
1 2
1 2
1 2
