474
1 101
35 1
35 101
35 101
1 35
101 1
101 35
1 101
68 1
68 101
100 35
100 68
33 68
33 100
66 100
99 33
99 33
32 66
32 99
65 99
98 32
98 32
31 65
31 98
64 98
97 31
97 31
30 64
30 97
63 97
96 30
96 30
29 63
29 96
62 96
95 29
95 29
28 62
28 95
61 95
94 28
94 28
27 61
27 94
60 94
93 27
93 27
26 60
26 93
59 93
92 26
92 26
25 59
25 92
58 92
91 25
91 25
24 58
24 91
57 91
90 24
90 24
23 57
23 90
56 90
89 23
89 23
22 56
22 89
55 89
88 22
88 22
21 55
21 88
54 88
87 21
87 21
20 54
20 87
53 87
86 20
86 20
19 53
19 86
52 86
85 19
85 19
18 52
18 85
51 85
84 18
84 18
17 51
17 84
50 84
83 17
83 17
16 50
16 83
49 83
82 16
82 16
15 49
15 82
48 82
81 15
81 15
14 48
14 81
47 81
80 14
80 14
13 47
13 80
46 80
79 13
79 13
12 46
12 79
45 79
78 12
78 12
11 45
11 78
44 78
77 11
77 11
10 44
10 77
43 77
76 10
76 10
9 43
9 76
42 76
75 9
75 9
8 42
8 75
41 75
74 8
74 8
7 41
7 74
40 74
73 7
73 7
6 40
6 73
39 73
72 6
72 6
5 39
5 72
38 72
71 5
71 5
4 38
4 71
37 71
70 4
70 4
3 37
3 70
36 70
69 3
69 3
2 36
2 69
35 2
35 2
35 69
68 35
68 35
1 35
1 68
34 68
67 1
67 1
35 34
35 67
35 67
66 35
66 35
33 66
35 33
35 66
65 35
65 35
32 65
35 32
35 65
64 35
64 35
31 64
35 31
35 64
63 35
63 35
30 63
35 30
35 63
62 35
62 35
29 62
35 29
35 62
61 35
61 35
28 61
35 28
35 61
60 35
60 35
27 60
35 27
35 60
59 35
59 35
26 59
35 26
35 59
58 35
58 35
25 58
35 25
35 58
57 35
57 35
24 57
35 24
35 57
56 35
56 35
23 56
35 23
35 56
55 35
55 35
22 55
35 22
35 55
54 35
54 35
21 54
35 21
35 54
53 35
53 35
20 53
35 20
35 53
52 35
52 35
19 52
35 19
35 52
51 35
51 35
18 51
35 18
35 51
50 35
50 35
17 50
35 17
35 50
49 35
49 35
16 49
35 16
35 49
48 35
48 35
15 48
35 15
35 48
47 35
47 35
14 47
35 14
35 47
46 35
46 35
13 46
35 13
35 46
45 35
45 35
12 45
35 12
35 45
44 35
44 35
11 44
35 11
35 44
43 35
43 35
10 43
35 10
35 43
42 35
42 35
9 42
35 9
35 42
41 35
41 35
8 41
35 8
35 41
40 35
40 35
7 40
35 7
35 40
39 35
39 35
6 39
35 6
35 39
38 35
38 35
5 38
35 5
35 38
37 35
37 35
4 37
35 4
35 37
36 35
36 35
3 36
35 3
35 36
1 35
2 1
2 35
34 2
34 2
34 35
1 34
2 1
2 34
2 34
33 2
33 2
2 33
2 33
32 2
32 2
2 32
2 32
31 2
31 2
2 31
2 31
30 2
30 2
2 30
2 30
29 2
29 2
2 29
2 29
28 2
28 2
2 28
2 28
27 2
27 2
2 27
2 27
26 2
26 2
2 26
2 26
25 2
25 2
2 25
2 25
24 2
24 2
2 24
2 24
23 2
23 2
2 23
2 23
22 2
22 2
2 22
2 22
21 2
21 2
2 21
2 21
20 2
20 2
2 20
2 20
19 2
19 2
2 19
2 19
18 2
18 2
2 18
2 18
17 2
17 2
2 17
2 17
16 2
16 2
2 16
2 16
15 2
15 2
2 15
2 15
14 2
14 2
2 14
2 14
13 2
13 2
2 13
2 13
12 2
12 2
2 12
2 12
11 2
11 2
2 11
2 11
10 2
10 2
2 10
2 10
9 2
9 2
2 9
2 9
8 2
8 2
2 8
2 8
7 2
7 2
2 7
2 7
6 2
6 2
2 6
2 6
5 2
5 2
2 5
2 5
4 2
4 2
2 4
2 4
3 2
3 2
2 3
2 3
1 2
1 2
1 2
