473
1 102
35 1
35 102
69 35
69 35
69 102
101 69
101 69
33 101
67 33
67 101
100 67
100 67
32 100
66 32
66 100
99 66
99 66
31 99
65 31
65 99
98 65
98 65
30 98
64 30
64 98
97 64
97 64
29 97
63 29
63 97
96 63
96 63
28 96
62 28
62 96
95 62
95 62
27 95
61 27
61 95
94 61
94 61
26 94
60 26
60 94
93 60
93 60
25 93
59 25
59 93
92 59
92 59
24 92
58 24
58 92
91 58
91 58
23 91
57 23
57 91
90 57
90 57
22 90
56 22
56 90
89 56
89 56
21 89
55 21
55 89
88 55
88 55
20 88
54 20
54 88
87 54
87 54
19 87
53 19
53 87
86 53
86 53
18 86
52 18
52 86
85 52
85 52
17 85
51 17
51 85
84 51
84 51
16 84
50 16
50 84
83 50
83 50
15 83
49 15
49 83
82 49
82 49
14 82
48 14
48 82
81 48
81 48
13 81
47 13
47 81
80 47
80 47
12 80
46 12
46 80
79 46
79 46
11 79
45 11
45 79
78 45
78 45
10 78
44 10
44 78
77 44
77 44
9 77
43 9
43 77
76 43
76 43
8 76
42 8
42 76
75 42
75 42
7 75
41 7
41 75
74 41
74 41
6 74
40 6
40 74
73 40
73 40
5 73
39 5
39 73
72 39
72 39
4 72
38 4
38 72
71 38
71 38
3 71
37 3
37 71
70 37
70 37
2 70
36 2
36 70
69 36
34 36
34 69
68 34
68 34
68 69
1 68
2 1
2 68
2 68
1 2
68 1
68 2
1 68
35 68
67 1
67 2
2 67
33 2
33 67
66 33
66 33
32 35
32 66
33 66
65 32
65 32
31 33
31 65
32 65
64 31
64 31
30 32
30 64
31 64
63 30
63 30
29 31
29 63
30 63
62 29
62 29
28 30
28 62
29 62
61 28
61 28
27 29
27 61
28 61
60 27
60 27
26 28
26 60
27 60
59 26
59 26
25 27
25 59
26 59
58 25
58 25
24 26
24 58
25 58
57 24
57 24
23 25
23 57
24 57
56 23
56 23
22 24
22 56
23 56
55 22
55 22
21 23
21 55
22 55
54 21
54 21
20 22
20 54
21 54
53 20
53 20
19 21
19 53
20 53
52 19
52 19
18 20
18 52
19 52
51 18
51 18
17 19
17 51
18 51
50 17
50 17
16 18
16 50
17 50
49 16
49 16
15 17
15 49
16 49
48 15
48 15
14 16
14 48
15 48
47 14
47 14
13 15
13 47
14 47
46 13
46 13
12 14
12 46
13 46
45 12
45 12
11 13
11 45
12 45
44 11
44 11
10 12
10 44
11 44
43 10
43 10
9 11
9 43
10 43
42 9
42 9
8 10
8 42
9 42
41 8
41 8
7 9
7 41
8 41
40 7
40 7
6 8
6 40
7 40
39 6
39 6
5 7
5 39
6 39
38 5
38 5
4 6
4 38
5 38
37 4
37 4
3 5
3 37
4 37
36 3
36 3
2 4
2 36
35 2
35 36
1 2
1 35
34 1
34 35
3 34
4 34
33 1
33 3
2 33
2 33
32 2
32 2
1 32
3 32
31 1
31 3
2 31
2 31
30 2
30 2
1 30
3 30
29 1
29 3
2 29
2 29
28 2
28 2
1 28
3 28
27 1
27 3
2 27
2 27
26 2
26 2
1 26
3 26
25 1
25 3
2 25
2 25
24 2
24 2
1 24
3 24
23 1
23 3
2 23
2 23
22 2
22 2
1 22
3 22
21 1
21 3
2 21
2 21
20 2
20 2
1 20
3 20
19 1
19 3
2 19
2 19
18 2
18 2
1 18
3 18
17 1
17 3
2 17
2 17
16 2
16 2
1 16
3 16
15 1
15 3
2 15
2 15
14 2
14 2
1 14
3 14
13 1
13 3
2 13
2 13
12 2
12 2
1 12
3 12
11 1
11 3
2 11
2 11
10 2
10 2
1 10
3 10
9 1
9 3
2 9
2 9
8 2
8 2
1 8
3 8
7 1
7 3
2 7
2 7
6 2
6 2
1 6
3 6
5 1
5 3
2 5
2 5
4 2
1 4
3 4
3 1
2 3
2 3
1 2
1 2
1 2
