943
1 103
35 103
69 103
102 1
102 35
34 69
34 102
34 102
1 34
102 1
102 34
1 102
68 1
68 34
68 102
101 68
101 68
33 68
33 101
33 101
1 33
101 1
101 33
1 101
67 1
67 33
67 101
100 67
100 67
32 67
32 100
32 100
1 32
100 1
100 32
1 100
66 1
66 32
66 100
99 66
99 66
31 66
31 99
31 99
1 31
99 1
99 31
1 99
65 1
65 31
65 99
98 65
98 65
30 65
30 98
30 98
1 30
98 1
98 30
1 98
64 1
64 30
64 98
97 64
97 64
29 64
29 97
29 97
1 29
97 1
97 29
1 97
63 1
63 29
63 97
96 63
96 63
28 63
28 96
28 96
1 28
96 1
96 28
1 96
62 1
62 28
62 96
95 62
95 62
27 62
27 95
27 95
1 27
95 1
95 27
1 95
61 1
61 27
61 95
94 61
94 61
26 61
26 94
26 94
1 26
94 1
94 26
1 94
60 1
60 26
60 94
93 60
93 60
25 60
25 93
25 93
1 25
93 1
93 25
1 93
59 1
59 25
59 93
92 59
92 59
24 59
24 92
24 92
1 24
92 1
92 24
1 92
58 1
58 24
58 92
91 58
91 58
23 58
23 91
23 91
1 23
91 1
91 23
1 91
57 1
57 23
57 91
90 57
90 57
22 57
22 90
22 90
1 22
90 1
90 22
1 90
56 1
56 22
56 90
89 56
89 56
21 56
21 89
21 89
1 21
89 1
89 21
1 89
55 1
55 21
55 89
88 55
88 55
20 55
20 88
20 88
1 20
88 1
88 20
1 88
54 1
54 20
54 88
87 54
87 54
19 54
19 87
19 87
1 19
87 1
87 19
1 87
53 1
53 19
53 87
86 53
86 53
18 53
18 86
18 86
1 18
86 1
86 18
1 86
52 1
52 18
52 86
85 52
85 52
17 52
17 85
17 85
1 17
85 1
85 17
1 85
51 1
51 17
51 85
84 51
84 51
16 51
16 84
16 84
1 16
84 1
84 16
1 84
50 1
50 16
50 84
83 50
83 50
15 50
15 83
15 83
1 15
83 1
83 15
1 83
49 1
49 15
49 83
82 49
82 49
14 49
14 82
14 82
1 14
82 1
82 14
1 82
48 1
48 14
48 82
81 48
81 48
13 48
13 81
13 81
1 13
81 1
81 13
1 81
47 1
47 13
47 81
80 47
80 47
12 47
12 80
12 80
1 12
80 1
80 12
1 80
46 1
46 12
46 80
79 46
79 46
11 46
11 79
11 79
1 11
79 1
79 11
1 79
45 1
45 11
45 79
78 45
78 45
10 45
10 78
10 78
1 10
78 1
78 10
1 78
44 1
44 10
44 78
77 44
77 44
9 44
9 77
9 77
1 9
77 1
77 9
1 77
43 1
43 9
43 77
76 43
76 43
8 43
8 76
8 76
1 8
76 1
76 8
1 76
42 1
42 8
42 76
75 42
75 42
7 42
7 75
7 75
1 7
75 1
75 7
1 75
41 1
41 7
41 75
74 41
74 41
6 41
6 74
6 74
1 6
74 1
74 6
1 74
40 1
40 6
40 74
73 40
73 40
5 40
5 73
5 73
1 5
73 1
73 5
1 73
39 1
39 5
39 73
72 39
72 39
4 39
4 72
4 72
1 4
72 1
72 4
1 72
38 1
38 4
38 72
71 38
71 38
3 38
3 71
3 71
1 3
71 1
71 3
1 71
37 1
37 3
37 71
70 37
70 37
2 37
2 70
2 70
1 2
70 1
70 2
1 70
36 1
36 2
36 70
69 36
69 36
1 36
1 69
1 69
2 1
69 2
69 1
2 69
35 1
35 2
35 69
68 35
68 35
32 35
32 68
32 68
1 32
68 1
68 32
1 68
35 1
35 32
35 68
67 35
67 35
31 35
31 67
31 67
1 31
67 1
67 31
1 67
35 1
35 31
35 67
66 35
66 35
30 35
30 66
30 66
1 30
66 1
66 30
1 66
35 1
35 30
35 66
65 35
65 35
29 35
29 65
29 65
1 29
65 1
65 29
1 65
35 1
35 29
35 65
64 35
64 35
28 35
28 64
28 64
1 28
64 1
64 28
1 64
35 1
35 28
35 64
63 35
63 35
27 35
27 63
27 63
1 27
63 1
63 27
1 63
35 1
35 27
35 63
62 35
62 35
26 35
26 62
26 62
1 26
62 1
62 26
1 62
35 1
35 26
35 62
61 35
61 35
25 35
25 61
25 61
1 25
61 1
61 25
1 61
35 1
35 25
35 61
60 35
60 35
24 35
24 60
24 60
1 24
60 1
60 24
1 60
35 1
35 24
35 60
59 35
59 35
23 35
23 59
23 59
1 23
59 1
59 23
1 59
35 1
35 23
35 59
58 35
58 35
22 35
22 58
22 58
1 22
58 1
58 22
1 58
35 1
35 22
35 58
57 35
57 35
21 35
21 57
21 57
1 21
57 1
57 21
1 57
35 1
35 21
35 57
56 35
56 35
20 35
20 56
20 56
1 20
56 1
56 20
1 56
35 1
35 20
35 56
55 35
55 35
19 35
19 55
19 55
1 19
55 1
55 19
1 55
35 1
35 19
35 55
54 35
54 35
18 35
18 54
18 54
1 18
54 1
54 18
1 54
35 1
35 18
35 54
53 35
53 35
17 35
17 53
17 53
1 17
53 1
53 17
1 53
35 1
35 17
35 53
52 35
52 35
16 35
16 52
16 52
1 16
52 1
52 16
1 52
35 1
35 16
35 52
51 35
51 35
15 35
15 51
15 51
1 15
51 1
51 15
1 51
35 1
35 15
35 51
50 35
50 35
14 35
14 50
14 50
1 14
50 1
50 14
1 50
35 1
35 14
35 50
49 35
49 35
13 35
13 49
13 49
1 13
49 1
49 13
1 49
35 1
35 13
35 49
48 35
48 35
12 35
12 48
12 48
1 12
48 1
48 12
1 48
35 1
35 12
35 48
47 35
47 35
11 35
11 47
11 47
1 11
47 1
47 11
1 47
35 1
35 11
35 47
46 35
46 35
10 35
10 46
10 46
1 10
46 1
46 10
1 46
35 1
35 10
35 46
45 35
45 35
9 35
9 45
9 45
1 9
45 1
45 9
1 45
35 1
35 9
35 45
44 35
44 35
8 35
8 44
8 44
1 8
44 1
44 8
1 44
35 1
35 8
35 44
43 35
43 35
7 35
7 43
7 43
1 7
43 1
43 7
1 43
35 1
35 7
35 43
42 35
42 35
6 35
6 42
6 42
1 6
42 1
42 6
1 42
35 1
35 6
35 42
41 35
41 35
5 35
5 41
5 41
1 5
41 1
41 5
1 41
35 1
35 5
35 41
40 35
40 35
4 35
4 40
4 40
1 4
40 1
40 4
1 40
35 1
35 4
35 40
39 35
39 35
3 35
3 39
3 39
1 3
39 1
39 3
1 39
35 1
35 3
35 39
38 35
38 35
2 35
2 38
2 38
1 2
38 1
38 2
1 38
35 1
35 2
35 38
37 35
37 35
35 37
35 37
1 35
37 1
37 35
1 37
36 37
36 1
33 35
33 36
33 36
1 33
36 1
36 33
1 36
34 1
34 33
34 36
35 34
35 34
1 34
1 35
33 1
33 1
33 35
34 33
34 33
1 34
32 34
33 1
1 32
1 33
32 1
32 1
32 33
1 32
31 32
31 1
31 32
1 31
30 31
30 1
30 31
1 30
29 30
29 1
29 30
1 29
28 29
28 1
28 29
1 28
27 28
27 1
27 28
1 27
26 27
26 1
26 27
1 26
25 26
25 1
25 26
1 25
24 25
24 1
24 25
1 24
23 24
23 1
23 24
1 23
22 23
22 1
22 23
1 22
21 22
21 1
21 22
1 21
20 21
20 1
20 21
1 20
19 20
19 1
19 20
1 19
18 19
18 1
18 19
1 18
17 18
17 1
17 18
1 17
16 17
16 1
16 17
1 16
15 16
15 1
15 16
1 15
14 15
14 1
14 15
1 14
13 14
13 1
13 14
1 13
12 13
12 1
12 13
1 12
11 12
11 1
11 12
1 11
10 11
10 1
10 11
1 10
9 10
9 1
9 10
1 9
8 9
8 1
8 9
1 8
7 8
7 1
7 8
1 7
6 7
6 1
6 7
1 6
5 6
5 1
5 6
1 5
4 5
4 1
4 5
1 4
3 4
3 1
3 4
1 3
2 3
2 1
2 3
1 2
1 2
1 2
