488
1 104
36 1
36 104
36 104
1 36
104 1
104 36
1 104
70 1
70 104
103 36
103 70
34 70
34 103
68 103
102 34
102 34
33 68
33 102
67 102
101 33
101 33
32 67
32 101
66 101
100 32
100 32
31 66
31 100
65 100
99 31
99 31
30 65
30 99
64 99
98 30
98 30
29 64
29 98
63 98
97 29
97 29
28 63
28 97
62 97
96 28
96 28
27 62
27 96
61 96
95 27
95 27
26 61
26 95
60 95
94 26
94 26
25 60
25 94
59 94
93 25
93 25
24 59
24 93
58 93
92 24
92 24
23 58
23 92
57 92
91 23
91 23
22 57
22 91
56 91
90 22
90 22
21 56
21 90
55 90
89 21
89 21
20 55
20 89
54 89
88 20
88 20
19 54
19 88
53 88
87 19
87 19
18 53
18 87
52 87
86 18
86 18
17 52
17 86
51 86
85 17
85 17
16 51
16 85
50 85
84 16
84 16
15 50
15 84
49 84
83 15
83 15
14 49
14 83
48 83
82 14
82 14
13 48
13 82
47 82
81 13
81 13
12 47
12 81
46 81
80 12
80 12
11 46
11 80
45 80
79 11
79 11
10 45
10 79
44 79
78 10
78 10
9 44
9 78
43 78
77 9
77 9
8 43
8 77
42 77
76 8
76 8
7 42
7 76
41 76
75 7
75 7
6 41
6 75
40 75
74 6
74 6
5 40
5 74
39 74
73 5
73 5
4 39
4 73
38 73
72 4
72 4
3 38
3 72
37 72
71 3
71 3
2 37
2 71
36 2
36 2
36 71
70 36
70 36
1 36
1 70
35 70
69 1
69 1
36 35
36 69
36 69
68 36
68 36
34 68
36 34
36 68
67 36
67 36
33 67
36 33
36 67
66 36
66 36
32 66
36 32
36 66
65 36
65 36
31 65
36 31
36 65
64 36
64 36
30 64
36 30
36 64
63 36
63 36
29 63
36 29
36 63
62 36
62 36
28 62
36 28
36 62
61 36
61 36
27 61
36 27
36 61
60 36
60 36
26 60
36 26
36 60
59 36
59 36
25 59
36 25
36 59
58 36
58 36
24 58
36 24
36 58
57 36
57 36
23 57
36 23
36 57
56 36
56 36
22 56
36 22
36 56
55 36
55 36
21 55
36 21
36 55
54 36
54 36
20 54
36 20
36 54
53 36
53 36
19 53
36 19
36 53
52 36
52 36
18 52
36 18
36 52
51 36
51 36
17 51
36 17
36 51
50 36
50 36
16 50
36 16
36 50
49 36
49 36
15 49
36 15
36 49
48 36
48 36
14 48
36 14
36 48
47 36
47 36
13 47
36 13
36 47
46 36
46 36
12 46
36 12
36 46
45 36
45 36
11 45
36 11
36 45
44 36
44 36
10 44
36 10
36 44
43 36
43 36
9 43
36 9
36 43
42 36
42 36
8 42
36 8
36 42
41 36
41 36
7 41
36 7
36 41
40 36
40 36
6 40
36 6
36 40
39 36
39 36
5 39
36 5
36 39
38 36
38 36
4 38
36 4
36 38
37 36
37 36
3 37
36 3
36 37
1 36
2 1
2 36
35 2
35 2
35 36
1 35
2 1
2 35
2 35
34 2
34 2
2 34
2 34
33 2
33 2
2 33
2 33
32 2
32 2
2 32
2 32
31 2
31 2
2 31
2 31
30 2
30 2
2 30
2 30
29 2
29 2
2 29
2 29
28 2
28 2
2 28
2 28
27 2
27 2
2 27
2 27
26 2
26 2
2 26
2 26
25 2
25 2
2 25
2 25
24 2
24 2
2 24
2 24
23 2
23 2
2 23
2 23
22 2
22 2
2 22
2 22
21 2
21 2
2 21
2 21
20 2
20 2
2 20
2 20
19 2
19 2
2 19
2 19
18 2
18 2
2 18
2 18
17 2
17 2
2 17
2 17
16 2
16 2
2 16
2 16
15 2
15 2
2 15
2 15
14 2
14 2
2 14
2 14
13 2
13 2
2 13
2 13
12 2
12 2
2 12
2 12
11 2
11 2
2 11
2 11
10 2
10 2
2 10
2 10
9 2
9 2
2 9
2 9
8 2
8 2
2 8
2 8
7 2
7 2
2 7
2 7
6 2
6 2
2 6
2 6
5 2
5 2
2 5
2 5
4 2
4 2
2 4
2 4
3 2
3 2
2 3
2 3
1 2
1 2
1 2
