488
1 105
36 1
36 105
71 36
71 36
71 105
104 71
104 71
34 104
69 34
69 104
103 69
103 69
33 103
68 33
68 103
102 68
102 68
32 102
67 32
67 102
101 67
101 67
31 101
66 31
66 101
100 66
100 66
30 100
65 30
65 100
99 65
99 65
29 99
64 29
64 99
98 64
98 64
28 98
63 28
63 98
97 63
97 63
27 97
62 27
62 97
96 62
96 62
26 96
61 26
61 96
95 61
95 61
25 95
60 25
60 95
94 60
94 60
24 94
59 24
59 94
93 59
93 59
23 93
58 23
58 93
92 58
92 58
22 92
57 22
57 92
91 57
91 57
21 91
56 21
56 91
90 56
90 56
20 90
55 20
55 90
89 55
89 55
19 89
54 19
54 89
88 54
88 54
18 88
53 18
53 88
87 53
87 53
17 87
52 17
52 87
86 52
86 52
16 86
51 16
51 86
85 51
85 51
15 85
50 15
50 85
84 50
84 50
14 84
49 14
49 84
83 49
83 49
13 83
48 13
48 83
82 48
82 48
12 82
47 12
47 82
81 47
81 47
11 81
46 11
46 81
80 46
80 46
10 80
45 10
45 80
79 45
79 45
9 79
44 9
44 79
78 44
78 44
8 78
43 8
43 78
77 43
77 43
7 77
42 7
42 77
76 42
76 42
6 76
41 6
41 76
75 41
75 41
5 75
40 5
40 75
74 40
74 40
4 74
39 4
39 74
73 39
73 39
3 73
38 3
38 73
72 38
72 38
2 72
37 2
37 72
71 37
35 37
35 71
70 35
70 35
70 71
1 70
2 1
2 70
2 70
1 2
70 1
70 2
1 70
36 70
69 1
69 2
2 69
34 2
34 69
68 34
68 34
33 36
33 68
34 68
67 33
67 33
32 34
32 67
33 67
66 32
66 32
31 33
31 66
32 66
65 31
65 31
30 32
30 65
31 65
64 30
64 30
29 31
29 64
30 64
63 29
63 29
28 30
28 63
29 63
62 28
62 28
27 29
27 62
28 62
61 27
61 27
26 28
26 61
27 61
60 26
60 26
25 27
25 60
26 60
59 25
59 25
24 26
24 59
25 59
58 24
58 24
23 25
23 58
24 58
57 23
57 23
22 24
22 57
23 57
56 22
56 22
21 23
21 56
22 56
55 21
55 21
20 22
20 55
21 55
54 20
54 20
19 21
19 54
20 54
53 19
53 19
18 20
18 53
19 53
52 18
52 18
17 19
17 52
18 52
51 17
51 17
16 18
16 51
17 51
50 16
50 16
15 17
15 50
16 50
49 15
49 15
14 16
14 49
15 49
48 14
48 14
13 15
13 48
14 48
47 13
47 13
12 14
12 47
13 47
46 12
46 12
11 13
11 46
12 46
45 11
45 11
10 12
10 45
11 45
44 10
44 10
9 11
9 44
10 44
43 9
43 9
8 10
8 43
9 43
42 8
42 8
7 9
7 42
8 42
41 7
41 7
6 8
6 41
7 41
40 6
40 6
5 7
5 40
6 40
39 5
39 5
4 6
4 39
5 39
38 4
38 4
3 5
3 38
4 38
37 3
37 3
2 4
2 37
36 2
36 37
1 2
1 36
35 1
35 36
3 35
4 35
34 1
34 3
2 34
2 34
33 2
33 2
1 33
3 33
32 1
32 3
2 32
2 32
31 2
31 2
1 31
3 31
30 1
30 3
2 30
2 30
29 2
29 2
1 29
3 29
28 1
28 3
2 28
2 28
27 2
27 2
1 27
3 27
26 1
26 3
2 26
2 26
25 2
25 2
1 25
3 25
24 1
24 3
2 24
2 24
23 2
23 2
1 23
3 23
22 1
22 3
2 22
2 22
21 2
21 2
1 21
3 21
20 1
20 3
2 20
2 20
19 2
19 2
1 19
3 19
18 1
18 3
2 18
2 18
17 2
17 2
1 17
3 17
16 1
16 3
2 16
2 16
15 2
15 2
1 15
3 15
14 1
14 3
2 14
2 14
13 2
13 2
1 13
3 13
12 1
12 3
2 12
2 12
11 2
11 2
1 11
3 11
10 1
10 3
2 10
2 10
9 2
9 2
1 9
3 9
8 1
8 3
2 8
2 8
7 2
7 2
1 7
3 7
6 1
6 3
2 6
2 6
5 2
5 2
1 5
3 5
4 1
2 4
2 4
3 2
1 3
2 1
2 3
1 2
1 2
1 2
