971
1 106
36 106
71 106
105 1
105 36
35 71
35 105
35 105
1 35
105 1
105 35
1 105
70 1
70 35
70 105
104 70
104 70
34 70
34 104
34 104
1 34
104 1
104 34
1 104
69 1
69 34
69 104
103 69
103 69
33 69
33 103
33 103
1 33
103 1
103 33
1 103
68 1
68 33
68 103
102 68
102 68
32 68
32 102
32 102
1 32
102 1
102 32
1 102
67 1
67 32
67 102
101 67
101 67
31 67
31 101
31 101
1 31
101 1
101 31
1 101
66 1
66 31
66 101
100 66
100 66
30 66
30 100
30 100
1 30
100 1
100 30
1 100
65 1
65 30
65 100
99 65
99 65
29 65
29 99
29 99
1 29
99 1
99 29
1 99
64 1
64 29
64 99
98 64
98 64
28 64
28 98
28 98
1 28
98 1
98 28
1 98
63 1
63 28
63 98
97 63
97 63
27 63
27 97
27 97
1 27
97 1
97 27
1 97
62 1
62 27
62 97
96 62
96 62
26 62
26 96
26 96
1 26
96 1
96 26
1 96
61 1
61 26
61 96
95 61
95 61
25 61
25 95
25 95
1 25
95 1
95 25
1 95
60 1
60 25
60 95
94 60
94 60
24 60
24 94
24 94
1 24
94 1
94 24
1 94
59 1
59 24
59 94
93 59
93 59
23 59
23 93
23 93
1 23
93 1
93 23
1 93
58 1
58 23
58 93
92 58
92 58
22 58
22 92
22 92
1 22
92 1
92 22
1 92
57 1
57 22
57 92
91 57
91 57
21 57
21 91
21 91
1 21
91 1
91 21
1 91
56 1
56 21
56 91
90 56
90 56
20 56
20 90
20 90
1 20
90 1
90 20
1 90
55 1
55 20
55 90
89 55
89 55
19 55
19 89
19 89
1 19
89 1
89 19
1 89
54 1
54 19
54 89
88 54
88 54
18 54
18 88
18 88
1 18
88 1
88 18
1 88
53 1
53 18
53 88
87 53
87 53
17 53
17 87
17 87
1 17
87 1
87 17
1 87
52 1
52 17
52 87
86 52
86 52
16 52
16 86
16 86
1 16
86 1
86 16
1 86
51 1
51 16
51 86
85 51
85 51
15 51
15 85
15 85
1 15
85 1
85 15
1 85
50 1
50 15
50 85
84 50
84 50
14 50
14 84
14 84
1 14
84 1
84 14
1 84
49 1
49 14
49 84
83 49
83 49
13 49
13 83
13 83
1 13
83 1
83 13
1 83
48 1
48 13
48 83
82 48
82 48
12 48
12 82
12 82
1 12
82 1
82 12
1 82
47 1
47 12
47 82
81 47
81 47
11 47
11 81
11 81
1 11
81 1
81 11
1 81
46 1
46 11
46 81
80 46
80 46
10 46
10 80
10 80
1 10
80 1
80 10
1 80
45 1
45 10
45 80
79 45
79 45
9 45
9 79
9 79
1 9
79 1
79 9
1 79
44 1
44 9
44 79
78 44
78 44
8 44
8 78
8 78
1 8
78 1
78 8
1 78
43 1
43 8
43 78
77 43
77 43
7 43
7 77
7 77
1 7
77 1
77 7
1 77
42 1
42 7
42 77
76 42
76 42
6 42
6 76
6 76
1 6
76 1
76 6
1 76
41 1
41 6
41 76
75 41
75 41
5 41
5 75
5 75
1 5
75 1
75 5
1 75
40 1
40 5
40 75
74 40
74 40
4 40
4 74
4 74
1 4
74 1
74 4
1 74
39 1
39 4
39 74
73 39
73 39
3 39
3 73
3 73
1 3
73 1
73 3
1 73
38 1
38 3
38 73
72 38
72 38
2 38
2 72
2 72
1 2
72 1
72 2
1 72
37 1
37 2
37 72
71 37
71 37
1 37
1 71
1 71
2 1
71 2
71 1
2 71
36 1
36 2
36 71
70 36
70 36
33 36
33 70
33 70
1 33
70 1
70 33
1 70
36 1
36 33
36 70
69 36
69 36
32 36
32 69
32 69
1 32
69 1
69 32
1 69
36 1
36 32
36 69
68 36
68 36
31 36
31 68
31 68
1 31
68 1
68 31
1 68
36 1
36 31
36 68
67 36
67 36
30 36
30 67
30 67
1 30
67 1
67 30
1 67
36 1
36 30
36 67
66 36
66 36
29 36
29 66
29 66
1 29
66 1
66 29
1 66
36 1
36 29
36 66
65 36
65 36
28 36
28 65
28 65
1 28
65 1
65 28
1 65
36 1
36 28
36 65
64 36
64 36
27 36
27 64
27 64
1 27
64 1
64 27
1 64
36 1
36 27
36 64
63 36
63 36
26 36
26 63
26 63
1 26
63 1
63 26
1 63
36 1
36 26
36 63
62 36
62 36
25 36
25 62
25 62
1 25
62 1
62 25
1 62
36 1
36 25
36 62
61 36
61 36
24 36
24 61
24 61
1 24
61 1
61 24
1 61
36 1
36 24
36 61
60 36
60 36
23 36
23 60
23 60
1 23
60 1
60 23
1 60
36 1
36 23
36 60
59 36
59 36
22 36
22 59
22 59
1 22
59 1
59 22
1 59
36 1
36 22
36 59
58 36
58 36
21 36
21 58
21 58
1 21
58 1
58 21
1 58
36 1
36 21
36 58
57 36
57 36
20 36
20 57
20 57
1 20
57 1
57 20
1 57
36 1
36 20
36 57
56 36
56 36
19 36
19 56
19 56
1 19
56 1
56 19
1 56
36 1
36 19
36 56
55 36
55 36
18 36
18 55
18 55
1 18
55 1
55 18
1 55
36 1
36 18
36 55
54 36
54 36
17 36
17 54
17 54
1 17
54 1
54 17
1 54
36 1
36 17
36 54
53 36
53 36
16 36
16 53
16 53
1 16
53 1
53 16
1 53
36 1
36 16
36 53
52 36
52 36
15 36
15 52
15 52
1 15
52 1
52 15
1 52
36 1
36 15
36 52
51 36
51 36
14 36
14 51
14 51
1 14
51 1
51 14
1 51
36 1
36 14
36 51
50 36
50 36
13 36
13 50
13 50
1 13
50 1
50 13
1 50
36 1
36 13
36 50
49 36
49 36
12 36
12 49
12 49
1 12
49 1
49 12
1 49
36 1
36 12
36 49
48 36
48 36
11 36
11 48
11 48
1 11
48 1
48 11
1 48
36 1
36 11
36 48
47 36
47 36
10 36
10 47
10 47
1 10
47 1
47 10
1 47
36 1
36 10
36 47
46 36
46 36
9 36
9 46
9 46
1 9
46 1
46 9
1 46
36 1
36 9
36 46
45 36
45 36
8 36
8 45
8 45
1 8
45 1
45 8
1 45
36 1
36 8
36 45
44 36
44 36
7 36
7 44
7 44
1 7
44 1
44 7
1 44
36 1
36 7
36 44
43 36
43 36
6 36
6 43
6 43
1 6
43 1
43 6
1 43
36 1
36 6
36 43
42 36
42 36
5 36
5 42
5 42
1 5
42 1
42 5
1 42
36 1
36 5
36 42
41 36
41 36
4 36
4 41
4 41
1 4
41 1
41 4
1 41
36 1
36 4
36 41
40 36
40 36
3 36
3 40
3 40
1 3
40 1
40 3
1 40
36 1
36 3
36 40
39 36
39 36
2 36
2 39
2 39
1 2
39 1
39 2
1 39
36 1
36 2
36 39
38 36
38 36
36 38
36 38
1 36
38 1
38 36
1 38
37 38
37 1
34 36
34 37
34 37
1 34
37 1
37 34
1 37
35 1
35 34
35 37
36 35
36 35
1 35
1 36
34 1
34 1
34 36
35 34
35 34
1 35
33 35
34 1
1 33
1 34
33 1
33 1
33 34
1 33
32 33
32 1
32 33
1 32
31 32
31 1
31 32
1 31
30 31
30 1
30 31
1 30
29 30
29 1
29 30
1 29
28 29
28 1
28 29
1 28
27 28
27 1
27 28
1 27
26 27
26 1
26 27
1 26
25 26
25 1
25 26
1 25
24 25
24 1
24 25
1 24
23 24
23 1
23 24
1 23
22 23
22 1
22 23
1 22
21 22
21 1
21 22
1 21
20 21
20 1
20 21
1 20
19 20
19 1
19 20
1 19
18 19
18 1
18 19
1 18
17 18
17 1
17 18
1 17
16 17
16 1
16 17
1 16
15 16
15 1
15 16
1 15
14 15
14 1
14 15
1 14
13 14
13 1
13 14
1 13
12 13
12 1
12 13
1 12
11 12
11 1
11 12
1 11
10 11
10 1
10 11
1 10
9 10
9 1
9 10
1 9
8 9
8 1
8 9
1 8
7 8
7 1
7 8
1 7
6 7
6 1
6 7
1 6
5 6
5 1
5 6
1 5
4 5
4 1
4 5
1 4
3 4
3 1
3 4
1 3
2 3
2 1
2 3
1 2
1 2
1 2
