502
1 107
37 1
37 107
37 107
1 37
107 1
107 37
1 107
72 1
72 107
106 37
106 72
35 72
35 106
70 106
105 35
105 35
34 70
34 105
69 105
104 34
104 34
33 69
33 104
68 104
103 33
103 33
32 68
32 103
67 103
102 32
102 32
31 67
31 102
66 102
101 31
101 31
30 66
30 101
65 101
100 30
100 30
29 65
29 100
64 100
99 29
99 29
28 64
28 99
63 99
98 28
98 28
27 63
27 98
62 98
97 27
97 27
26 62
26 97
61 97
96 26
96 26
25 61
25 96
60 96
95 25
95 25
24 60
24 95
59 95
94 24
94 24
23 59
23 94
58 94
93 23
93 23
22 58
22 93
57 93
92 22
92 22
21 57
21 92
56 92
91 21
91 21
20 56
20 91
55 91
90 20
90 20
19 55
19 90
54 90
89 19
89 19
18 54
18 89
53 89
88 18
88 18
17 53
17 88
52 88
87 17
87 17
16 52
16 87
51 87
86 16
86 16
15 51
15 86
50 86
85 15
85 15
14 50
14 85
49 85
84 14
84 14
13 49
13 84
48 84
83 13
83 13
12 48
12 83
47 83
82 12
82 12
11 47
11 82
46 82
81 11
81 11
10 46
10 81
45 81
80 10
80 10
9 45
9 80
44 80
79 9
79 9
8 44
8 79
43 79
78 8
78 8
7 43
7 78
42 78
77 7
77 7
6 42
6 77
41 77
76 6
76 6
5 41
5 76
40 76
75 5
75 5
4 40
4 75
39 75
74 4
74 4
3 39
3 74
38 74
73 3
73 3
2 38
2 73
37 2
37 2
37 73
72 37
72 37
1 37
1 72
36 72
71 1
71 1
37 36
37 71
37 71
70 37
70 37
35 70
37 35
37 70
69 37
69 37
34 69
37 34
37 69
68 37
68 37
33 68
37 33
37 68
67 37
67 37
32 67
37 32
37 67
66 37
66 37
31 66
37 31
37 66
65 37
65 37
30 65
37 30
37 65
64 37
64 37
29 64
37 29
37 64
63 37
63 37
28 63
37 28
37 63
62 37
62 37
27 62
37 27
37 62
61 37
61 37
26 61
37 26
37 61
60 37
60 37
25 60
37 25
37 60
59 37
59 37
24 59
37 24
37 59
58 37
58 37
23 58
37 23
37 58
57 37
57 37
22 57
37 22
37 57
56 37
56 37
21 56
37 21
37 56
55 37
55 37
20 55
37 20
37 55
54 37
54 37
19 54
37 19
37 54
53 37
53 37
18 53
37 18
37 53
52 37
52 37
17 52
37 17
37 52
51 37
51 37
16 51
37 16
37 51
50 37
50 37
15 50
37 15
37 50
49 37
49 37
14 49
37 14
37 49
48 37
48 37
13 48
37 13
37 48
47 37
47 37
12 47
37 12
37 47
46 37
46 37
11 46
37 11
37 46
45 37
45 37
10 45
37 10
37 45
44 37
44 37
9 44
37 9
37 44
43 37
43 37
8 43
37 8
37 43
42 37
42 37
7 42
37 7
37 42
41 37
41 37
6 41
37 6
37 41
40 37
40 37
5 40
37 5
37 40
39 37
39 37
4 39
37 4
37 39
38 37
38 37
3 38
37 3
37 38
1 37
2 1
2 37
36 2
36 2
36 37
1 36
2 1
2 36
2 36
35 2
35 2
2 35
2 35
34 2
34 2
2 34
2 34
33 2
33 2
2 33
2 33
32 2
32 2
2 32
2 32
31 2
31 2
2 31
2 31
30 2
30 2
2 30
2 30
29 2
29 2
2 29
2 29
28 2
28 2
2 28
2 28
27 2
27 2
2 27
2 27
26 2
26 2
2 26
2 26
25 2
25 2
2 25
2 25
24 2
24 2
2 24
2 24
23 2
23 2
2 23
2 23
22 2
22 2
2 22
2 22
21 2
21 2
2 21
2 21
20 2
20 2
2 20
2 20
19 2
19 2
2 19
2 19
18 2
18 2
2 18
2 18
17 2
17 2
2 17
2 17
16 2
16 2
2 16
2 16
15 2
15 2
2 15
2 15
14 2
14 2
2 14
2 14
13 2
13 2
2 13
2 13
12 2
12 2
2 12
2 12
11 2
11 2
2 11
2 11
10 2
10 2
2 10
2 10
9 2
9 2
2 9
2 9
8 2
8 2
2 8
2 8
7 2
7 2
2 7
2 7
6 2
6 2
2 6
2 6
5 2
5 2
2 5
2 5
4 2
4 2
2 4
2 4
3 2
3 2
2 3
2 3
1 2
1 2
1 2
