501
1 108
37 1
37 108
73 37
73 37
73 108
107 73
107 73
35 107
71 35
71 107
106 71
106 71
34 106
70 34
70 106
105 70
105 70
33 105
69 33
69 105
104 69
104 69
32 104
68 32
68 104
103 68
103 68
31 103
67 31
67 103
102 67
102 67
30 102
66 30
66 102
101 66
101 66
29 101
65 29
65 101
100 65
100 65
28 100
64 28
64 100
99 64
99 64
27 99
63 27
63 99
98 63
98 63
26 98
62 26
62 98
97 62
97 62
25 97
61 25
61 97
96 61
96 61
24 96
60 24
60 96
95 60
95 60
23 95
59 23
59 95
94 59
94 59
22 94
58 22
58 94
93 58
93 58
21 93
57 21
57 93
92 57
92 57
20 92
56 20
56 92
91 56
91 56
19 91
55 19
55 91
90 55
90 55
18 90
54 18
54 90
89 54
89 54
17 89
53 17
53 89
88 53
88 53
16 88
52 16
52 88
87 52
87 52
15 87
51 15
51 87
86 51
86 51
14 86
50 14
50 86
85 50
85 50
13 85
49 13
49 85
84 49
84 49
12 84
48 12
48 84
83 48
83 48
11 83
47 11
47 83
82 47
82 47
10 82
46 10
46 82
81 46
81 46
9 81
45 9
45 81
80 45
80 45
8 80
44 8
44 80
79 44
79 44
7 79
43 7
43 79
78 43
78 43
6 78
42 6
42 78
77 42
77 42
5 77
41 5
41 77
76 41
76 41
4 76
40 4
40 76
75 40
75 40
3 75
39 3
39 75
74 39
74 39
2 74
38 2
38 74
73 38
36 38
36 73
72 36
72 36
72 73
1 72
2 1
2 72
2 72
1 2
72 1
72 2
1 72
37 72
71 1
71 2
2 71
35 2
35 71
70 35
70 35
34 37
34 70
35 70
69 34
69 34
33 35
33 69
34 69
68 33
68 33
32 34
32 68
33 68
67 32
67 32
31 33
31 67
32 67
66 31
66 31
30 32
30 66
31 66
65 30
65 30
29 31
29 65
30 65
64 29
64 29
28 30
28 64
29 64
63 28
63 28
27 29
27 63
28 63
62 27
62 27
26 28
26 62
27 62
61 26
61 26
25 27
25 61
26 61
60 25
60 25
24 26
24 60
25 60
59 24
59 24
23 25
23 59
24 59
58 23
58 23
22 24
22 58
23 58
57 22
57 22
21 23
21 57
22 57
56 21
56 21
20 22
20 56
21 56
55 20
55 20
19 21
19 55
20 55
54 19
54 19
18 20
18 54
19 54
53 18
53 18
17 19
17 53
18 53
52 17
52 17
16 18
16 52
17 52
51 16
51 16
15 17
15 51
16 51
50 15
50 15
14 16
14 50
15 50
49 14
49 14
13 15
13 49
14 49
48 13
48 13
12 14
12 48
13 48
47 12
47 12
11 13
11 47
12 47
46 11
46 11
10 12
10 46
11 46
45 10
45 10
9 11
9 45
10 45
44 9
44 9
8 10
8 44
9 44
43 8
43 8
7 9
7 43
8 43
42 7
42 7
6 8
6 42
7 42
41 6
41 6
5 7
5 41
6 41
40 5
40 5
4 6
4 40
5 40
39 4
39 4
3 5
3 39
4 39
38 3
38 3
2 4
2 38
37 2
37 38
1 2
1 37
36 1
36 37
3 36
4 36
35 1
35 3
2 35
2 35
34 2
34 2
1 34
3 34
33 1
33 3
2 33
2 33
32 2
32 2
1 32
3 32
31 1
31 3
2 31
2 31
30 2
30 2
1 30
3 30
29 1
29 3
2 29
2 29
28 2
28 2
1 28
3 28
27 1
27 3
2 27
2 27
26 2
26 2
1 26
3 26
25 1
25 3
2 25
2 25
24 2
24 2
1 24
3 24
23 1
23 3
2 23
2 23
22 2
22 2
1 22
3 22
21 1
21 3
2 21
2 21
20 2
20 2
1 20
3 20
19 1
19 3
2 19
2 19
18 2
18 2
1 18
3 18
17 1
17 3
2 17
2 17
16 2
16 2
1 16
3 16
15 1
15 3
2 15
2 15
14 2
14 2
1 14
3 14
13 1
13 3
2 13
2 13
12 2
12 2
1 12
3 12
11 1
11 3
2 11
2 11
10 2
10 2
1 10
3 10
9 1
9 3
2 9
2 9
8 2
8 2
1 8
3 8
7 1
7 3
2 7
2 7
6 2
6 2
1 6
3 6
5 1
5 3
2 5
2 5
4 2
1 4
3 4
3 1
2 3
2 3
1 2
1 2
1 2
