999
1 109
37 109
73 109
108 1
108 37
36 73
36 108
36 108
1 36
108 1
108 36
1 108
72 1
72 36
72 108
107 72
107 72
35 72
35 107
35 107
1 35
107 1
107 35
1 107
71 1
71 35
71 107
106 71
106 71
34 71
34 106
34 106
1 34
106 1
106 34
1 106
70 1
70 34
70 106
105 70
105 70
33 70
33 105
33 105
1 33
105 1
105 33
1 105
69 1
69 33
69 105
104 69
104 69
32 69
32 104
32 104
1 32
104 1
104 32
1 104
68 1
68 32
68 104
103 68
103 68
31 68
31 103
31 103
1 31
103 1
103 31
1 103
67 1
67 31
67 103
102 67
102 67
30 67
30 102
30 102
1 30
102 1
102 30
1 102
66 1
66 30
66 102
101 66
101 66
29 66
29 101
29 101
1 29
101 1
101 29
1 101
65 1
65 29
65 101
100 65
100 65
28 65
28 100
28 100
1 28
100 1
100 28
1 100
64 1
64 28
64 100
99 64
99 64
27 64
27 99
27 99
1 27
99 1
99 27
1 99
63 1
63 27
63 99
98 63
98 63
26 63
26 98
26 98
1 26
98 1
98 26
1 98
62 1
62 26
62 98
97 62
97 62
25 62
25 97
25 97
1 25
97 1
97 25
1 97
61 1
61 25
61 97
96 61
96 61
24 61
24 96
24 96
1 24
96 1
96 24
1 96
60 1
60 24
60 96
95 60
95 60
23 60
23 95
23 95
1 23
95 1
95 23
1 95
59 1
59 23
59 95
94 59
94 59
22 59
22 94
22 94
1 22
94 1
94 22
1 94
58 1
58 22
58 94
93 58
93 58
21 58
21 93
21 93
1 21
93 1
93 21
1 93
57 1
57 21
57 93
92 57
92 57
20 57
20 92
20 92
1 20
92 1
92 20
1 92
56 1
56 20
56 92
91 56
91 56
19 56
19 91
19 91
1 19
91 1
91 19
1 91
55 1
55 19
55 91
90 55
90 55
18 55
18 90
18 90
1 18
90 1
90 18
1 90
54 1
54 18
54 90
89 54
89 54
17 54
17 89
17 89
1 17
89 1
89 17
1 89
53 1
53 17
53 89
88 53
88 53
16 53
16 88
16 88
1 16
88 1
88 16
1 88
52 1
52 16
52 88
87 52
87 52
15 52
15 87
15 87
1 15
87 1
87 15
1 87
51 1
51 15
51 87
86 51
86 51
14 51
14 86
14 86
1 14
86 1
86 14
1 86
50 1
50 14
50 86
85 50
85 50
13 50
13 85
13 85
1 13
85 1
85 13
1 85
49 1
49 13
49 85
84 49
84 49
12 49
12 84
12 84
1 12
84 1
84 12
1 84
48 1
48 12
48 84
83 48
83 48
11 48
11 83
11 83
1 11
83 1
83 11
1 83
47 1
47 11
47 83
82 47
82 47
10 47
10 82
10 82
1 10
82 1
82 10
1 82
46 1
46 10
46 82
81 46
81 46
9 46
9 81
9 81
1 9
81 1
81 9
1 81
45 1
45 9
45 81
80 45
80 45
8 45
8 80
8 80
1 8
80 1
80 8
1 80
44 1
44 8
44 80
79 44
79 44
7 44
7 79
7 79
1 7
79 1
79 7
1 79
43 1
43 7
43 79
78 43
78 43
6 43
6 78
6 78
1 6
78 1
78 6
1 78
42 1
42 6
42 78
77 42
77 42
5 42
5 77
5 77
1 5
77 1
77 5
1 77
41 1
41 5
41 77
76 41
76 41
4 41
4 76
4 76
1 4
76 1
76 4
1 76
40 1
40 4
40 76
75 40
75 40
3 40
3 75
3 75
1 3
75 1
75 3
1 75
39 1
39 3
39 75
74 39
74 39
2 39
2 74
2 74
1 2
74 1
74 2
1 74
38 1
38 2
38 74
73 38
73 38
1 38
1 73
1 73
2 1
73 2
73 1
2 73
37 1
37 2
37 73
72 37
72 37
34 37
34 72
34 72
1 34
72 1
72 34
1 72
37 1
37 34
37 72
71 37
71 37
33 37
33 71
33 71
1 33
71 1
71 33
1 71
37 1
37 33
37 71
70 37
70 37
32 37
32 70
32 70
1 32
70 1
70 32
1 70
37 1
37 32
37 70
69 37
69 37
31 37
31 69
31 69
1 31
69 1
69 31
1 69
37 1
37 31
37 69
68 37
68 37
30 37
30 68
30 68
1 30
68 1
68 30
1 68
37 1
37 30
37 68
67 37
67 37
29 37
29 67
29 67
1 29
67 1
67 29
1 67
37 1
37 29
37 67
66 37
66 37
28 37
28 66
28 66
1 28
66 1
66 28
1 66
37 1
37 28
37 66
65 37
65 37
27 37
27 65
27 65
1 27
65 1
65 27
1 65
37 1
37 27
37 65
64 37
64 37
26 37
26 64
26 64
1 26
64 1
64 26
1 64
37 1
37 26
37 64
63 37
63 37
25 37
25 63
25 63
1 25
63 1
63 25
1 63
37 1
37 25
37 63
62 37
62 37
24 37
24 62
24 62
1 24
62 1
62 24
1 62
37 1
37 24
37 62
61 37
61 37
23 37
23 61
23 61
1 23
61 1
61 23
1 61
37 1
37 23
37 61
60 37
60 37
22 37
22 60
22 60
1 22
60 1
60 22
1 60
37 1
37 22
37 60
59 37
59 37
21 37
21 59
21 59
1 21
59 1
59 21
1 59
37 1
37 21
37 59
58 37
58 37
20 37
20 58
20 58
1 20
58 1
58 20
1 58
37 1
37 20
37 58
57 37
57 37
19 37
19 57
19 57
1 19
57 1
57 19
1 57
37 1
37 19
37 57
56 37
56 37
18 37
18 56
18 56
1 18
56 1
56 18
1 56
37 1
37 18
37 56
55 37
55 37
17 37
17 55
17 55
1 17
55 1
55 17
1 55
37 1
37 17
37 55
54 37
54 37
16 37
16 54
16 54
1 16
54 1
54 16
1 54
37 1
37 16
37 54
53 37
53 37
15 37
15 53
15 53
1 15
53 1
53 15
1 53
37 1
37 15
37 53
52 37
52 37
14 37
14 52
14 52
1 14
52 1
52 14
1 52
37 1
37 14
37 52
51 37
51 37
13 37
13 51
13 51
1 13
51 1
51 13
1 51
37 1
37 13
37 51
50 37
50 37
12 37
12 50
12 50
1 12
50 1
50 12
1 50
37 1
37 12
37 50
49 37
49 37
11 37
11 49
11 49
1 11
49 1
49 11
1 49
37 1
37 11
37 49
48 37
48 37
10 37
10 48
10 48
1 10
48 1
48 10
1 48
37 1
37 10
37 48
47 37
47 37
9 37
9 47
9 47
1 9
47 1
47 9
1 47
37 1
37 9
37 47
46 37
46 37
8 37
8 46
8 46
1 8
46 1
46 8
1 46
37 1
37 8
37 46
45 37
45 37
7 37
7 45
7 45
1 7
45 1
45 7
1 45
37 1
37 7
37 45
44 37
44 37
6 37
6 44
6 44
1 6
44 1
44 6
1 44
37 1
37 6
37 44
43 37
43 37
5 37
5 43
5 43
1 5
43 1
43 5
1 43
37 1
37 5
37 43
42 37
42 37
4 37
4 42
4 42
1 4
42 1
42 4
1 42
37 1
37 4
37 42
41 37
41 37
3 37
3 41
3 41
1 3
41 1
41 3
1 41
37 1
37 3
37 41
40 37
40 37
2 37
2 40
2 40
1 2
40 1
40 2
1 40
37 1
37 2
37 40
39 37
39 37
37 39
37 39
1 37
39 1
39 37
1 39
38 39
38 1
35 37
35 38
35 38
1 35
38 1
38 35
1 38
36 1
36 35
36 38
37 36
37 36
1 36
1 37
35 1
35 1
35 37
36 35
36 35
1 36
34 36
35 1
1 34
1 35
34 1
34 1
34 35
1 34
33 34
33 1
33 34
1 33
32 33
32 1
32 33
1 32
31 32
31 1
31 32
1 31
30 31
30 1
30 31
1 30
29 30
29 1
29 30
1 29
28 29
28 1
28 29
1 28
27 28
27 1
27 28
1 27
26 27
26 1
26 27
1 26
25 26
25 1
25 26
1 25
24 25
24 1
24 25
1 24
23 24
23 1
23 24
1 23
22 23
22 1
22 23
1 22
21 22
21 1
21 22
1 21
20 21
20 1
20 21
1 20
19 20
19 1
19 20
1 19
18 19
18 1
18 19
1 18
17 18
17 1
17 18
1 17
16 17
16 1
16 17
1 16
15 16
15 1
15 16
1 15
14 15
14 1
14 15
1 14
13 14
13 1
13 14
1 13
12 13
12 1
12 13
1 12
11 12
11 1
11 12
1 11
10 11
10 1
10 11
1 10
9 10
9 1
9 10
1 9
8 9
8 1
8 9
1 8
7 8
7 1
7 8
1 7
6 7
6 1
6 7
1 6
5 6
5 1
5 6
1 5
4 5
4 1
4 5
1 4
3 4
3 1
3 4
1 3
2 3
2 1
2 3
1 2
1 2
1 2
