706
100 13
100 30
56 100
75 56
75 73
75 100
99 75
99 75
13 99
21 13
21 99
98 21
98 21
60 98
96 60
96 98
97 75
97 96
68 96
68 97
68 97
1 68
97 1
97 68
1 97
78 97
96 1
96 68
8 78
8 96
81 8
81 8
81 96
95 81
95 81
23 95
33 23
33 95
94 33
94 33
40 81
40 94
40 94
1 40
94 1
94 40
1 94
85 94
93 1
93 40
43 85
43 93
43 93
1 43
93 1
93 43
1 93
59 1
59 43
59 93
92 59
92 59
1 59
1 92
32 1
32 1
32 92
91 32
91 32
6 32
6 91
6 91
1 6
91 1
91 6
1 91
16 1
16 91
90 6
90 16
68 90
79 16
79 68
79 90
89 79
89 79
32 89
66 32
66 89
88 66
88 66
54 88
67 54
67 88
87 67
87 67
4 79
4 87
4 87
1 4
87 1
87 4
1 87
60 87
86 1
86 4
15 86
26 15
26 86
85 26
85 26
8 60
8 85
48 8
48 8
48 85
84 48
84 48
11 48
11 84
23 84
83 11
83 11
42 23
42 83
82 83
82 42
49 82
54 82
81 42
81 49
8 54
8 81
8 81
1 8
81 1
81 8
1 81
77 81
80 1
80 8
20 77
20 80
20 80
1 20
80 1
80 20
1 80
71 1
71 80
79 20
79 71
17 71
17 79
17 79
1 17
79 1
79 17
1 79
33 1
33 17
33 79
78 33
78 33
20 33
20 78
31 20
31 78
77 20
77 31
29 31
29 77
67 29
67 77
76 29
76 67
43 76
48 43
48 67
48 76
75 48
75 48
31 48
31 75
71 31
71 31
71 75
74 71
74 71
47 71
47 74
64 74
73 47
73 47
12 73
65 73
72 12
72 64
3 72
31 3
31 72
71 31
71 31
19 65
19 71
19 71
1 19
71 1
71 19
1 71
65 1
65 19
65 71
70 65
70 65
1 65
1 70
1 70
2 1
70 2
70 1
2 70
32 1
32 70
69 2
69 32
6 32
6 69
6 69
1 6
69 1
69 6
1 69
25 1
25 69
68 6
68 25
15 68
67 15
67 25
67 68
1 67
17 1
17 67
32 17
32 67
66 17
66 32
31 66
54 31
54 66
65 32
65 54
15 54
15 65
49 15
49 15
49 65
64 49
64 49
9 49
9 64
10 9
10 9
10 64
63 10
63 10
47 10
47 63
52 47
52 47
52 63
62 52
62 52
18 52
18 62
18 62
1 18
62 1
62 18
1 62
55 62
61 1
61 18
2 61
25 2
25 55
25 61
60 25
60 25
14 25
14 60
58 60
59 14
59 14
12 59
41 12
41 59
58 41
36 41
36 58
52 58
57 36
57 36
20 52
20 57
46 20
46 20
46 57
56 46
56 46
23 56
24 23
24 46
24 56
55 24
55 24
33 24
33 55
33 55
1 33
55 1
55 33
1 55
45 1
45 55
54 33
54 45
20 45
20 54
20 54
1 20
54 1
54 20
1 54
31 1
31 20
31 54
53 31
53 31
35 53
35 53
52 31
52 35
23 35
23 52
23 52
1 23
52 1
52 23
1 52
31 1
31 52
51 23
51 31
3 51
20 3
20 51
50 20
50 20
11 31
11 50
11 50
1 11
50 1
50 11
1 50
19 1
19 50
49 11
49 19
13 49
34 13
34 19
34 49
48 34
48 34
1 34
1 48
7 48
47 1
47 1
23 47
26 7
26 23
26 47
46 26
46 26
5 26
5 46
5 46
1 5
46 1
46 5
1 46
33 1
33 5
33 46
45 33
45 33
12 33
12 45
21 45
44 12
44 12
18 44
34 18
34 44
43 21
43 34
30 34
30 43
30 43
1 30
43 1
43 30
1 43
38 1
38 43
42 30
42 38
25 42
40 25
40 42
41 38
41 40
27 41
32 41
40 27
17 40
24 40
39 17
39 24
17 32
17 39
23 17
23 17
23 39
38 23
38 23
3 23
3 38
3 38
1 3
38 1
38 3
1 38
17 1
17 3
17 38
37 17
37 17
8 17
8 37
8 37
1 8
37 1
37 8
1 37
11 37
36 1
36 8
2 11
2 36
20 2
20 2
20 36
35 20
35 20
27 20
27 35
33 35
34 27
34 27
9 33
9 34
32 9
32 9
32 34
33 32
33 32
14 32
14 33
14 33
1 14
33 1
33 14
1 33
26 1
26 33
32 14
32 26
5 32
17 5
17 26
17 32
31 17
31 17
19 31
27 31
30 17
30 19
25 27
25 30
28 30
29 25
29 25
9 28
9 29
9 29
1 9
29 1
29 9
1 29
16 29
28 1
28 9
9 16
9 28
10 28
27 9
27 9
1 27
21 1
21 27
26 10
26 21
7 26
9 7
9 26
25 9
25 9
11 25
16 11
16 25
24 16
24 16
10 21
10 24
15 24
23 10
23 10
4 15
4 23
11 4
11 23
22 4
22 11
4 11
4 22
4 22
1 4
22 1
22 4
1 22
6 22
21 1
21 4
6 21
6 21
1 6
21 1
21 6
1 21
10 1
10 6
10 21
20 10
20 10
12 20
19 10
19 12
19 20
1 19
8 19
10 1
10 8
10 19
18 10
18 10
15 18
17 10
17 15
17 18
1 17
1 17
1 17
2 1
17 2
17 1
2 17
10 1
10 17
16 2
16 10
8 16
11 16
15 8
15 10
6 11
6 15
6 15
1 6
15 1
15 6
1 15
12 1
12 15
14 6
14 12
12 14
12 14
1 12
14 1
14 12
1 14
13 14
13 1
5 12
5 13
5 13
1 5
13 1
13 5
1 13
6 13
12 1
12 5
3 6
3 12
9 3
9 12
11 3
11 9
8 11
10 8
10 9
10 11
1 10
2 1
2 10
2 10
1 2
10 1
10 2
1 10
5 1
5 2
5 10
9 5
9 5
5 9
5 9
1 5
9 1
9 5
1 9
8 1
8 5
8 9
1 8
4 1
4 8
5 4
5 8
7 4
7 5
4 5
4 7
6 7
6 4
2 4
2 6
2 6
1 2
6 1
6 2
1 6
5 1
5 2
5 6
1 5
2 1
2 5
2 5
1 2
5 1
5 2
1 5
4 1
4 5
1 2
1 4
1 4
2 1
4 2
4 1
2 4
2 4
3 1
3 2
2 3
2 3
1 2
1 2
1 2
