99
56 58 25
72 12 78
42 77 34
5 85 95
94 27 66
15 39 71
20 93 99
48 13 57
37 18 96
18 73 81
22 38 29
91 36 83
68 72 0
21 63 35
8 14 51
76 15 87
67 89 34
55 78 86
10 22 46
31 11 16
54 61 79
87 30 76
4 66 28
53 59 49
43 75 89
2 51 25
97 26 46
1 30 64
37 44 81
65 78 0
60 11 90
58 75 99
67 28 38
79 80 91
26 84 84
12 86 85
96 8 73
42 65 93
40 66 1
3 35 82
46 92 26
35 23 53
45 80 20
33 49 8
36 57 12
90 21 52
2 98 27
24 40 20
14 47 50
22 29 29
52 16 2
19 27 68
84 4 80
60 9 62
57 82 55
53 21 32
90 91 88
86 88 63
45 6 82
63 64 74
43 33 94
55 76 4
19 47 54
18 77 98
10 16 83
9 71 54
25 62 50
41 47 95
75 89 43
56 39 14
70 31 42
34 79 92
83 1 0
98 9 10
32 19 94
6 7 93
44 70 48
11 73 41
17 87 37
31 72 60
13 7 24
50 88 23
23 69 85
38 64 6
24 59 3
51 69 96
5 77 44
62 95 97
71 52 67
17 7 40
15 56 81
58 68 92
45 59 65
3 49 69
28 30 48
13 74 5
41 17 99
74 36 97
61 33 70
32 39 61
