100
46 58 24
18 45 95
23 53 100
95 49 73
10 30 6
77 84 82
86 93 62
8 55 64
43 68 51
2 39 65
45 16 92
98 40 72
56 22 50
11 53 7
19 75 3
19 80 48
22 15 84
79 88 95
42 6 28
20 33 40
99 15 91
9 97 26
57 31 96
48 38 63
83 21 55
1 90 38
7 44 68
39 85 67
35 86 57
16 60 43
93 48 76
67 75 83
23 60 93
17 66 42
38 47 58
89 77 97
88 29 87
84 89 81
25 77 36
87 13 51
51 43 65
41 37 72
24 66 79
10 26 52
36 63 1
50 94 98
20 61 41
14 69 74
45 54 70
42 76 89
29 8 37
64 71 73
16 34 96
47 17 71
28 59 56
1 72 100
21 78 7
52 85 44
11 18 50
31 56 21
12 12 0
40 91 39
71 82 94
36 24 74
15 17 80
3 63 81
27 32 49
99 100 18
33 30 88
62 73 87
52 79 86
64 83 59
37 70 68
14 46 4
58 2 85
61 20 90
74 2 41
65 67 5
25 26 96
6 32 34
44 94 53
5 81 5
4 13 31
82 92 35
30 28 78
69 3 97
54 90 8
13 19 23
76 80 75
22 66 69
78 59 99
4 32 34
55 9 61
47 35 57
60 27 14
91 25 0
9 92 98
12 54 62
29 49 11
27 33 46
10 70 0
