712
101 61
5 96
5 101
5 101
1 5
101 1
101 5
1 101
44 1
44 5
44 101
100 44
100 44
67 44
67 100
67 100
1 67
100 1
100 67
1 100
95 1
95 100
99 67
99 95
37 95
37 99
51 37
51 37
51 99
98 51
98 51
61 51
61 98
61 98
97 61
97 61
22 61
22 97
22 97
1 22
97 1
97 22
1 97
93 1
93 97
96 22
96 93
21 96
62 21
62 96
95 62
95 62
30 93
30 95
33 30
33 95
94 30
94 33
35 33
35 94
54 35
54 35
54 94
93 54
93 54
8 54
8 93
25 93
92 8
92 8
74 92
83 25
83 74
83 92
91 83
91 83
57 83
57 91
85 91
90 57
90 57
13 85
13 90
17 13
17 13
17 90
89 17
89 17
31 89
50 17
50 89
88 31
88 50
40 50
40 88
74 88
87 40
87 40
49 74
49 87
51 49
51 87
86 49
86 51
48 51
48 86
57 48
57 86
85 48
85 57
5 57
5 85
69 5
69 85
84 5
84 69
6 84
63 6
63 84
83 63
83 63
21 69
21 83
21 83
1 21
83 1
83 21
1 83
68 1
68 21
68 83
82 68
82 68
68 82
68 82
1 68
82 1
82 68
1 82
78 82
81 1
81 68
27 78
27 81
58 81
80 27
80 27
19 58
19 80
22 80
79 19
79 19
39 22
39 79
39 79
1 39
79 1
79 39
1 79
54 1
54 79
78 39
78 54
10 78
41 78
77 10
77 41
51 77
64 77
76 51
76 54
21 64
21 76
21 76
1 21
76 1
76 21
1 76
47 1
47 76
75 21
75 47
1 47
1 75
33 75
74 1
74 1
22 33
22 74
22 74
1 22
74 1
74 22
1 74
48 1
48 22
48 74
73 48
73 48
37 48
37 73
42 37
42 73
72 37
72 42
21 42
21 72
21 72
1 21
72 1
72 21
1 72
52 1
52 21
52 72
71 52
71 52
58 52
58 71
58 71
1 58
71 1
71 58
1 71
67 1
67 58
67 71
70 67
70 67
7 70
51 7
51 67
51 70
69 51
69 51
20 51
20 69
44 20
44 69
68 20
68 44
2 44
2 68
2 68
1 2
68 1
68 2
1 68
59 1
59 68
67 2
67 59
40 59
40 67
40 67
1 40
67 1
67 40
1 67
62 1
62 67
66 40
66 62
2 66
15 66
65 2
65 15
13 65
21 13
21 65
64 21
64 21
33 64
45 33
45 62
45 64
63 45
63 45
13 63
35 13
35 63
62 35
62 35
12 45
12 62
51 62
61 12
61 12
12 51
12 61
12 61
1 12
61 1
61 12
1 61
46 61
60 1
60 12
23 46
23 60
25 60
59 23
59 23
2 25
2 59
2 59
1 2
59 1
59 2
1 59
14 1
14 2
14 59
58 14
58 14
4 58
23 58
57 4
57 14
2 23
2 57
2 57
1 2
57 1
57 2
1 57
25 1
25 57
56 2
56 25
26 25
26 56
26 56
1 26
56 1
56 26
1 56
33 56
55 1
55 26
14 55
52 55
54 14
54 33
9 52
9 54
9 54
1 9
54 1
54 9
1 54
41 1
41 54
53 9
53 41
11 41
11 53
30 11
30 11
30 53
52 30
52 30
7 30
7 52
7 52
1 7
52 1
52 7
1 52
29 1
29 52
51 7
51 29
10 29
10 51
28 10
28 10
28 51
50 28
50 28
19 28
19 50
19 50
1 19
50 1
50 19
1 50
34 50
49 1
49 19
2 34
2 49
11 2
11 2
11 49
48 11
48 11
9 11
9 48
39 48
47 9
47 9
14 47
20 14
20 39
20 47
46 20
46 20
21 20
21 46
21 46
1 21
46 1
46 21
1 46
40 1
40 21
40 46
45 40
45 40
26 45
37 45
44 26
44 37
1 40
1 44
1 44
2 1
44 2
44 1
2 44
22 1
22 2
22 44
43 22
43 22
5 22
5 43
5 43
1 5
43 1
43 5
1 43
20 43
42 1
42 5
9 20
9 42
29 42
41 9
41 9
28 29
28 41
28 41
1 28
41 1
41 28
1 41
30 1
30 28
30 41
40 30
40 30
25 30
25 40
37 25
37 40
39 25
39 37
3 37
3 39
23 39
38 3
38 3
6 23
6 38
13 6
13 38
37 6
37 13
5 13
5 37
18 5
18 37
36 5
36 18
3 36
17 36
35 3
35 17
24 18
24 35
30 35
34 24
34 24
6 30
6 34
15 34
33 6
33 6
3 15
3 33
3 33
1 3
33 1
33 3
1 33
31 33
32 1
32 3
6 31
6 32
10 6
10 32
31 6
31 10
2 10
2 31
7 2
7 31
30 2
30 7
3 7
3 30
25 3
25 30
29 3
29 25
6 29
22 29
28 6
28 22
6 25
6 28
14 6
14 28
27 6
27 14
2 14
2 27
2 27
1 2
27 1
27 2
1 27
7 1
7 27
26 2
26 7
16 7
16 26
17 16
17 26
25 16
25 17
2 17
2 25
2 25
1 2
25 1
25 2
1 25
13 25
24 1
24 2
7 24
10 7
10 24
23 10
23 10
1 13
1 23
1 23
2 1
23 2
23 1
2 23
19 1
19 2
19 23
22 19
22 19
16 22
18 16
18 19
18 22
21 18
21 18
5 21
7 21
20 5
20 7
2 20
11 20
19 2
19 11
15 18
15 19
15 19
1 15
19 1
19 15
1 19
16 1
16 15
16 19
18 16
18 16
8 16
8 18
8 18
1 8
18 1
18 8
1 18
11 1
11 8
11 18
17 11
17 11
2 11
2 17
2 17
1 2
17 1
17 2
1 17
15 1
15 17
16 2
16 15
1 16
8 1
8 15
8 16
15 8
15 8
1 15
1 15
14 1
14 1
2 14
6 14
13 2
13 6
9 8
9 13
9 13
1 9
13 1
13 9
1 13
12 13
12 1
3 9
3 12
4 3
4 12
11 3
11 4
4 11
4 11
1 4
11 1
11 4
1 11
5 1
5 11
10 4
10 5
1 10
7 1
7 5
7 10
9 7
9 7
8 9
8 7
8 9
1 8
5 1
5 8
6 5
6 8
7 5
7 6
3 6
3 7
4 3
4 3
4 7
6 4
6 4
4 6
4 6
1 4
6 1
6 4
1 6
5 1
5 6
2 5
2 4
2 5
4 2
4 2
3 2
3 4
3 4
1 3
1 3
1 3
