101
76 55 83
14 69 72
23 74 94
12 60 16
25 15 90
90 36 54
80 25 56
28 39 97
47 77 54
18 48 65
19 76 58
31 58 94
8 74 84
48 50 58
41 52 17
44 69 70
78 50 57
89 41 57
34 93 78
46 63 100
85 87 30
12 47 100
7 44 82
42 99 64
3 49 74
79 88 66
72 52 37
38 25 101
2 13 26
13 15 99
22 95 0
6 60 96
77 14 35
55 43 81
20 79 33
1 47 95
8 43 23
7 6 88
5 46 18
54 19 27
26 29 17
62 73 52
101 1 41
30 62 97
32 23 34
57 73 70
29 84 98
27 92 65
32 66 36
96 31 8
36 44 67
59 98 71
39 49 38
16 40 21
81 96 67
34 2 0
33 53 51
67 78 1
22 27 90
29 62 77
21 88 71
85 89 7
83 10 45
53 79 85
65 50 73
10 37 75
28 101 59
82 63 24
51 86 43
13 11 42
91 92 86
84 99 81
56 64 66
24 53 94
30 61 46
11 45 60
21 32 69
26 45 11
2 87 91
70 4 4
42 82 33
68 10 98
93 9 37
14 35 3
35 24 83
3 39 76
95 56 93
5 9 91
20 49 89
9 86 28
40 48 55
5 75 87
61 80 0
4 15 92
71 20 31
80 38 40
97 19 63
16 68 18
12 17 72
59 75 64
22 61 68
51 100 6
