678
102 31
102 56
57 102
69 57
69 93
69 102
101 69
101 69
31 69
31 101
31 101
1 31
101 1
101 31
1 101
59 1
59 31
59 101
100 59
100 59
52 59
52 100
52 100
1 52
100 1
100 52
1 100
67 100
99 1
99 52
4 67
4 99
4 99
1 4
99 1
99 4
1 99
22 1
22 4
22 99
98 22
98 22
54 22
54 98
54 98
1 54
98 1
98 54
1 98
67 98
97 1
97 54
8 97
44 97
96 8
96 44
7 67
7 96
7 96
1 7
96 1
96 7
1 96
93 1
93 96
95 7
95 93
59 95
61 95
94 59
94 61
80 94
80 94
93 80
69 80
69 93
75 69
75 93
92 69
92 75
39 75
39 92
39 92
1 39
92 1
92 39
1 92
88 1
88 39
88 92
91 88
91 88
8 91
54 8
54 91
90 54
90 54
39 90
83 39
83 90
89 83
89 83
35 88
35 89
35 89
1 35
89 1
89 35
1 89
80 1
80 89
88 35
88 80
1 80
1 88
34 1
34 1
34 88
87 34
87 34
31 34
31 87
36 87
86 31
86 31
25 36
25 86
25 86
1 25
86 1
86 25
1 86
84 86
85 1
85 25
33 85
84 85
2 33
2 84
2 84
1 2
84 1
84 2
1 84
33 1
33 84
83 2
83 33
19 33
19 83
34 19
34 19
34 83
82 34
82 34
22 34
22 82
69 22
69 22
69 82
81 69
81 69
24 69
24 81
24 81
1 24
81 1
81 24
1 81
70 81
80 1
80 24
16 80
46 80
79 16
79 46
29 70
29 79
29 79
1 29
79 1
79 29
1 79
56 1
56 79
78 29
78 56
41 56
41 78
41 78
1 41
78 1
78 41
1 78
70 78
77 1
77 41
34 77
61 34
61 70
61 77
76 61
76 61
29 76
70 29
70 76
75 61
75 70
21 75
44 21
44 70
44 75
74 44
74 44
25 74
68 74
73 25
73 44
19 73
67 73
72 19
72 67
13 72
47 13
47 72
71 47
71 47
16 71
35 16
35 68
35 71
70 35
70 35
29 35
29 70
30 29
30 29
30 70
69 30
69 30
16 69
57 16
57 30
57 69
68 57
68 57
23 68
30 23
30 68
67 30
67 30
8 57
8 67
8 67
1 8
67 1
67 8
1 67
54 1
54 67
66 8
66 54
34 54
34 66
63 34
63 66
65 34
65 63
10 65
48 65
64 10
64 48
23 64
44 23
44 64
63 44
2 44
2 63
2 63
1 2
63 1
63 2
1 63
31 1
31 2
31 63
62 31
62 31
10 62
21 10
21 31
21 62
61 21
61 21
4 21
4 61
32 4
32 61
60 4
60 32
41 32
41 60
47 41
47 41
47 60
59 47
59 47
23 59
30 23
30 47
30 59
58 30
58 30
51 58
55 58
57 30
57 51
26 55
26 57
26 57
1 26
57 1
57 26
1 57
48 57
56 1
56 26
19 48
19 56
19 56
1 19
56 1
56 19
1 56
45 56
55 1
55 19
1 45
1 55
48 55
54 1
54 1
20 54
41 20
41 48
41 54
53 41
53 41
8 41
8 53
26 8
26 8
26 53
52 26
52 26
5 52
6 5
6 26
6 52
51 6
51 6
26 51
49 51
50 6
50 26
4 49
4 50
19 50
49 4
49 4
32 49
45 19
45 32
45 49
48 45
48 45
19 45
19 48
40 48
47 19
47 19
45 40
45 47
45 47
46 45
46 45
17 46
18 46
45 17
22 18
22 45
31 45
44 22
44 22
3 44
12 44
43 3
43 12
23 43
28 43
42 23
42 28
32 31
32 42
35 32
35 32
35 42
41 35
41 35
10 41
28 10
28 35
28 41
40 28
40 28
5 40
9 40
39 5
39 9
2 28
2 39
2 39
1 2
39 1
39 2
1 39
20 39
38 1
38 2
23 20
23 38
23 38
1 23
38 1
38 23
1 38
31 1
31 23
31 38
37 31
37 31
6 37
13 6
13 31
13 37
36 13
36 13
12 36
30 12
30 13
30 36
35 30
35 30
19 35
32 35
34 19
34 30
6 34
26 6
26 34
33 26
33 26
4 32
4 33
9 4
9 33
32 4
32 9
2 32
29 2
29 9
29 32
31 29
31 29
1 31
3 1
3 29
3 31
30 3
30 3
5 3
5 30
5 30
1 5
30 1
30 5
1 30
7 1
7 30
29 5
29 7
5 29
13 5
13 7
13 29
28 13
28 13
4 28
25 28
27 4
27 13
4 25
4 27
4 27
1 4
27 1
27 4
1 27
24 1
24 4
24 27
26 24
26 24
15 26
19 15
19 24
19 26
25 19
25 19
7 19
7 25
16 25
24 7
24 7
18 16
18 24
18 24
1 18
24 1
24 18
1 24
23 24
23 1
8 23
9 8
9 23
22 9
22 9
10 18
10 22
10 22
1 10
22 1
22 10
1 22
21 1
21 10
21 22
1 21
9 1
9 21
9 21
1 9
21 1
21 9
1 21
19 21
20 1
20 9
4 19
4 20
16 20
19 4
19 4
2 16
2 19
2 19
1 2
19 1
19 2
1 19
3 19
18 1
18 2
10 3
10 18
14 10
14 10
14 18
17 14
17 14
5 17
7 17
16 5
16 7
6 14
6 16
10 6
10 6
10 16
15 10
15 10
2 15
5 2
5 10
5 15
14 5
14 5
1 14
10 1
10 5
10 14
13 10
13 10
1 10
1 13
1 13
2 1
13 2
13 1
2 13
11 1
11 13
12 2
12 11
4 11
4 12
4 12
1 4
12 1
12 4
1 12
5 1
5 4
5 12
11 5
11 5
2 11
10 2
10 11
1 10
2 1
2 5
2 10
9 2
9 2
3 2
3 9
5 3
5 3
5 9
8 5
8 5
3 5
3 8
7 8
7 3
2 3
2 7
2 7
1 2
7 1
7 2
1 7
6 1
6 2
6 7
1 6
4 1
4 6
4 6
1 4
6 1
6 4
1 6
5 6
5 1
3 4
3 5
4 3
4 5
2 4
2 4
3 2
1 3
2 3
1 2
1 2
