690
103 15
103 16
73 28
73 103
87 73
87 103
102 73
102 87
25 87
25 102
25 102
1 25
102 1
102 25
1 102
36 102
101 1
101 25
19 36
19 101
19 101
1 19
101 1
101 19
1 101
29 101
100 1
100 19
31 29
31 100
31 100
1 31
100 1
100 31
1 100
58 1
58 100
99 31
99 58
50 99
96 99
98 50
98 58
31 98
78 98
97 31
97 78
6 96
6 97
33 6
33 6
33 97
96 33
96 33
47 33
47 96
47 96
1 47
96 1
96 47
1 96
69 1
69 47
69 96
95 69
95 69
7 95
93 7
93 69
93 95
94 93
94 93
29 94
35 29
35 94
93 35
68 93
70 35
70 68
70 93
92 70
92 70
59 70
59 92
76 59
76 92
91 59
91 76
9 91
86 9
86 76
86 91
90 86
90 86
16 86
16 90
28 16
28 16
28 90
89 28
89 28
64 28
64 89
64 89
1 64
89 1
89 64
1 89
75 89
88 1
88 64
21 88
50 21
50 75
50 88
87 50
87 50
7 50
7 87
75 7
75 87
86 7
86 75
12 75
12 86
53 12
53 12
53 86
85 53
85 53
37 85
64 37
64 53
64 85
84 64
84 64
4 64
4 84
4 84
1 4
84 1
84 4
1 84
53 1
53 4
53 84
83 53
83 53
35 83
82 35
82 83
17 82
21 17
21 53
21 82
81 21
81 21
25 81
67 21
67 25
67 81
80 67
80 67
27 67
27 80
61 80
79 27
79 27
44 79
62 44
62 79
78 61
78 62
29 62
29 78
44 29
44 29
44 78
77 44
77 44
7 44
7 77
7 77
1 7
77 1
77 7
1 77
71 77
76 1
76 7
8 76
26 76
75 8
75 26
31 75
59 31
59 71
59 75
74 59
74 59
1 59
1 74
1 74
2 1
74 2
74 1
2 74
43 74
73 1
73 2
28 43
28 73
54 28
54 28
54 73
72 54
72 54
14 54
14 72
14 72
1 14
72 1
72 14
1 72
38 1
38 72
71 14
71 38
14 71
66 71
70 14
70 38
28 70
56 70
69 28
69 56
51 66
51 69
57 51
57 51
57 69
68 57
68 57
13 68
48 13
48 57
48 68
67 48
67 48
2 48
2 67
2 67
1 2
67 1
67 2
1 67
66 1
66 67
30 2
30 66
33 30
33 30
33 66
65 33
65 33
1 65
35 1
35 65
64 33
64 35
13 35
13 64
13 64
1 13
64 1
64 13
1 64
43 64
63 1
63 13
7 63
57 63
62 7
62 43
1 57
1 62
59 1
59 1
59 62
61 59
61 59
13 59
13 61
23 61
60 13
60 13
32 23
32 60
32 60
1 32
60 1
60 32
1 60
49 1
49 32
49 60
59 49
59 49
2 59
43 59
58 2
58 43
36 58
47 36
47 49
47 58
57 47
57 47
54 57
55 47
55 57
56 54
56 55
16 55
16 56
47 16
47 56
55 16
55 47
10 55
20 55
54 10
54 20
31 47
31 54
49 54
53 31
53 31
5 49
5 53
5 53
1 5
53 1
53 5
1 53
42 1
42 53
52 5
52 42
4 42
4 52
4 52
1 4
52 1
52 4
1 52
30 52
51 1
51 4
16 30
16 51
16 51
1 16
51 1
51 16
1 51
32 51
50 1
50 16
4 32
4 50
40 4
40 50
49 4
49 40
42 40
42 49
42 49
1 42
49 1
49 42
1 49
48 1
48 42
48 49
1 48
30 48
33 1
33 30
33 48
47 33
47 33
8 47
19 47
46 8
46 19
18 33
18 46
18 46
1 18
46 1
46 18
1 46
23 1
23 46
45 18
45 23
1 23
1 45
31 1
31 1
31 45
44 31
44 31
25 31
25 44
25 44
1 25
44 1
44 25
1 44
37 1
37 44
43 25
43 37
21 43
32 21
32 37
32 43
42 32
42 32
2 32
2 42
2 42
1 2
42 1
42 2
1 42
36 42
41 1
41 2
40 41
40 41
2 40
26 2
26 40
39 26
39 26
1 36
1 39
12 39
38 1
38 1
22 38
36 38
37 12
37 22
6 37
20 6
20 37
36 20
22 20
22 36
22 36
1 22
36 1
36 22
1 36
29 36
35 1
35 22
2 35
5 2
5 29
5 35
34 5
34 5
6 5
6 34
29 6
29 34
33 6
33 29
16 29
16 33
16 33
1 16
33 1
33 16
1 33
27 1
27 33
32 16
32 27
14 27
14 32
14 32
1 14
32 1
32 14
1 32
21 1
21 14
21 32
31 21
31 21
11 21
11 31
23 31
30 11
30 11
9 30
12 9
12 23
12 30
29 12
29 12
17 29
21 12
21 17
21 29
28 21
28 21
7 21
7 28
7 28
1 7
28 1
28 7
1 28
25 28
27 1
27 7
2 25
2 27
14 2
14 27
26 2
26 14
18 14
18 26
22 26
25 18
25 18
4 22
4 25
4 25
1 4
25 1
25 4
1 25
15 1
15 4
15 25
24 15
24 15
3 15
3 24
3 24
1 3
24 1
24 3
1 24
15 1
15 24
23 3
23 15
4 23
11 23
22 4
22 11
7 15
7 22
7 22
1 7
22 1
22 7
1 22
14 1
14 22
21 7
21 14
11 14
11 21
18 11
18 21
20 11
20 18
12 20
13 20
19 12
19 13
1 19
6 1
6 18
6 19
18 6
18 6
1 6
1 18
15 18
17 1
17 1
6 15
6 17
16 17
16 6
10 16
10 16
15 6
15 10
6 10
6 15
6 15
1 6
15 1
15 6
1 15
7 1
7 6
7 15
14 7
14 7
5 14
9 14
13 5
13 7
5 9
5 13
5 13
1 5
13 1
13 5
1 13
12 1
12 5
12 13
1 12
2 1
2 12
10 2
10 2
10 12
11 10
11 10
2 10
2 11
9 11
10 2
10 2
1 10
4 1
4 10
9 4
5 9
5 4
5 9
8 5
8 5
3 8
4 8
7 3
7 4
1 7
4 7
6 1
6 4
1 6
1 5
1 6
5 1
5 1
2 5
4 1
4 5
1 2
1 4
3 1
3 1
3 4
1 3
1 3
1 3
2 1
3 2
3 1
2 3
2 3
1 2
1 2
