102
32 51 93
71 58 82
13 25 64
47 50 79
39 64 70
59 3 68
37 43 69
41 54 95
61 87 10
6 86 63
76 96 35
30 66 57
97 75 49
22 58 72
23 91 0
16 14 0
12 82 9
5 40 76
83 76 100
35 46 63
9 23 26
56 70 84
91 5 75
13 13 64
38 87 50
40 34 95
58 44 36
14 94 0
74 11 83
30 68 90
17 89 45
8 28 96
3 46 98
98 41 85
24 45 61
56 12 38
46 93 52
84 22 81
20 53 73
34 50 53
33 34 84
36 39 23
18 53 32
11 56 42
19 25 59
5 6 87
1 89 91
49 21 86
8 16 24
26 82 55
16 80 65
7 79 78
66 20 41
48 102 70
63 72 101
31 61 102
80 99 73
100 17 100
29 15 54
8 35 101
75 33 44
51 42 98
21 36 57
27 88 97
65 78 94
68 71 77
4 74 18
49 31 62
1 81 52
62 72 67
77 73 37
22 28 89
48 60 31
32 18 51
29 43 27
95 15 77
37 25 93
11 90 2
42 28 99
44 92 71
4 6 92
9 67 85
67 20 39
47 40 97
52 33 47
10 19 30
43 60 94
26 101 7
27 48 88
14 24 66
10 21 99
15 79 102
69 78 81
45 65 62
69 86 80
1 7 55
3 90 29
2 12 74
55 88 2
17 57 19
83 4 59
38 85 92
60 96 54
