718
104 15
104 22
18 104
100 104
103 18
103 88
48 100
48 103
48 103
1 48
103 1
103 48
1 103
83 103
102 1
102 48
59 83
59 102
59 102
1 59
102 1
102 59
1 102
77 102
101 1
101 59
13 77
13 101
13 101
1 13
101 1
101 13
1 101
57 1
57 101
100 13
100 57
12 57
12 100
55 100
99 12
99 12
43 99
57 43
57 55
57 99
98 57
98 57
13 57
13 98
13 98
1 13
98 1
98 13
1 98
60 98
97 1
97 13
10 97
37 97
96 10
96 37
45 96
78 96
95 45
95 60
2 78
2 95
39 2
39 95
94 2
94 39
20 39
20 94
41 20
41 94
93 20
93 41
13 41
13 93
13 93
1 13
93 1
93 13
1 93
42 1
42 93
92 13
92 42
18 42
18 92
46 18
46 92
91 18
91 46
18 46
18 91
18 91
1 18
91 1
91 18
1 91
26 91
90 1
90 18
15 90
85 15
85 90
89 26
89 85
58 89
76 89
88 58
88 76
64 85
64 88
64 88
1 64
88 1
88 64
1 88
69 1
69 64
69 88
87 69
87 69
10 87
55 10
55 87
86 55
86 55
25 69
25 86
68 86
85 25
85 25
23 85
72 23
72 68
72 85
84 72
84 72
49 72
49 84
49 84
1 49
84 1
84 49
1 84
57 1
57 84
83 49
83 57
49 83
53 49
53 83
82 53
82 53
15 82
15 57
15 82
81 15
81 15
23 81
34 81
80 15
80 23
35 34
35 80
37 35
37 35
37 80
79 37
79 37
48 37
48 79
48 79
1 48
79 1
79 48
1 79
65 79
78 1
78 48
42 78
63 78
77 42
77 63
31 65
31 77
33 77
76 31
76 31
5 76
12 76
75 5
75 12
3 33
3 75
3 75
1 3
75 1
75 3
1 75
30 1
30 75
74 3
74 30
49 74
67 30
67 74
73 49
73 67
2 67
2 73
17 73
72 2
72 2
39 17
39 72
39 72
1 39
72 1
72 39
1 72
68 1
68 39
68 72
71 68
71 68
37 68
37 71
37 71
1 37
71 1
71 37
1 71
48 1
48 37
48 71
70 48
70 48
41 48
41 70
41 70
1 41
70 1
70 41
1 70
56 70
69 1
69 41
18 56
18 69
18 69
1 18
69 1
69 18
1 69
20 69
68 1
68 18
35 20
35 68
63 68
67 35
67 35
14 63
14 67
14 67
1 14
67 1
67 14
1 67
62 67
66 1
66 14
46 62
46 66
54 46
54 46
54 66
65 54
65 54
35 65
50 35
50 65
64 50
64 50
10 64
42 10
42 54
42 64
63 42
63 42
5 42
5 63
11 63
62 5
62 5
26 11
26 62
26 62
1 26
62 1
62 26
1 62
33 62
61 1
61 26
4 33
4 61
39 61
60 4
60 4
3 60
52 60
59 3
59 39
6 52
6 59
27 6
27 6
27 59
58 27
58 27
9 27
9 58
29 58
57 9
57 9
39 57
39 57
56 29
56 39
23 39
23 56
23 56
1 23
56 1
56 23
1 56
31 56
55 1
55 23
11 55
44 11
44 55
54 31
54 44
28 44
28 54
37 28
37 54
53 28
53 37
38 53
52 53
52 37
26 38
26 52
26 52
1 26
52 1
52 26
1 52
49 52
51 1
51 26
17 49
17 51
17 51
1 17
51 1
51 17
1 51
46 51
50 1
50 17
6 46
6 50
29 6
29 6
29 50
49 29
49 29
24 29
24 49
24 49
1 24
49 1
49 24
1 49
39 1
39 49
48 24
48 39
9 39
9 48
21 9
21 9
21 48
47 21
47 21
3 21
3 47
3 47
1 3
47 1
47 3
1 47
36 1
36 3
36 47
46 36
46 36
33 36
33 46
35 33
35 46
45 33
45 35
8 35
8 45
42 8
42 45
44 8
44 42
15 42
15 44
39 15
39 15
39 44
43 39
43 39
19 39
19 43
19 43
1 19
43 1
43 19
1 43
21 1
21 19
21 43
42 21
42 21
5 21
5 42
5 42
1 5
42 1
42 5
1 42
13 1
13 5
13 42
41 13
41 13
10 13
10 41
10 41
1 10
41 1
41 10
1 41
27 41
40 1
40 10
1 40
8 1
8 40
39 8
39 8
6 39
22 39
38 6
38 22
2 27
2 38
25 2
25 38
37 2
37 25
3 25
3 37
12 37
36 3
36 3
14 36
14 12
14 36
35 14
35 14
1 14
1 35
1 35
2 1
35 2
35 1
2 35
3 1
3 35
34 2
34 3
12 3
12 34
15 12
15 12
15 34
33 15
33 15
2 15
2 33
2 33
1 2
33 1
33 2
1 33
16 1
16 2
16 33
32 16
32 16
16 32
27 16
27 16
27 32
31 27
31 27
15 31
15 27
15 31
30 15
30 15
6 30
23 6
23 15
23 30
29 23
29 23
10 23
10 29
10 29
1 10
29 1
29 10
1 29
24 29
28 1
28 10
5 24
5 28
15 5
15 28
27 5
27 15
7 27
18 27
26 7
26 15
14 18
14 26
14 26
1 14
26 1
26 14
1 26
15 26
25 1
25 14
12 25
23 12
23 25
24 15
24 23
18 24
19 18
19 24
23 19
3 19
3 23
6 23
22 3
22 3
6 22
17 6
17 22
21 6
21 17
5 17
5 21
5 21
1 5
21 1
21 5
1 21
14 1
14 21
20 5
20 14
3 20
3 20
19 3
19 3
1 14
1 19
9 19
18 1
18 1
8 9
8 18
8 18
1 8
18 1
18 8
1 18
13 1
13 8
13 18
17 13
17 13
8 13
8 17
8 17
1 8
17 1
17 8
1 17
14 1
14 17
16 8
16 14
7 16
9 16
15 7
15 9
5 14
5 15
13 5
13 15
14 5
14 13
2 13
2 14
2 14
1 2
14 1
14 2
1 14
10 1
10 14
13 2
13 10
3 13
5 3
5 13
12 5
12 5
6 12
11 6
11 12
1 11
5 1
5 10
5 11
10 5
10 5
9 10
9 10
2 5
2 9
2 9
1 2
9 1
9 2
1 9
8 1
8 2
8 9
1 8
7 1
7 8
7 8
1 7
1 7
1 7
2 1
7 2
7 1
2 7
2 7
6 1
6 2
2 6
4 2
4 2
4 6
5 4
5 4
1 4
1 5
1 5
2 1
5 2
5 1
2 5
3 1
3 5
4 2
4 3
2 3
2 4
3 2
3 4
1 3
1 2
1 3
