103
52 24 7
3 10 31
23 40 84
6 11 52
101 30 65
6 34 44
5 5 50
54 21 95
76 91 62
62 67 80
19 55 30
55 41 61
25 14 76
77 60 101
53 8 0
3 45 48
17 33 100
83 28 38
36 94 60
59 26 98
8 24 48
33 59 0
1 102 15
97 69 99
27 78 54
84 95 83
34 29 75
103 56 94
75 61 91
90 23 68
79 16 56
18 18 71
3 87 16
12 99 47
52 49 79
31 19 24
49 22 80
46 59 44
70 10 100
58 60 58
20 26 89
86 42 96
36 71 64
68 73 63
21 32 72
87 28 89
31 63 36
43 19 81
57 27 46
75 51 69
17 71 89
85 14 37
44 2 93
35 17 67
73 82 41
1 97 20
64 25 42
91 5 9
13 92 2
37 45 74
11 90 90
84 55 77
30 21 39
4 94 46
51 102 7
35 29 85
77 93 102
70 11 78
4 6 97
20 63 8
81 50 66
15 40 47
100 51 85
93 103 37
23 40 58
65 1 9
16 66 13
39 62 72
7 56 81
49 22 32
47 68 12
53 67 76
2 27 43
57 45 70
15 88 53
78 95 99
82 54 96
4 48 0
9 14 73
88 33 86
83 35 103
28 50 98
42 69 96
26 92 87
10 22 79
72 66 82
80 98 101
74 57 92
64 65 12
41 86 38
25 32 74
13 29 34
43 18 39
38 61 88
