104
101 15 94
20 103 12
94 68 0
57 64 0
67 46 95
14 67 101
104 70 91
34 37 64
51 95 73
31 40 26
28 4 100
47 90 28
36 44 96
94 104 18
74 61 88
43 60 1
34 76 8
86 13 36
41 53 63
13 44 61
86 15 90
59 71 2
26 93 19
69 46 0
99 8 48
23 88 32
33 69 98
11 7 23
83 95 33
32 48 96
55 7 76
8 63 85
49 78 79
12 19 59
10 57 74
5 62 1
50 16 80
102 72 81
83 19 38
17 35 75
64 44 92
14 79 56
68 80 100
10 65 97
68 75 89
91 29 45
91 49 99
77 41 54
6 67 103
27 49 92
2 29 84
4 72 101
16 54 11
82 84 14
42 29 58
79 18 74
6 30 81
65 51 43
93 11 63
1 21 33
34 20 84
61 81 42
17 31 58
39 78 13
30 103 9
21 60 57
3 24 70
7 89 75
58 45 38
22 40 83
48 52 98
54 89 10
100 73 25
80 85 12
32 42 93
18 35 21
45 90 53
25 37 102
22 20 77
35 47 5
62 66 82
15 55 24
97 36 30
62 87 2
56 71 4
85 50 16
82 17 50
99 23 98
37 66 69
72 87 41
40 6 55
73 96 52
39 70 71
27 53 77
5 9 76
3 24 3
97 78 86
9 22 59
38 28 60
26 87 88
27 47 104
52 51 65
43 102 39
25 92 31
46 56 66
