695
105 3
105 4
5 24
5 105
24 5
24 105
104 5
104 24
73 104
78 24
78 73
78 104
103 78
103 78
16 78
16 103
16 103
1 16
103 1
103 16
1 103
58 103
102 1
102 16
71 58
71 102
92 102
101 71
101 71
50 92
50 101
50 101
1 50
101 1
101 50
1 101
94 1
94 50
94 101
100 94
100 94
10 100
23 10
23 94
23 100
99 23
99 23
39 99
69 99
98 23
98 39
65 98
95 65
95 98
97 69
97 95
44 97
83 44
83 95
83 97
96 83
96 83
67 83
67 96
67 96
1 67
96 1
96 67
1 96
83 1
83 67
83 96
95 83
95 83
36 83
36 95
36 95
1 36
95 1
95 36
1 95
80 95
94 1
94 36
15 94
26 15
26 94
93 26
93 26
64 80
64 93
64 93
1 64
93 1
93 64
1 93
78 1
78 64
78 93
92 78
92 78
9 92
73 9
73 92
91 73
91 73
10 78
10 91
70 10
70 91
90 10
90 70
38 70
38 90
52 38
52 90
89 38
89 52
8 52
8 89
9 89
88 8
88 8
25 9
25 88
25 88
1 25
88 1
88 25
1 88
47 88
87 1
87 25
54 47
54 87
54 87
1 54
87 1
87 54
1 87
81 87
86 1
86 54
32 86
74 32
74 86
85 74
85 74
4 85
42 85
84 4
84 42
36 81
36 84
81 36
81 36
81 84
83 81
83 81
13 81
13 83
13 83
1 13
83 1
83 13
1 83
18 83
82 1
82 13
1 18
1 82
21 1
21 82
81 1
81 21
25 21
25 81
25 81
1 25
81 1
81 25
1 81
60 1
60 25
60 81
80 60
80 60
40 60
40 80
76 40
76 80
79 40
79 76
39 79
70 39
70 76
70 79
78 70
78 70
24 70
24 78
41 78
77 24
77 24
46 77
69 41
69 77
76 46
76 69
14 76
56 14
56 76
75 56
75 56
15 75
30 15
30 69
30 75
74 30
74 30
37 74
43 30
43 74
73 37
73 43
11 73
30 73
72 11
72 30
48 72
53 43
53 72
71 48
71 53
9 71
69 71
70 9
70 53
34 69
34 70
39 34
39 70
69 34
69 39
55 69
63 69
68 39
68 55
28 63
28 68
31 28
31 68
67 28
67 31
40 67
48 31
48 40
48 67
66 48
66 48
25 66
40 25
40 66
65 40
65 40
44 65
57 44
57 65
64 48
64 57
56 57
56 64
59 56
59 56
59 64
63 59
63 59
21 63
40 21
40 59
40 63
62 40
62 40
15 40
15 62
20 62
61 15
61 15
8 20
8 61
8 61
1 8
61 1
61 8
1 61
17 1
17 8
17 61
60 17
60 17
18 17
18 60
20 18
20 18
20 60
59 20
59 20
18 20
18 59
26 18
26 18
26 59
58 26
58 26
44 26
44 58
50 44
50 44
50 58
57 50
57 50
37 57
49 37
49 50
49 57
56 49
56 49
33 56
42 33
42 56
55 42
55 42
40 49
40 55
40 55
1 40
55 1
55 40
1 55
50 1
50 40
50 55
54 50
54 50
37 50
37 54
37 54
1 37
54 1
54 37
1 54
50 1
50 37
50 54
53 50
53 50
13 50
13 53
13 53
1 13
53 1
53 13
1 53
37 1
37 53
52 13
52 37
11 37
11 52
30 11
30 52
51 11
51 30
4 51
22 51
50 4
50 22
25 30
25 50
25 50
1 25
50 1
50 25
1 50
49 50
49 1
28 25
28 49
28 49
1 28
49 1
49 28
1 49
43 49
48 1
48 28
4 43
4 48
4 48
1 4
48 1
48 4
1 48
35 1
35 48
47 4
47 35
7 47
46 7
46 35
46 47
1 46
14 46
15 1
15 14
15 46
45 15
45 15
3 15
3 45
43 3
43 3
43 45
44 43
44 43
35 43
35 44
35 44
1 35
44 1
44 35
1 44
37 44
43 1
43 35
33 37
33 43
33 43
1 33
43 1
43 33
1 43
35 1
35 43
42 33
42 35
4 42
6 4
6 35
6 42
41 6
41 6
4 6
4 41
13 41
40 4
40 4
25 13
25 40
32 25
32 25
32 40
39 32
39 32
10 32
10 39
29 10
29 10
29 39
38 29
38 29
4 29
4 38
4 38
1 4
38 1
38 4
1 38
9 38
37 1
37 4
5 9
5 37
5 37
1 5
37 1
37 5
1 37
35 37
36 1
36 5
7 35
7 36
18 7
18 36
35 7
35 18
2 18
2 35
2 35
1 2
35 1
35 2
1 35
32 1
32 35
34 2
34 32
18 34
25 18
25 34
33 25
33 25
25 32
25 33
30 25
30 33
32 25
32 30
15 30
15 32
17 15
17 15
17 32
31 17
31 17
3 31
3 31
30 3
30 3
7 17
7 30
22 7
22 30
29 7
29 22
24 22
24 29
24 29
1 24
29 1
29 24
1 29
27 1
27 29
28 24
28 27
18 28
19 28
27 18
8 19
8 27
8 27
1 8
27 1
27 8
1 27
10 1
10 27
26 8
26 10
8 10
8 26
8 26
25 8
25 8
11 25
14 25
24 8
24 11
8 14
8 24
19 8
19 8
19 24
23 19
23 19
14 23
16 14
16 23
22 16
22 16
2 22
19 2
19 22
21 19
21 19
6 19
6 21
6 21
1 6
21 1
21 6
1 21
18 1
18 6
18 21
20 18
20 18
1 20
8 1
8 20
19 8
19 8
2 18
2 19
13 2
13 2
13 19
18 13
18 13
2 18
6 2
6 18
17 6
17 6
12 13
12 17
12 17
1 12
17 1
17 12
1 17
15 17
16 1
16 12
3 15
3 16
3 16
1 3
16 1
16 3
1 16
14 1
14 3
14 16
15 14
15 14
2 15
11 2
11 15
14 11
7 14
10 14
13 7
13 10
7 13
11 7
11 13
12 11
12 11
2 12
4 2
4 11
4 12
11 4
11 4
1 4
1 11
4 1
4 11
10 1
10 4
1 10
9 10
9 1
1 4
1 9
4 1
4 9
8 1
8 4
1 8
4 1
4 8
7 4
7 4
3 7
4 7
6 3
6 4
1 4
1 6
5 1
5 6
1 5
4 1
4 5
2 1
2 4
3 4
3 2
1 2
1 3
1 3
