105
9 71 30
93 42 82
84 3 103
9 22 58
45 63 44
78 94 103
65 47 87
8 93 104
15 21 66
21 41 25
39 85 42
1 9 59
52 44 80
45 59 79
25 102 53
58 67 81
7 38 1
66 6 100
17 26 72
85 54 46
11 77 37
79 105 54
86 12 33
42 27 15
18 101 97
84 62 101
29 73 87
16 72 105
43 53 92
103 61 74
35 71 90
68 33 94
53 16 76
20 64 82
94 38 49
11 35 50
80 88 91
63 10 41
57 2 5
1 63 70
15 82 12
56 62 0
66 39 89
40 60 52
104 31 51
74 24 34
73 6 32
27 47 91
70 81 49
13 17 99
78 79 21
91 60 98
69 92 56
23 48 88
50 43 16
29 89 76
37 55 29
28 95 101
14 60 40
40 51 0
25 23 35
43 86 102
86 19 61
24 96 19
39 92 41
98 78 38
30 56 58
4 33 84
37 4 52
34 22 69
75 90 18
87 20 45
14 59 26
89 102 7
72 10 99
11 67 90
49 65 14
83 4 18
13 100 95
105 50 68
26 5 88
19 23 54
6 17 7
51 48 93
12 36 97
8 61 69
95 100 30
32 48 75
36 97 3
67 77 96
24 71 0
3 57 8
28 98 104
10 64 77
13 70 47
2 31 64
22 28 74
27 36 85
99 2 81
5 44 62
46 55 57
31 76 75
20 32 34
83 68 65
46 73 83
55 80 96
