684
106 42
106 60
57 91
57 106
101 57
101 106
105 57
105 101
20 105
101 20
101 105
104 101
104 101
57 104
78 57
78 101
78 104
103 78
103 78
34 78
34 103
34 103
1 34
103 1
103 34
1 103
72 1
72 103
102 34
102 72
45 72
45 102
96 45
96 102
101 45
101 96
7 96
7 101
7 101
1 7
101 1
101 7
1 101
77 1
77 101
100 7
100 77
39 100
81 39
81 100
99 77
99 81
50 99
75 99
98 50
98 75
24 81
24 98
48 24
48 24
48 98
97 48
97 48
4 48
4 97
70 4
70 97
96 4
96 70
39 70
39 96
81 39
81 96
95 39
95 81
50 81
50 95
50 95
1 50
95 1
95 50
1 95
79 1
79 50
79 95
94 79
94 79
38 79
38 94
75 38
75 94
93 38
93 75
48 75
48 93
58 48
58 48
58 93
92 58
92 58
3 58
3 92
89 92
91 3
91 3
46 89
46 91
64 46
64 46
64 91
90 64
90 64
16 64
16 90
76 16
76 90
89 16
89 76
38 76
38 89
85 38
85 89
88 38
88 85
47 88
78 47
78 88
87 78
87 78
1 87
48 87
86 1
86 48
8 85
8 86
8 86
1 8
86 1
86 8
1 86
58 1
58 8
58 86
85 58
85 58
23 58
23 85
41 85
84 23
84 23
60 41
60 84
72 84
83 60
83 60
18 72
18 83
47 18
47 83
82 18
82 47
46 47
46 82
63 46
63 82
81 46
81 63
19 63
19 81
73 81
80 19
80 19
22 73
22 80
28 80
79 22
79 22
21 28
21 79
64 21
64 79
78 21
78 64
16 78
70 16
70 64
70 78
77 70
77 70
35 77
49 77
76 35
76 49
21 70
21 76
21 76
1 21
76 1
76 21
1 76
36 1
36 21
36 76
75 36
75 36
28 36
28 75
63 75
74 28
74 28
43 74
56 43
56 74
73 56
73 56
50 63
50 73
50 73
1 50
73 1
73 50
1 73
59 1
59 50
59 73
72 59
72 59
4 72
27 72
71 4
71 27
34 71
38 71
70 34
70 38
21 59
21 70
49 21
49 70
69 21
69 49
36 69
57 36
57 49
57 69
68 57
68 57
45 68
49 45
49 68
67 49
67 49
34 57
34 67
34 67
1 34
67 1
67 34
1 67
64 1
64 67
66 34
66 64
36 64
36 66
52 66
65 36
65 36
11 52
11 65
11 65
1 11
65 1
65 11
1 65
43 1
43 65
64 11
64 43
42 64
47 64
63 42
63 43
23 47
23 63
23 63
1 23
63 1
63 23
1 63
62 1
62 63
29 23
29 62
29 62
1 29
62 1
62 29
1 62
55 1
55 62
61 29
61 55
10 61
15 10
15 55
15 61
60 15
60 15
34 15
34 60
34 60
1 34
60 1
60 34
1 60
44 1
44 34
44 60
59 44
59 44
42 59
57 59
58 42
58 44
35 58
45 35
45 57
45 58
57 45
57 45
3 45
3 57
3 57
1 3
57 1
57 3
1 57
26 1
26 3
26 57
56 26
56 26
3 26
3 56
27 3
27 3
27 56
55 27
55 27
19 55
50 19
50 27
50 55
54 50
54 50
27 50
27 54
47 27
47 54
53 27
53 47
4 47
4 53
8 4
8 4
8 53
52 8
52 8
24 8
24 52
37 52
51 24
51 24
6 37
6 51
6 51
1 6
51 1
51 6
1 51
43 1
43 51
50 6
50 43
16 50
37 16
37 50
49 37
49 37
1 49
40 49
48 1
48 40
30 48
46 30
46 43
46 48
47 46
47 46
3 47
20 47
46 3
11 46
25 11
25 20
25 46
45 25
45 25
22 45
34 22
34 45
44 25
44 34
29 44
31 29
31 34
31 44
43 31
43 31
9 43
18 9
18 31
18 43
42 18
42 18
27 42
37 18
37 42
41 27
41 37
9 37
9 41
9 41
1 9
41 1
41 9
1 41
39 1
39 41
40 9
40 39
12 39
12 40
12 40
1 12
40 1
40 12
1 40
17 40
39 1
39 12
4 17
4 39
35 39
38 4
38 4
5 35
5 38
12 38
37 5
37 5
13 37
27 37
36 12
36 13
16 27
16 36
16 36
1 16
36 1
36 16
1 36
18 36
35 1
35 16
6 18
6 35
32 35
34 6
34 6
28 32
28 34
28 34
1 28
34 1
34 28
1 34
33 1
33 34
10 33
29 10
29 33
32 28
32 29
11 29
11 32
11 32
1 11
32 1
32 11
1 32
19 1
19 32
31 11
31 19
9 19
9 31
9 31
1 9
31 1
31 9
1 31
30 1
30 31
21 9
21 30
21 30
1 21
30 1
30 21
1 30
27 30
29 1
29 21
27 29
27 29
1 27
29 1
29 27
1 29
28 29
28 1
4 27
4 28
13 4
13 28
27 4
27 13
4 27
21 4
21 27
26 13
26 21
14 21
14 26
16 14
16 14
16 26
25 16
25 16
1 16
1 25
6 1
6 25
24 1
24 6
2 6
2 24
8 2
8 2
8 24
23 8
23 8
1 8
1 23
11 1
11 1
11 23
22 11
22 11
8 22
21 22
21 8
1 21
20 1
20 11
20 21
1 20
6 1
6 20
6 20
1 6
20 1
20 6
1 20
19 20
19 1
15 6
15 19
15 19
1 15
19 1
19 15
1 19
18 19
18 1
4 18
16 4
16 18
17 15
17 16
4 17
15 4
15 17
16 15
13 15
13 16
15 13
15 13
15 16
1 15
7 15
13 1
13 15
14 7
14 13
5 13
5 14
5 14
1 5
14 1
14 5
1 14
7 1
7 5
7 14
13 7
13 7
3 7
3 13
3 13
1 3
13 1
13 3
1 13
9 13
12 1
12 3
2 9
2 12
5 12
11 2
11 2
9 11
9 5
9 11
10 9
10 9
5 10
6 5
6 10
9 6
3 6
3 9
3 9
8 3
8 3
1 8
7 8
7 1
1 3
1 7
6 1
6 1
6 7
1 6
2 6
4 1
4 6
5 2
5 4
2 5
3 5
4 2
1 3
1 4
1 4
3 1
3 1
2 3
2 3
1 2
1 2
