701
107 19
107 36
40 65
40 107
80 40
80 107
106 40
106 80
70 80
70 106
96 70
96 70
96 106
105 96
105 96
31 96
31 105
31 105
1 31
105 1
105 31
1 105
84 1
84 105
104 31
104 84
61 104
64 104
103 61
103 64
28 84
28 103
28 103
1 28
103 1
103 28
1 103
43 103
102 1
102 28
38 43
38 102
91 102
101 38
101 38
25 101
53 101
100 25
100 53
39 91
39 100
39 100
1 39
100 1
100 39
1 100
65 100
99 1
99 39
17 65
17 99
30 99
98 17
98 17
18 98
91 98
97 18
97 30
29 91
29 97
81 29
81 29
81 97
96 81
96 81
6 81
6 96
6 96
1 6
96 1
96 6
1 96
20 96
95 1
95 6
9 95
21 9
21 20
21 95
94 21
94 21
17 21
17 94
17 94
1 17
94 1
94 17
1 94
91 1
91 94
93 17
93 91
15 91
15 93
89 15
89 93
92 15
92 89
14 92
64 14
64 92
91 64
91 64
46 91
86 46
86 91
90 86
90 86
16 89
16 90
16 90
1 16
90 1
90 16
1 90
67 90
89 1
89 16
65 89
68 65
68 67
68 89
88 68
88 68
2 68
2 88
75 2
75 2
75 88
87 75
87 75
44 75
44 87
45 87
86 44
86 44
57 45
57 86
82 57
82 57
82 86
85 82
85 82
1 85
30 85
84 1
84 30
48 82
48 84
83 48
83 48
83 84
1 83
12 83
38 83
82 1
82 12
34 38
34 82
34 82
1 34
82 1
82 34
1 82
48 1
48 82
81 34
81 48
36 81
43 81
80 36
80 43
23 48
23 80
67 23
67 80
79 23
79 67
21 67
21 79
76 21
76 79
78 21
78 76
1 76
1 78
32 78
77 1
77 1
15 77
18 15
18 77
76 18
76 18
22 76
41 22
41 32
41 76
75 41
75 41
23 75
64 75
74 23
74 41
45 74
47 74
73 45
73 47
42 73
63 42
63 64
63 73
72 63
72 63
40 63
40 72
59 40
59 40
59 72
71 59
71 59
23 59
23 71
37 23
37 23
37 71
70 37
70 37
40 37
40 70
40 70
1 40
70 1
70 40
1 70
69 70
69 1
21 69
62 21
62 40
62 69
68 62
68 62
22 62
22 68
39 68
67 22
67 22
14 39
14 67
14 67
1 14
67 1
67 14
1 67
53 1
53 14
53 67
66 53
66 53
31 53
31 66
31 66
1 31
66 1
66 31
1 66
59 1
59 66
65 31
65 59
6 59
6 65
6 65
1 6
65 1
65 6
1 65
30 1
30 6
30 65
64 30
64 30
22 30
22 64
61 64
63 22
63 22
11 61
11 63
49 11
49 11
49 63
62 49
62 49
20 49
20 62
38 20
38 20
38 62
61 38
61 38
37 61
39 37
39 61
60 38
60 39
11 39
11 60
35 11
35 60
59 11
59 35
1 35
1 59
26 1
26 59
58 1
58 26
1 58
46 58
57 1
57 26
30 46
30 57
47 57
56 30
56 30
15 47
15 56
33 15
33 56
55 15
55 33
6 55
6 55
54 6
54 6
8 54
44 8
44 54
53 33
53 44
7 44
7 53
29 7
29 53
52 7
52 29
8 29
8 52
18 52
51 8
51 8
7 18
7 51
17 51
50 7
50 7
3 17
3 50
3 50
1 3
50 1
50 3
1 50
42 50
49 1
49 3
29 42
29 49
42 29
42 49
48 29
48 42
44 48
45 42
45 44
45 48
47 45
47 45
20 45
20 47
36 47
46 20
46 20
5 46
8 5
8 46
45 8
45 8
5 36
5 45
22 5
22 5
22 45
44 22
44 22
3 22
3 44
3 44
1 3
44 1
44 3
1 44
23 44
43 1
43 3
9 43
31 9
31 23
31 43
42 31
42 31
31 42
37 31
37 31
37 42
41 37
41 37
9 37
9 41
19 41
40 9
40 9
1 40
6 1
6 19
6 40
39 6
39 6
5 6
5 39
5 39
1 5
39 1
39 5
1 39
26 39
38 1
38 5
33 26
33 38
35 38
37 33
37 33
1 35
1 37
28 1
28 1
28 37
36 28
36 28
18 36
19 18
19 28
19 36
35 19
35 19
20 35
25 19
25 20
25 35
34 25
34 25
18 25
18 34
18 34
1 18
34 1
34 18
1 34
21 1
21 18
21 34
33 21
33 21
13 21
13 33
31 33
32 13
32 13
13 32
26 13
26 31
26 32
31 26
31 26
6 26
6 31
6 31
1 6
31 1
31 6
1 31
22 1
22 31
30 6
30 22
7 22
7 30
21 7
21 30
29 7
29 21
5 21
5 29
5 29
1 5
29 1
29 5
1 29
19 1
19 29
28 5
28 19
1 28
5 1
5 19
5 28
27 5
27 5
5 27
5 27
1 5
27 1
27 5
1 27
9 27
26 1
26 5
2 26
10 26
25 2
25 9
2 10
2 25
4 2
4 2
4 25
24 4
24 4
2 4
2 24
2 24
23 2
23 2
1 2
1 23
1 23
2 1
23 2
23 1
2 23
12 1
12 23
22 2
22 12
8 22
11 8
11 22
21 11
21 11
16 12
16 21
16 21
1 16
21 1
21 16
1 21
19 21
20 1
20 16
4 19
4 20
4 20
1 4
20 1
20 4
1 20
7 20
19 1
19 4
15 7
15 19
15 19
1 15
19 1
19 15
1 19
18 19
18 1
8 18
12 8
12 18
17 12
17 12
4 17
9 4
9 15
9 17
16 9
16 9
5 9
5 16
12 16
15 5
15 5
9 12
9 15
9 15
1 9
15 1
15 9
1 15
14 1
14 9
14 15
1 14
8 1
8 14
9 8
9 14
13 8
13 9
5 13
10 5
10 9
10 13
12 10
12 10
1 10
1 12
1 12
2 1
12 2
12 1
2 12
6 12
11 1
11 2
1 11
6 11
10 1
10 6
3 6
3 10
3 10
1 3
10 1
10 3
1 10
8 1
8 3
8 10
9 8
9 8
4 9
6 4
6 9
8 6
1 8
5 1
5 8
7 5
7 5
2 6
2 7
3 7
6 2
6 2
1 3
1 6
4 1
4 1
4 6
5 4
5 4
1 5
3 1
3 4
3 5
4 3
4 3
1 4
2 1
2 4
3 2
1 2
1 3
1 3
