106
17 28 62
67 7 61
11 56 40
54 89 67
48 41 86
97 8 54
10 99 14
26 4 6
35 66 47
50 81 73
23 43 32
92 17 105
50 68 46
2 10 31
83 3 74
90 102 27
12 22 16
75 53 65
59 79 0
85 61 97
47 26 100
41 71 39
17 63 85
67 79 85
36 38 13
15 96 98
60 64 60
94 95 105
77 34 91
103 8 22
70 106 33
15 15 28
68 82 50
93 40 88
36 21 44
59 35 0
52 9 10
61 19 33
80 29 65
101 25 80
39 106 72
58 72 51
100 56 94
9 55 66
14 44 55
86 36 76
88 44 57
14 30 75
43 84 21
11 56 78
5 42 86
4 72 59
2 102 13
6 77 46
8 32 106
82 92 95
74 37 57
104 73 104
1 29 60
21 23 83
29 46 24
69 81 38
51 78 11
18 31 24
103 77 0
62 84 99
2 63 90
16 52 78
69 89 101
101 49 88
52 62 96
1 91 43
51 74 84
57 98 87
7 73 54
39 45 83
53 87 96
28 4 69
45 89 20
63 25 1
34 5 99
37 9 48
30 40 93
30 70 98
27 64 93
37 76 104
55 91 20
7 42 71
16 3 82
90 6 23
76 12 19
31 79 53
3 20 5
12 45 75
47 95 35
49 58 68
34 27 41
65 18 64
22 71 103
80 100 42
13 105 102
19 38 48
94 26 18
24 32 81
70 58 97
49 87 92
25 33 66
