107
74 20 48
20 53 81
107 85 101
8 69 33
62 55 59
50 90 96
101 48 26
76 49 61
47 66 50
78 13 43
77 17 67
38 98 97
1 42 43
75 95 29
77 81 24
13 60 25
86 28 8
15 25 57
3 7 32
24 8 24
48 36 37
95 86 63
5 16 89
70 35 0
91 28 75
45 40 103
44 81 90
31 34 39
51 42 72
53 30 22
15 106 76
63 73 102
6 41 77
41 53 74
19 101 99
82 23 91
39 7 2
18 61 47
56 93 27
88 97 102
100 3 39
25 58 92
26 9 40
96 62 70
21 47 107
10 16 57
12 52 103
6 18 69
16 19 37
91 89 11
89 107 95
26 45 87
5 10 21
97 93 0
23 62 13
54 66 105
98 64 32
78 12 92
14 17 88
14 104 55
38 44 65
100 74 87
11 65 1
15 31 44
28 84 71
33 1 68
34 29 88
96 27 67
102 18 34
72 84 46
94 58 106
6 31 0
67 35 73
35 80 94
17 94 7
65 66 42
2 32 46
99 59 64
80 103 90
4 20 22
49 64 104
71 4 33
11 71 72
105 2 5
29 4 38
73 85 61
43 76 83
23 41 52
37 63 99
12 14 84
19 70 60
87 105 68
3 56 83
56 78 82
30 54 98
10 79 51
75 22 45
27 51 106
40 9 54
36 69 79
82 93 49
46 52 79
60 85 86
21 55 57
58 100 104
83 30 36
9 80 92
59 68 50
