702
108 24
108 54
5 108
78 5
78 108
107 72
107 78
43 78
43 107
99 43
99 107
106 43
106 99
87 106
93 106
105 87
105 93
42 99
42 105
71 42
71 105
104 42
104 71
45 71
45 104
45 104
1 45
104 1
104 45
1 104
53 104
103 1
103 45
16 53
16 103
91 103
102 16
102 16
70 102
77 102
101 70
101 77
36 91
36 101
36 101
1 36
101 1
101 36
1 101
94 101
100 1
100 36
21 94
21 100
43 100
99 21
99 21
26 43
26 99
78 99
98 26
98 26
39 98
68 39
68 98
97 68
97 68
14 78
14 97
14 97
1 14
97 1
97 14
1 97
25 97
96 1
96 14
46 25
46 96
46 96
1 46
96 1
96 46
1 96
53 1
53 96
95 46
95 53
21 95
30 21
30 95
94 30
94 30
39 53
39 94
39 94
1 39
94 1
94 39
1 94
93 1
93 94
19 39
19 93
19 93
1 19
93 1
93 19
1 93
41 1
41 93
92 19
92 41
52 92
62 92
91 41
91 52
35 62
35 91
35 91
1 35
91 1
91 35
1 91
49 1
49 91
90 35
90 49
47 49
47 90
47 90
1 47
90 1
90 47
1 90
58 1
58 90
89 47
89 58
30 58
30 89
47 30
47 30
47 89
88 47
88 47
36 47
36 88
55 36
55 36
55 88
87 55
87 55
10 87
13 87
86 10
86 13
32 55
32 86
73 86
85 32
85 32
67 73
67 85
78 85
84 67
84 67
41 78
41 84
56 84
83 41
83 41
50 83
63 50
63 56
63 83
82 63
82 63
41 82
65 82
81 41
81 63
8 65
8 81
70 81
80 8
80 8
32 80
63 32
63 80
79 63
79 63
74 70
74 79
78 74
78 79
30 74
30 78
62 78
77 30
77 30
37 77
67 77
76 37
76 62
56 76
61 76
75 56
75 61
11 67
11 75
59 11
59 75
74 11
74 59
24 59
24 74
73 24
73 74
53 73
67 73
72 24
72 53
33 67
33 72
33 72
1 33
72 1
72 33
1 72
48 1
48 33
48 72
71 48
71 48
61 71
70 71
70 48
29 70
41 29
41 70
69 41
69 41
40 69
55 69
68 40
68 55
6 68
44 6
44 61
44 68
67 44
67 44
28 44
28 67
41 28
41 67
66 28
66 41
4 66
63 4
63 41
63 66
65 63
65 63
17 63
17 65
25 17
25 65
64 17
64 25
18 25
18 64
18 64
1 18
64 1
64 18
1 64
31 1
31 18
31 64
63 31
63 31
10 63
38 10
38 63
62 31
62 38
19 38
19 62
19 62
1 19
62 1
62 19
1 62
41 1
41 19
41 62
61 41
61 41
12 41
12 61
12 61
1 12
61 1
61 12
1 61
32 1
32 61
60 12
60 32
49 32
49 60
59 49
59 49
59 60
1 59
5 59
57 1
57 59
58 5
58 57
5 58
10 5
10 57
10 58
57 10
57 10
12 10
12 57
46 57
56 12
56 12
43 46
43 56
53 43
53 56
55 43
55 53
29 55
32 29
32 55
54 32
54 32
40 53
40 54
41 54
53 40
53 40
23 41
23 53
23 53
1 23
53 1
53 23
1 53
44 1
44 53
52 23
52 44
7 52
43 7
43 44
43 52
51 43
51 43
41 51
50 41
50 51
25 43
25 50
25 50
1 25
50 1
50 25
1 50
49 50
49 1
23 25
23 49
46 23
46 49
48 23
48 46
3 46
3 48
3 48
1 3
48 1
48 3
1 48
43 1
43 48
47 3
47 43
11 47
16 47
46 11
46 16
26 46
29 26
29 43
29 46
45 29
45 29
7 29
7 45
21 7
21 7
21 45
44 21
44 21
11 21
11 44
11 44
1 11
44 1
44 11
1 44
15 1
15 11
15 44
43 15
43 15
14 15
14 43
22 14
22 14
22 43
42 22
42 22
18 22
18 42
39 18
39 18
39 42
41 39
41 39
5 39
5 41
5 41
1 5
41 1
41 5
1 41
36 41
40 1
40 5
11 36
11 40
24 11
24 40
39 11
39 24
13 24
13 39
13 39
1 13
39 1
39 13
1 39
19 39
38 1
38 13
28 19
28 38
33 38
37 28
37 28
25 33
25 37
25 37
1 25
37 1
37 25
1 37
35 1
35 25
35 37
36 35
36 35
14 36
17 14
17 35
17 36
35 17
35 17
2 35
27 2
27 35
34 17
34 27
15 27
15 34
33 15
33 34
7 33
11 7
11 33
32 11
32 11
10 15
10 32
14 10
14 32
31 10
31 14
4 14
4 31
4 31
1 4
31 1
31 4
1 31
20 1
20 31
30 4
30 20
2 20
2 30
27 2
27 30
29 2
29 27
3 27
3 29
24 29
28 3
28 3
21 24
21 28
21 28
1 21
28 1
28 21
1 28
25 1
25 28
27 21
27 25
10 25
10 27
24 10
24 27
26 10
26 24
2 26
21 2
21 26
25 21
25 21
11 25
19 25
24 11
6 24
15 6
15 24
23 15
23 15
4 23
18 4
18 23
22 18
22 18
11 19
11 22
11 22
1 11
22 1
22 11
1 22
17 1
17 11
17 22
21 17
21 17
5 17
5 21
5 21
1 5
21 1
21 5
1 21
20 1
20 5
20 21
1 20
6 1
6 20
12 6
12 6
12 20
19 12
19 12
8 12
8 19
8 19
1 8
19 1
19 8
1 19
13 1
13 8
13 19
18 13
18 13
2 18
4 2
4 18
17 4
17 4
7 17
9 7
9 13
9 17
16 9
16 9
10 9
10 16
10 16
1 10
16 1
16 10
1 16
11 16
15 1
15 10
3 15
8 15
14 3
14 8
2 11
2 14
9 2
9 14
13 2
13 9
9 13
12 9
12 9
12 13
1 12
2 1
2 12
3 12
11 2
11 2
7 3
7 11
7 11
1 7
11 1
11 7
1 11
10 1
10 11
1 7
1 10
1 10
2 1
10 2
10 1
2 10
5 1
5 2
5 10
9 5
9 5
2 9
8 2
8 5
8 9
1 8
1 8
1 8
2 1
8 2
8 1
2 8
2 8
7 1
7 2
4 7
6 2
6 7
3 6
3 4
3 6
5 3
5 3
2 5
4 5
4 2
1 4
1 3
1 4
3 1
3 1
2 3
2 3
1 2
1 2
