108
59 96 71
44 68 34
5 45 58
20 105 83
38 1 76
8 75 0
16 37 25
21 2 26
12 101 36
15 16 52
32 81 81
89 11 68
35 100 34
8 50 30
7 79 107
70 11 77
22 78 84
19 6 74
25 76 23
68 69 91
6 5 17
28 108 66
15 55 49
39 72 7
14 42 73
17 58 94
91 64 71
67 14 54
33 37 62
25 27 29
10 97 48
105 16 83
29 98 46
72 43 58
33 51 8
46 42 85
1 36 62
61 103 18
57 69 19
13 63 95
56 2 48
56 27 42
2 32 44
60 10 56
23 31 66
97 12 70
80 41 89
82 17 46
83 93 38
86 106 13
104 55 102
75 50 60
4 74 3
53 10 73
27 61 99
3 87 86
87 37 80
90 65 33
52 94 86
47 88 103
81 107 101
66 49 43
24 30 29
53 57 67
28 41 65
96 51 72
38 48 93
1 45 98
6 50 88
84 99 47
30 59 64
44 104 100
31 79 92
11 54 55
9 75 85
88 18 98
54 91 9
35 63 100
49 78 97
41 70 82
57 92 5
26 71 102
21 103 105
64 26 60
19 24 108
90 63 0
24 52 79
43 82 102
76 101 69
4 7 20
106 31 53
22 61 94
40 77 4
62 14 90
40 28 96
45 32 35
9 51 95
39 106 0
18 99 13
47 67 87
107 59 40
3 12 39
65 74 80
77 15 22
34 36 108
20 89 93
23 85 21
73 84 104
78 92 95
