743
109 6
109 86
17 98
17 109
79 17
79 109
108 17
108 79
25 108
54 108
107 25
107 54
19 107
45 19
45 79
45 107
106 45
106 45
4 45
4 106
4 106
1 4
106 1
106 4
1 106
90 106
105 1
105 4
2 105
13 105
104 2
104 13
16 104
93 16
93 104
103 90
103 93
58 93
58 103
65 103
102 58
102 58
53 102
56 53
56 65
56 102
101 56
101 56
15 101
61 15
61 101
100 56
100 61
60 61
60 100
60 100
1 60
100 1
100 60
1 100
70 100
99 1
99 60
38 99
76 38
76 99
98 70
98 76
24 76
24 98
24 98
1 24
98 1
98 24
1 98
58 1
58 98
97 24
97 58
75 58
75 97
75 97
1 75
97 1
97 75
1 97
77 97
96 1
96 75
3 77
3 96
68 3
68 96
95 3
95 68
56 68
56 95
56 95
1 56
95 1
95 56
1 95
93 1
93 56
93 95
94 93
94 93
29 94
37 94
93 29
58 37
58 93
58 93
1 58
93 1
93 58
1 93
86 1
86 58
86 93
92 86
92 86
2 92
17 2
17 86
17 92
91 17
91 17
50 17
50 91
76 50
76 91
90 50
90 76
16 90
53 16
53 76
53 90
89 53
89 53
5 89
19 5
19 89
88 19
88 19
34 53
34 88
62 88
87 34
87 34
63 62
63 87
63 87
1 63
87 1
87 63
1 87
85 1
85 87
86 63
86 85
26 86
59 26
59 86
85 59
18 59
18 85
18 85
1 18
85 1
85 18
1 85
39 85
84 1
84 18
27 39
27 84
71 84
83 27
83 27
8 71
8 83
8 83
1 8
83 1
83 8
1 83
25 83
82 1
82 8
18 82
71 82
81 18
81 25
39 71
39 81
39 81
1 39
81 1
81 39
1 81
64 1
64 81
80 39
80 64
47 64
47 80
65 47
65 80
79 47
79 65
23 79
62 23
62 79
78 62
78 62
13 65
13 78
13 78
1 13
78 1
78 13
1 78
56 1
56 13
56 78
77 56
77 56
28 77
74 28
74 77
76 56
76 74
60 74
60 76
69 76
75 60
75 60
9 69
9 75
9 75
1 9
75 1
75 9
1 75
46 1
46 75
74 9
74 46
12 46
12 74
16 12
16 74
73 12
73 16
17 16
17 73
47 73
72 17
72 17
2 47
2 72
2 72
1 2
72 1
72 2
1 72
43 72
71 1
71 2
14 71
63 14
63 71
70 43
70 63
43 70
65 43
65 70
69 63
69 65
18 65
18 69
21 18
21 18
21 69
68 21
68 21
5 21
5 68
37 5
37 5
37 68
67 37
67 37
5 37
5 67
5 67
1 5
67 1
67 5
1 67
49 67
66 1
66 5
1 49
1 66
3 66
65 1
65 1
21 3
21 65
22 21
22 21
22 65
64 22
64 22
17 22
17 64
17 64
1 17
64 1
64 17
1 64
54 1
54 17
54 64
63 54
63 54
12 63
25 63
62 12
62 25
3 62
21 3
21 62
61 21
61 21
11 61
11 61
60 11
60 11
3 60
18 3
18 54
18 60
59 18
59 18
10 59
34 59
58 10
58 18
29 34
29 58
29 58
1 29
58 1
58 29
1 58
35 1
35 29
35 58
57 35
57 35
21 35
21 57
21 57
1 21
57 1
57 21
1 57
47 1
47 57
56 21
56 47
26 47
26 56
53 56
55 26
55 26
30 53
30 55
42 30
42 55
54 30
54 42
4 54
37 54
53 4
53 37
20 42
20 53
39 20
39 53
52 20
52 39
6 39
6 52
11 6
11 52
51 6
51 11
1 51
22 51
50 1
50 11
12 22
12 50
47 50
49 12
49 12
32 49
45 49
48 32
48 45
19 48
20 19
20 48
47 20
1 47
35 1
35 20
35 47
46 35
46 35
14 46
31 14
31 46
45 31
45 31
12 45
37 12
37 35
37 45
44 37
44 37
8 37
8 44
8 44
1 8
44 1
44 8
1 44
19 44
43 1
43 8
8 19
8 43
41 8
41 43
42 8
42 41
37 41
37 42
37 42
1 37
42 1
42 37
1 42
41 1
41 37
41 42
1 41
4 1
4 41
4 41
1 4
41 1
41 4
1 41
5 1
5 4
5 41
40 5
40 5
16 40
24 5
24 16
24 40
39 24
39 24
6 39
19 6
19 39
38 19
38 19
18 24
18 38
26 38
37 18
37 18
10 26
10 37
10 37
1 10
37 1
37 10
1 37
23 1
23 10
23 37
36 23
36 23
32 36
33 36
35 23
35 32
2 33
2 35
20 2
20 2
20 35
34 20
34 20
12 20
12 34
16 34
33 12
33 12
1 33
4 1
4 16
4 33
32 4
32 4
16 32
27 4
27 32
31 16
31 27
17 31
18 31
30 17
30 18
7 30
19 7
19 27
19 30
29 19
29 19
1 29
23 1
23 19
23 29
28 23
28 23
8 23
8 28
8 28
1 8
28 1
28 8
1 28
13 1
13 8
13 28
27 13
27 13
2 27
23 27
26 2
26 13
13 23
13 26
17 26
25 13
25 13
20 17
20 25
20 25
1 20
25 1
25 20
1 25
23 1
23 25
24 20
24 23
5 24
5 23
5 24
23 5
23 5
10 23
11 5
11 23
22 10
22 11
12 11
12 22
12 22
1 12
22 1
22 12
1 22
16 22
21 1
21 12
6 16
6 21
6 21
1 6
21 1
21 6
1 21
14 1
14 6
14 21
20 14
20 14
1 14
1 20
1 20
2 1
20 2
20 1
2 20
12 1
12 20
19 2
19 12
10 12
10 19
10 19
1 10
19 1
19 10
1 19
14 1
14 10
14 19
18 14
18 14
6 14
6 18
6 18
1 6
18 1
18 6
1 18
9 1
9 6
9 18
17 9
17 9
5 9
5 17
14 17
16 5
16 5
2 14
2 16
2 16
1 2
16 1
16 2
1 16
11 1
11 16
15 2
15 11
4 11
4 15
4 15
1 4
15 1
15 4
1 15
9 15
14 1
14 4
1 14
13 14
13 1
3 9
3 13
4 3
4 3
4 13
12 4
12 4
2 4
2 12
2 12
1 2
12 1
12 2
1 12
3 1
3 12
11 2
11 3
5 3
5 11
6 5
6 11
10 5
10 6
2 10
7 10
9 2
9 6
4 9
5 4
5 9
8 5
8 5
5 8
6 5
6 7
6 8
7 6
7 6
1 7
6 1
6 7
1 6
2 1
2 6
4 2
4 6
5 2
5 4
1 4
1 5
1 5
2 1
5 2
5 1
2 5
4 1
4 2
4 5
1 4
1 4
3 1
3 1
3 4
1 3
1 3
2 1
2 3
1 2
1 2
