9315
1 1000
334 1000
667 1000
999 1
999 334
333 667
333 999
333 999
1 333
999 1
999 333
1 999
666 1
666 333
666 999
998 666
998 666
332 666
332 998
332 998
1 332
998 1
998 332
1 998
665 1
665 332
665 998
997 665
997 665
331 665
331 997
331 997
1 331
997 1
997 331
1 997
664 1
664 331
664 997
996 664
996 664
330 664
330 996
330 996
1 330
996 1
996 330
1 996
663 1
663 330
663 996
995 663
995 663
329 663
329 995
329 995
1 329
995 1
995 329
1 995
662 1
662 329
662 995
994 662
994 662
328 662
328 994
328 994
1 328
994 1
994 328
1 994
661 1
661 328
661 994
993 661
993 661
327 661
327 993
327 993
1 327
993 1
993 327
1 993
660 1
660 327
660 993
992 660
992 660
326 660
326 992
326 992
1 326
992 1
992 326
1 992
659 1
659 326
659 992
991 659
991 659
325 659
325 991
325 991
1 325
991 1
991 325
1 991
658 1
658 325
658 991
990 658
990 658
324 658
324 990
324 990
1 324
990 1
990 324
1 990
657 1
657 324
657 990
989 657
989 657
323 657
323 989
323 989
1 323
989 1
989 323
1 989
656 1
656 323
656 989
988 656
988 656
322 656
322 988
322 988
1 322
988 1
988 322
1 988
655 1
655 322
655 988
987 655
987 655
321 655
321 987
321 987
1 321
987 1
987 321
1 987
654 1
654 321
654 987
986 654
986 654
320 654
320 986
320 986
1 320
986 1
986 320
1 986
653 1
653 320
653 986
985 653
985 653
319 653
319 985
319 985
1 319
985 1
985 319
1 985
652 1
652 319
652 985
984 652
984 652
318 652
318 984
318 984
1 318
984 1
984 318
1 984
651 1
651 318
651 984
983 651
983 651
317 651
317 983
317 983
1 317
983 1
983 317
1 983
650 1
650 317
650 983
982 650
982 650
316 650
316 982
316 982
1 316
982 1
982 316
1 982
649 1
649 316
649 982
981 649
981 649
315 649
315 981
315 981
1 315
981 1
981 315
1 981
648 1
648 315
648 981
980 648
980 648
314 648
314 980
314 980
1 314
980 1
980 314
1 980
647 1
647 314
647 980
979 647
979 647
313 647
313 979
313 979
1 313
979 1
979 313
1 979
646 1
646 313
646 979
978 646
978 646
312 646
312 978
312 978
1 312
978 1
978 312
1 978
645 1
645 312
645 978
977 645
977 645
311 645
311 977
311 977
1 311
977 1
977 311
1 977
644 1
644 311
644 977
976 644
976 644
310 644
310 976
310 976
1 310
976 1
976 310
1 976
643 1
643 310
643 976
975 643
975 643
309 643
309 975
309 975
1 309
975 1
975 309
1 975
642 1
642 309
642 975
974 642
974 642
308 642
308 974
308 974
1 308
974 1
974 308
1 974
641 1
641 308
641 974
973 641
973 641
307 641
307 973
307 973
1 307
973 1
973 307
1 973
640 1
640 307
640 973
972 640
972 640
306 640
306 972
306 972
1 306
972 1
972 306
1 972
639 1
639 306
639 972
971 639
971 639
305 639
305 971
305 971
1 305
971 1
971 305
1 971
638 1
638 305
638 971
970 638
970 638
304 638
304 970
304 970
1 304
970 1
970 304
1 970
637 1
637 304
637 970
969 637
969 637
303 637
303 969
303 969
1 303
969 1
969 303
1 969
636 1
636 303
636 969
968 636
968 636
302 636
302 968
302 968
1 302
968 1
968 302
1 968
635 1
635 302
635 968
967 635
967 635
301 635
301 967
301 967
1 301
967 1
967 301
1 967
634 1
634 301
634 967
966 634
966 634
300 634
300 966
300 966
1 300
966 1
966 300
1 966
633 1
633 300
633 966
965 633
965 633
299 633
299 965
299 965
1 299
965 1
965 299
1 965
632 1
632 299
632 965
964 632
964 632
298 632
298 964
298 964
1 298
964 1
964 298
1 964
631 1
631 298
631 964
963 631
963 631
297 631
297 963
297 963
1 297
963 1
963 297
1 963
630 1
630 297
630 963
962 630
962 630
296 630
296 962
296 962
1 296
962 1
962 296
1 962
629 1
629 296
629 962
961 629
961 629
295 629
295 961
295 961
1 295
961 1
961 295
1 961
628 1
628 295
628 961
960 628
960 628
294 628
294 960
294 960
1 294
960 1
960 294
1 960
627 1
627 294
627 960
959 627
959 627
293 627
293 959
293 959
1 293
959 1
959 293
1 959
626 1
626 293
626 959
958 626
958 626
292 626
292 958
292 958
1 292
958 1
958 292
1 958
625 1
625 292
625 958
957 625
957 625
291 625
291 957
291 957
1 291
957 1
957 291
1 957
624 1
624 291
624 957
956 624
956 624
290 624
290 956
290 956
1 290
956 1
956 290
1 956
623 1
623 290
623 956
955 623
955 623
289 623
289 955
289 955
1 289
955 1
955 289
1 955
622 1
622 289
622 955
954 622
954 622
288 622
288 954
288 954
1 288
954 1
954 288
1 954
621 1
621 288
621 954
953 621
953 621
287 621
287 953
287 953
1 287
953 1
953 287
1 953
620 1
620 287
620 953
952 620
952 620
286 620
286 952
286 952
1 286
952 1
952 286
1 952
619 1
619 286
619 952
951 619
951 619
285 619
285 951
285 951
1 285
951 1
951 285
1 951
618 1
618 285
618 951
950 618
950 618
284 618
284 950
284 950
1 284
950 1
950 284
1 950
617 1
617 284
617 950
949 617
949 617
283 617
283 949
283 949
1 283
949 1
949 283
1 949
616 1
616 283
616 949
948 616
948 616
282 616
282 948
282 948
1 282
948 1
948 282
1 948
615 1
615 282
615 948
947 615
947 615
281 615
281 947
281 947
1 281
947 1
947 281
1 947
614 1
614 281
614 947
946 614
946 614
280 614
280 946
280 946
1 280
946 1
946 280
1 946
613 1
613 280
613 946
945 613
945 613
279 613
279 945
279 945
1 279
945 1
945 279
1 945
612 1
612 279
612 945
944 612
944 612
278 612
278 944
278 944
1 278
944 1
944 278
1 944
611 1
611 278
611 944
943 611
943 611
277 611
277 943
277 943
1 277
943 1
943 277
1 943
610 1
610 277
610 943
942 610
942 610
276 610
276 942
276 942
1 276
942 1
942 276
1 942
609 1
609 276
609 942
941 609
941 609
275 609
275 941
275 941
1 275
941 1
941 275
1 941
608 1
608 275
608 941
940 608
940 608
274 608
274 940
274 940
1 274
940 1
940 274
1 940
607 1
607 274
607 940
939 607
939 607
273 607
273 939
273 939
1 273
939 1
939 273
1 939
606 1
606 273
606 939
938 606
938 606
272 606
272 938
272 938
1 272
938 1
938 272
1 938
605 1
605 272
605 938
937 605
937 605
271 605
271 937
271 937
1 271
937 1
937 271
1 937
604 1
604 271
604 937
936 604
936 604
270 604
270 936
270 936
1 270
936 1
936 270
1 936
603 1
603 270
603 936
935 603
935 603
269 603
269 935
269 935
1 269
935 1
935 269
1 935
602 1
602 269
602 935
934 602
934 602
268 602
268 934
268 934
1 268
934 1
934 268
1 934
601 1
601 268
601 934
933 601
933 601
267 601
267 933
267 933
1 267
933 1
933 267
1 933
600 1
600 267
600 933
932 600
932 600
266 600
266 932
266 932
1 266
932 1
932 266
1 932
599 1
599 266
599 932
931 599
931 599
265 599
265 931
265 931
1 265
931 1
931 265
1 931
598 1
598 265
598 931
930 598
930 598
264 598
264 930
264 930
1 264
930 1
930 264
1 930
597 1
597 264
597 930
929 597
929 597
263 597
263 929
263 929
1 263
929 1
929 263
1 929
596 1
596 263
596 929
928 596
928 596
262 596
262 928
262 928
1 262
928 1
928 262
1 928
595 1
595 262
595 928
927 595
927 595
261 595
261 927
261 927
1 261
927 1
927 261
1 927
594 1
594 261
594 927
926 594
926 594
260 594
260 926
260 926
1 260
926 1
926 260
1 926
593 1
593 260
593 926
925 593
925 593
259 593
259 925
259 925
1 259
925 1
925 259
1 925
592 1
592 259
592 925
924 592
924 592
258 592
258 924
258 924
1 258
924 1
924 258
1 924
591 1
591 258
591 924
923 591
923 591
257 591
257 923
257 923
1 257
923 1
923 257
1 923
590 1
590 257
590 923
922 590
922 590
256 590
256 922
256 922
1 256
922 1
922 256
1 922
589 1
589 256
589 922
921 589
921 589
255 589
255 921
255 921
1 255
921 1
921 255
1 921
588 1
588 255
588 921
920 588
920 588
254 588
254 920
254 920
1 254
920 1
920 254
1 920
587 1
587 254
587 920
919 587
919 587
253 587
253 919
253 919
1 253
919 1
919 253
1 919
586 1
586 253
586 919
918 586
918 586
252 586
252 918
252 918
1 252
918 1
918 252
1 918
585 1
585 252
585 918
917 585
917 585
251 585
251 917
251 917
1 251
917 1
917 251
1 917
584 1
584 251
584 917
916 584
916 584
250 584
250 916
250 916
1 250
916 1
916 250
1 916
583 1
583 250
583 916
915 583
915 583
249 583
249 915
249 915
1 249
915 1
915 249
1 915
582 1
582 249
582 915
914 582
914 582
248 582
248 914
248 914
1 248
914 1
914 248
1 914
581 1
581 248
581 914
913 581
913 581
247 581
247 913
247 913
1 247
913 1
913 247
1 913
580 1
580 247
580 913
912 580
912 580
246 580
246 912
246 912
1 246
912 1
912 246
1 912
579 1
579 246
579 912
911 579
911 579
245 579
245 911
245 911
1 245
911 1
911 245
1 911
578 1
578 245
578 911
910 578
910 578
244 578
244 910
244 910
1 244
910 1
910 244
1 910
577 1
577 244
577 910
909 577
909 577
243 577
243 909
243 909
1 243
909 1
909 243
1 909
576 1
576 243
576 909
908 576
908 576
242 576
242 908
242 908
1 242
908 1
908 242
1 908
575 1
575 242
575 908
907 575
907 575
241 575
241 907
241 907
1 241
907 1
907 241
1 907
574 1
574 241
574 907
906 574
906 574
240 574
240 906
240 906
1 240
906 1
906 240
1 906
573 1
573 240
573 906
905 573
905 573
239 573
239 905
239 905
1 239
905 1
905 239
1 905
572 1
572 239
572 905
904 572
904 572
238 572
238 904
238 904
1 238
904 1
904 238
1 904
571 1
571 238
571 904
903 571
903 571
237 571
237 903
237 903
1 237
903 1
903 237
1 903
570 1
570 237
570 903
902 570
902 570
236 570
236 902
236 902
1 236
902 1
902 236
1 902
569 1
569 236
569 902
901 569
901 569
235 569
235 901
235 901
1 235
901 1
901 235
1 901
568 1
568 235
568 901
900 568
900 568
234 568
234 900
234 900
1 234
900 1
900 234
1 900
567 1
567 234
567 900
899 567
899 567
233 567
233 899
233 899
1 233
899 1
899 233
1 899
566 1
566 233
566 899
898 566
898 566
232 566
232 898
232 898
1 232
898 1
898 232
1 898
565 1
565 232
565 898
897 565
897 565
231 565
231 897
231 897
1 231
897 1
897 231
1 897
564 1
564 231
564 897
896 564
896 564
230 564
230 896
230 896
1 230
896 1
896 230
1 896
563 1
563 230
563 896
895 563
895 563
229 563
229 895
229 895
1 229
895 1
895 229
1 895
562 1
562 229
562 895
894 562
894 562
228 562
228 894
228 894
1 228
894 1
894 228
1 894
561 1
561 228
561 894
893 561
893 561
227 561
227 893
227 893
1 227
893 1
893 227
1 893
560 1
560 227
560 893
892 560
892 560
226 560
226 892
226 892
1 226
892 1
892 226
1 892
559 1
559 226
559 892
891 559
891 559
225 559
225 891
225 891
1 225
891 1
891 225
1 891
558 1
558 225
558 891
890 558
890 558
224 558
224 890
224 890
1 224
890 1
890 224
1 890
557 1
557 224
557 890
889 557
889 557
223 557
223 889
223 889
1 223
889 1
889 223
1 889
556 1
556 223
556 889
888 556
888 556
222 556
222 888
222 888
1 222
888 1
888 222
1 888
555 1
555 222
555 888
887 555
887 555
221 555
221 887
221 887
1 221
887 1
887 221
1 887
554 1
554 221
554 887
886 554
886 554
220 554
220 886
220 886
1 220
886 1
886 220
1 886
553 1
553 220
553 886
885 553
885 553
219 553
219 885
219 885
1 219
885 1
885 219
1 885
552 1
552 219
552 885
884 552
884 552
218 552
218 884
218 884
1 218
884 1
884 218
1 884
551 1
551 218
551 884
883 551
883 551
217 551
217 883
217 883
1 217
883 1
883 217
1 883
550 1
550 217
550 883
882 550
882 550
216 550
216 882
216 882
1 216
882 1
882 216
1 882
549 1
549 216
549 882
881 549
881 549
215 549
215 881
215 881
1 215
881 1
881 215
1 881
548 1
548 215
548 881
880 548
880 548
214 548
214 880
214 880
1 214
880 1
880 214
1 880
547 1
547 214
547 880
879 547
879 547
213 547
213 879
213 879
1 213
879 1
879 213
1 879
546 1
546 213
546 879
878 546
878 546
212 546
212 878
212 878
1 212
878 1
878 212
1 878
545 1
545 212
545 878
877 545
877 545
211 545
211 877
211 877
1 211
877 1
877 211
1 877
544 1
544 211
544 877
876 544
876 544
210 544
210 876
210 876
1 210
876 1
876 210
1 876
543 1
543 210
543 876
875 543
875 543
209 543
209 875
209 875
1 209
875 1
875 209
1 875
542 1
542 209
542 875
874 542
874 542
208 542
208 874
208 874
1 208
874 1
874 208
1 874
541 1
541 208
541 874
873 541
873 541
207 541
207 873
207 873
1 207
873 1
873 207
1 873
540 1
540 207
540 873
872 540
872 540
206 540
206 872
206 872
1 206
872 1
872 206
1 872
539 1
539 206
539 872
871 539
871 539
205 539
205 871
205 871
1 205
871 1
871 205
1 871
538 1
538 205
538 871
870 538
870 538
204 538
204 870
204 870
1 204
870 1
870 204
1 870
537 1
537 204
537 870
869 537
869 537
203 537
203 869
203 869
1 203
869 1
869 203
1 869
536 1
536 203
536 869
868 536
868 536
202 536
202 868
202 868
1 202
868 1
868 202
1 868
535 1
535 202
535 868
867 535
867 535
201 535
201 867
201 867
1 201
867 1
867 201
1 867
534 1
534 201
534 867
866 534
866 534
200 534
200 866
200 866
1 200
866 1
866 200
1 866
533 1
533 200
533 866
865 533
865 533
199 533
199 865
199 865
1 199
865 1
865 199
1 865
532 1
532 199
532 865
864 532
864 532
198 532
198 864
198 864
1 198
864 1
864 198
1 864
531 1
531 198
531 864
863 531
863 531
197 531
197 863
197 863
1 197
863 1
863 197
1 863
530 1
530 197
530 863
862 530
862 530
196 530
196 862
196 862
1 196
862 1
862 196
1 862
529 1
529 196
529 862
861 529
861 529
195 529
195 861
195 861
1 195
861 1
861 195
1 861
528 1
528 195
528 861
860 528
860 528
194 528
194 860
194 860
1 194
860 1
860 194
1 860
527 1
527 194
527 860
859 527
859 527
193 527
193 859
193 859
1 193
859 1
859 193
1 859
526 1
526 193
526 859
858 526
858 526
192 526
192 858
192 858
1 192
858 1
858 192
1 858
525 1
525 192
525 858
857 525
857 525
191 525
191 857
191 857
1 191
857 1
857 191
1 857
524 1
524 191
524 857
856 524
856 524
190 524
190 856
190 856
1 190
856 1
856 190
1 856
523 1
523 190
523 856
855 523
855 523
189 523
189 855
189 855
1 189
855 1
855 189
1 855
522 1
522 189
522 855
854 522
854 522
188 522
188 854
188 854
1 188
854 1
854 188
1 854
521 1
521 188
521 854
853 521
853 521
187 521
187 853
187 853
1 187
853 1
853 187
1 853
520 1
520 187
520 853
852 520
852 520
186 520
186 852
186 852
1 186
852 1
852 186
1 852
519 1
519 186
519 852
851 519
851 519
185 519
185 851
185 851
1 185
851 1
851 185
1 851
518 1
518 185
518 851
850 518
850 518
184 518
184 850
184 850
1 184
850 1
850 184
1 850
517 1
517 184
517 850
849 517
849 517
183 517
183 849
183 849
1 183
849 1
849 183
1 849
516 1
516 183
516 849
848 516
848 516
182 516
182 848
182 848
1 182
848 1
848 182
1 848
515 1
515 182
515 848
847 515
847 515
181 515
181 847
181 847
1 181
847 1
847 181
1 847
514 1
514 181
514 847
846 514
846 514
180 514
180 846
180 846
1 180
846 1
846 180
1 846
513 1
513 180
513 846
845 513
845 513
179 513
179 845
179 845
1 179
845 1
845 179
1 845
512 1
512 179
512 845
844 512
844 512
178 512
178 844
178 844
1 178
844 1
844 178
1 844
511 1
511 178
511 844
843 511
843 511
177 511
177 843
177 843
1 177
843 1
843 177
1 843
510 1
510 177
510 843
842 510
842 510
176 510
176 842
176 842
1 176
842 1
842 176
1 842
509 1
509 176
509 842
841 509
841 509
175 509
175 841
175 841
1 175
841 1
841 175
1 841
508 1
508 175
508 841
840 508
840 508
174 508
174 840
174 840
1 174
840 1
840 174
1 840
507 1
507 174
507 840
839 507
839 507
173 507
173 839
173 839
1 173
839 1
839 173
1 839
506 1
506 173
506 839
838 506
838 506
172 506
172 838
172 838
1 172
838 1
838 172
1 838
505 1
505 172
505 838
837 505
837 505
171 505
171 837
171 837
1 171
837 1
837 171
1 837
504 1
504 171
504 837
836 504
836 504
170 504
170 836
170 836
1 170
836 1
836 170
1 836
503 1
503 170
503 836
835 503
835 503
169 503
169 835
169 835
1 169
835 1
835 169
1 835
502 1
502 169
502 835
834 502
834 502
168 502
168 834
168 834
1 168
834 1
834 168
1 834
501 1
501 168
501 834
833 501
833 501
167 501
167 833
167 833
1 167
833 1
833 167
1 833
500 1
500 167
500 833
832 500
832 500
166 500
166 832
166 832
1 166
832 1
832 166
1 832
499 1
499 166
499 832
831 499
831 499
165 499
165 831
165 831
1 165
831 1
831 165
1 831
498 1
498 165
498 831
830 498
830 498
164 498
164 830
164 830
1 164
830 1
830 164
1 830
497 1
497 164
497 830
829 497
829 497
163 497
163 829
163 829
1 163
829 1
829 163
1 829
496 1
496 163
496 829
828 496
828 496
162 496
162 828
162 828
1 162
828 1
828 162
1 828
495 1
495 162
495 828
827 495
827 495
161 495
161 827
161 827
1 161
827 1
827 161
1 827
494 1
494 161
494 827
826 494
826 494
160 494
160 826
160 826
1 160
826 1
826 160
1 826
493 1
493 160
493 826
825 493
825 493
159 493
159 825
159 825
1 159
825 1
825 159
1 825
492 1
492 159
492 825
824 492
824 492
158 492
158 824
158 824
1 158
824 1
824 158
1 824
491 1
491 158
491 824
823 491
823 491
157 491
157 823
157 823
1 157
823 1
823 157
1 823
490 1
490 157
490 823
822 490
822 490
156 490
156 822
156 822
1 156
822 1
822 156
1 822
489 1
489 156
489 822
821 489
821 489
155 489
155 821
155 821
1 155
821 1
821 155
1 821
488 1
488 155
488 821
820 488
820 488
154 488
154 820
154 820
1 154
820 1
820 154
1 820
487 1
487 154
487 820
819 487
819 487
153 487
153 819
153 819
1 153
819 1
819 153
1 819
486 1
486 153
486 819
818 486
818 486
152 486
152 818
152 818
1 152
818 1
818 152
1 818
485 1
485 152
485 818
817 485
817 485
151 485
151 817
151 817
1 151
817 1
817 151
1 817
484 1
484 151
484 817
816 484
816 484
150 484
150 816
150 816
1 150
816 1
816 150
1 816
483 1
483 150
483 816
815 483
815 483
149 483
149 815
149 815
1 149
815 1
815 149
1 815
482 1
482 149
482 815
814 482
814 482
148 482
148 814
148 814
1 148
814 1
814 148
1 814
481 1
481 148
481 814
813 481
813 481
147 481
147 813
147 813
1 147
813 1
813 147
1 813
480 1
480 147
480 813
812 480
812 480
146 480
146 812
146 812
1 146
812 1
812 146
1 812
479 1
479 146
479 812
811 479
811 479
145 479
145 811
145 811
1 145
811 1
811 145
1 811
478 1
478 145
478 811
810 478
810 478
144 478
144 810
144 810
1 144
810 1
810 144
1 810
477 1
477 144
477 810
809 477
809 477
143 477
143 809
143 809
1 143
809 1
809 143
1 809
476 1
476 143
476 809
808 476
808 476
142 476
142 808
142 808
1 142
808 1
808 142
1 808
475 1
475 142
475 808
807 475
807 475
141 475
141 807
141 807
1 141
807 1
807 141
1 807
474 1
474 141
474 807
806 474
806 474
140 474
140 806
140 806
1 140
806 1
806 140
1 806
473 1
473 140
473 806
805 473
805 473
139 473
139 805
139 805
1 139
805 1
805 139
1 805
472 1
472 139
472 805
804 472
804 472
138 472
138 804
138 804
1 138
804 1
804 138
1 804
471 1
471 138
471 804
803 471
803 471
137 471
137 803
137 803
1 137
803 1
803 137
1 803
470 1
470 137
470 803
802 470
802 470
136 470
136 802
136 802
1 136
802 1
802 136
1 802
469 1
469 136
469 802
801 469
801 469
135 469
135 801
135 801
1 135
801 1
801 135
1 801
468 1
468 135
468 801
800 468
800 468
134 468
134 800
134 800
1 134
800 1
800 134
1 800
467 1
467 134
467 800
799 467
799 467
133 467
133 799
133 799
1 133
799 1
799 133
1 799
466 1
466 133
466 799
798 466
798 466
132 466
132 798
132 798
1 132
798 1
798 132
1 798
465 1
465 132
465 798
797 465
797 465
131 465
131 797
131 797
1 131
797 1
797 131
1 797
464 1
464 131
464 797
796 464
796 464
130 464
130 796
130 796
1 130
796 1
796 130
1 796
463 1
463 130
463 796
795 463
795 463
129 463
129 795
129 795
1 129
795 1
795 129
1 795
462 1
462 129
462 795
794 462
794 462
128 462
128 794
128 794
1 128
794 1
794 128
1 794
461 1
461 128
461 794
793 461
793 461
127 461
127 793
127 793
1 127
793 1
793 127
1 793
460 1
460 127
460 793
792 460
792 460
126 460
126 792
126 792
1 126
792 1
792 126
1 792
459 1
459 126
459 792
791 459
791 459
125 459
125 791
125 791
1 125
791 1
791 125
1 791
458 1
458 125
458 791
790 458
790 458
124 458
124 790
124 790
1 124
790 1
790 124
1 790
457 1
457 124
457 790
789 457
789 457
123 457
123 789
123 789
1 123
789 1
789 123
1 789
456 1
456 123
456 789
788 456
788 456
122 456
122 788
122 788
1 122
788 1
788 122
1 788
455 1
455 122
455 788
787 455
787 455
121 455
121 787
121 787
1 121
787 1
787 121
1 787
454 1
454 121
454 787
786 454
786 454
120 454
120 786
120 786
1 120
786 1
786 120
1 786
453 1
453 120
453 786
785 453
785 453
119 453
119 785
119 785
1 119
785 1
785 119
1 785
452 1
452 119
452 785
784 452
784 452
118 452
118 784
118 784
1 118
784 1
784 118
1 784
451 1
451 118
451 784
783 451
783 451
117 451
117 783
117 783
1 117
783 1
783 117
1 783
450 1
450 117
450 783
782 450
782 450
116 450
116 782
116 782
1 116
782 1
782 116
1 782
449 1
449 116
449 782
781 449
781 449
115 449
115 781
115 781
1 115
781 1
781 115
1 781
448 1
448 115
448 781
780 448
780 448
114 448
114 780
114 780
1 114
780 1
780 114
1 780
447 1
447 114
447 780
779 447
779 447
113 447
113 779
113 779
1 113
779 1
779 113
1 779
446 1
446 113
446 779
778 446
778 446
112 446
112 778
112 778
1 112
778 1
778 112
1 778
445 1
445 112
445 778
777 445
777 445
111 445
111 777
111 777
1 111
777 1
777 111
1 777
444 1
444 111
444 777
776 444
776 444
110 444
110 776
110 776
1 110
776 1
776 110
1 776
443 1
443 110
443 776
775 443
775 443
109 443
109 775
109 775
1 109
775 1
775 109
1 775
442 1
442 109
442 775
774 442
774 442
108 442
108 774
108 774
1 108
774 1
774 108
1 774
441 1
441 108
441 774
773 441
773 441
107 441
107 773
107 773
1 107
773 1
773 107
1 773
440 1
440 107
440 773
772 440
772 440
106 440
106 772
106 772
1 106
772 1
772 106
1 772
439 1
439 106
439 772
771 439
771 439
105 439
105 771
105 771
1 105
771 1
771 105
1 771
438 1
438 105
438 771
770 438
770 438
104 438
104 770
104 770
1 104
770 1
770 104
1 770
437 1
437 104
437 770
769 437
769 437
103 437
103 769
103 769
1 103
769 1
769 103
1 769
436 1
436 103
436 769
768 436
768 436
102 436
102 768
102 768
1 102
768 1
768 102
1 768
435 1
435 102
435 768
767 435
767 435
101 435
101 767
101 767
1 101
767 1
767 101
1 767
434 1
434 101
434 767
766 434
766 434
100 434
100 766
100 766
1 100
766 1
766 100
1 766
433 1
433 100
433 766
765 433
765 433
99 433
99 765
99 765
1 99
765 1
765 99
1 765
432 1
432 99
432 765
764 432
764 432
98 432
98 764
98 764
1 98
764 1
764 98
1 764
431 1
431 98
431 764
763 431
763 431
97 431
97 763
97 763
1 97
763 1
763 97
1 763
430 1
430 97
430 763
762 430
762 430
96 430
96 762
96 762
1 96
762 1
762 96
1 762
429 1
429 96
429 762
761 429
761 429
95 429
95 761
95 761
1 95
761 1
761 95
1 761
428 1
428 95
428 761
760 428
760 428
94 428
94 760
94 760
1 94
760 1
760 94
1 760
427 1
427 94
427 760
759 427
759 427
93 427
93 759
93 759
1 93
759 1
759 93
1 759
426 1
426 93
426 759
758 426
758 426
92 426
92 758
92 758
1 92
758 1
758 92
1 758
425 1
425 92
425 758
757 425
757 425
91 425
91 757
91 757
1 91
757 1
757 91
1 757
424 1
424 91
424 757
756 424
756 424
90 424
90 756
90 756
1 90
756 1
756 90
1 756
423 1
423 90
423 756
755 423
755 423
89 423
89 755
89 755
1 89
755 1
755 89
1 755
422 1
422 89
422 755
754 422
754 422
88 422
88 754
88 754
1 88
754 1
754 88
1 754
421 1
421 88
421 754
753 421
753 421
87 421
87 753
87 753
1 87
753 1
753 87
1 753
420 1
420 87
420 753
752 420
752 420
86 420
86 752
86 752
1 86
752 1
752 86
1 752
419 1
419 86
419 752
751 419
751 419
85 419
85 751
85 751
1 85
751 1
751 85
1 751
418 1
418 85
418 751
750 418
750 418
84 418
84 750
84 750
1 84
750 1
750 84
1 750
417 1
417 84
417 750
749 417
749 417
83 417
83 749
83 749
1 83
749 1
749 83
1 749
416 1
416 83
416 749
748 416
748 416
82 416
82 748
82 748
1 82
748 1
748 82
1 748
415 1
415 82
415 748
747 415
747 415
81 415
81 747
81 747
1 81
747 1
747 81
1 747
414 1
414 81
414 747
746 414
746 414
80 414
80 746
80 746
1 80
746 1
746 80
1 746
413 1
413 80
413 746
745 413
745 413
79 413
79 745
79 745
1 79
745 1
745 79
1 745
412 1
412 79
412 745
744 412
744 412
78 412
78 744
78 744
1 78
744 1
744 78
1 744
411 1
411 78
411 744
743 411
743 411
77 411
77 743
77 743
1 77
743 1
743 77
1 743
410 1
410 77
410 743
742 410
742 410
76 410
76 742
76 742
1 76
742 1
742 76
1 742
409 1
409 76
409 742
741 409
741 409
75 409
75 741
75 741
1 75
741 1
741 75
1 741
408 1
408 75
408 741
740 408
740 408
74 408
74 740
74 740
1 74
740 1
740 74
1 740
407 1
407 74
407 740
739 407
739 407
73 407
73 739
73 739
1 73
739 1
739 73
1 739
406 1
406 73
406 739
738 406
738 406
72 406
72 738
72 738
1 72
738 1
738 72
1 738
405 1
405 72
405 738
737 405
737 405
71 405
71 737
71 737
1 71
737 1
737 71
1 737
404 1
404 71
404 737
736 404
736 404
70 404
70 736
70 736
1 70
736 1
736 70
1 736
403 1
403 70
403 736
735 403
735 403
69 403
69 735
69 735
1 69
735 1
735 69
1 735
402 1
402 69
402 735
734 402
734 402
68 402
68 734
68 734
1 68
734 1
734 68
1 734
401 1
401 68
401 734
733 401
733 401
67 401
67 733
67 733
1 67
733 1
733 67
1 733
400 1
400 67
400 733
732 400
732 400
66 400
66 732
66 732
1 66
732 1
732 66
1 732
399 1
399 66
399 732
731 399
731 399
65 399
65 731
65 731
1 65
731 1
731 65
1 731
398 1
398 65
398 731
730 398
730 398
64 398
64 730
64 730
1 64
730 1
730 64
1 730
397 1
397 64
397 730
729 397
729 397
63 397
63 729
63 729
1 63
729 1
729 63
1 729
396 1
396 63
396 729
728 396
728 396
62 396
62 728
62 728
1 62
728 1
728 62
1 728
395 1
395 62
395 728
727 395
727 395
61 395
61 727
61 727
1 61
727 1
727 61
1 727
394 1
394 61
394 727
726 394
726 394
60 394
60 726
60 726
1 60
726 1
726 60
1 726
393 1
393 60
393 726
725 393
725 393
59 393
59 725
59 725
1 59
725 1
725 59
1 725
392 1
392 59
392 725
724 392
724 392
58 392
58 724
58 724
1 58
724 1
724 58
1 724
391 1
391 58
391 724
723 391
723 391
57 391
57 723
57 723
1 57
723 1
723 57
1 723
390 1
390 57
390 723
722 390
722 390
56 390
56 722
56 722
1 56
722 1
722 56
1 722
389 1
389 56
389 722
721 389
721 389
55 389
55 721
55 721
1 55
721 1
721 55
1 721
388 1
388 55
388 721
720 388
720 388
54 388
54 720
54 720
1 54
720 1
720 54
1 720
387 1
387 54
387 720
719 387
719 387
53 387
53 719
53 719
1 53
719 1
719 53
1 719
386 1
386 53
386 719
718 386
718 386
52 386
52 718
52 718
1 52
718 1
718 52
1 718
385 1
385 52
385 718
717 385
717 385
51 385
51 717
51 717
1 51
717 1
717 51
1 717
384 1
384 51
384 717
716 384
716 384
50 384
50 716
50 716
1 50
716 1
716 50
1 716
383 1
383 50
383 716
715 383
715 383
49 383
49 715
49 715
1 49
715 1
715 49
1 715
382 1
382 49
382 715
714 382
714 382
48 382
48 714
48 714
1 48
714 1
714 48
1 714
381 1
381 48
381 714
713 381
713 381
47 381
47 713
47 713
1 47
713 1
713 47
1 713
380 1
380 47
380 713
712 380
712 380
46 380
46 712
46 712
1 46
712 1
712 46
1 712
379 1
379 46
379 712
711 379
711 379
45 379
45 711
45 711
1 45
711 1
711 45
1 711
378 1
378 45
378 711
710 378
710 378
44 378
44 710
44 710
1 44
710 1
710 44
1 710
377 1
377 44
377 710
709 377
709 377
43 377
43 709
43 709
1 43
709 1
709 43
1 709
376 1
376 43
376 709
708 376
708 376
42 376
42 708
42 708
1 42
708 1
708 42
1 708
375 1
375 42
375 708
707 375
707 375
41 375
41 707
41 707
1 41
707 1
707 41
1 707
374 1
374 41
374 707
706 374
706 374
40 374
40 706
40 706
1 40
706 1
706 40
1 706
373 1
373 40
373 706
705 373
705 373
39 373
39 705
39 705
1 39
705 1
705 39
1 705
372 1
372 39
372 705
704 372
704 372
38 372
38 704
38 704
1 38
704 1
704 38
1 704
371 1
371 38
371 704
703 371
703 371
37 371
37 703
37 703
1 37
703 1
703 37
1 703
370 1
370 37
370 703
702 370
702 370
36 370
36 702
36 702
1 36
702 1
702 36
1 702
369 1
369 36
369 702
701 369
701 369
35 369
35 701
35 701
1 35
701 1
701 35
1 701
368 1
368 35
368 701
700 368
700 368
34 368
34 700
34 700
1 34
700 1
700 34
1 700
367 1
367 34
367 700
699 367
699 367
33 367
33 699
33 699
1 33
699 1
699 33
1 699
366 1
366 33
366 699
698 366
698 366
32 366
32 698
32 698
1 32
698 1
698 32
1 698
365 1
365 32
365 698
697 365
697 365
31 365
31 697
31 697
1 31
697 1
697 31
1 697
364 1
364 31
364 697
696 364
696 364
30 364
30 696
30 696
1 30
696 1
696 30
1 696
363 1
363 30
363 696
695 363
695 363
29 363
29 695
29 695
1 29
695 1
695 29
1 695
362 1
362 29
362 695
694 362
694 362
28 362
28 694
28 694
1 28
694 1
694 28
1 694
361 1
361 28
361 694
693 361
693 361
27 361
27 693
27 693
1 27
693 1
693 27
1 693
360 1
360 27
360 693
692 360
692 360
26 360
26 692
26 692
1 26
692 1
692 26
1 692
359 1
359 26
359 692
691 359
691 359
25 359
25 691
25 691
1 25
691 1
691 25
1 691
358 1
358 25
358 691
690 358
690 358
24 358
24 690
24 690
1 24
690 1
690 24
1 690
357 1
357 24
357 690
689 357
689 357
23 357
23 689
23 689
1 23
689 1
689 23
1 689
356 1
356 23
356 689
688 356
688 356
22 356
22 688
22 688
1 22
688 1
688 22
1 688
355 1
355 22
355 688
687 355
687 355
21 355
21 687
21 687
1 21
687 1
687 21
1 687
354 1
354 21
354 687
686 354
686 354
20 354
20 686
20 686
1 20
686 1
686 20
1 686
353 1
353 20
353 686
685 353
685 353
19 353
19 685
19 685
1 19
685 1
685 19
1 685
352 1
352 19
352 685
684 352
684 352
18 352
18 684
18 684
1 18
684 1
684 18
1 684
351 1
351 18
351 684
683 351
683 351
17 351
17 683
17 683
1 17
683 1
683 17
1 683
350 1
350 17
350 683
682 350
682 350
16 350
16 682
16 682
1 16
682 1
682 16
1 682
349 1
349 16
349 682
681 349
681 349
15 349
15 681
15 681
1 15
681 1
681 15
1 681
348 1
348 15
348 681
680 348
680 348
14 348
14 680
14 680
1 14
680 1
680 14
1 680
347 1
347 14
347 680
679 347
679 347
13 347
13 679
13 679
1 13
679 1
679 13
1 679
346 1
346 13
346 679
678 346
678 346
12 346
12 678
12 678
1 12
678 1
678 12
1 678
345 1
345 12
345 678
677 345
677 345
11 345
11 677
11 677
1 11
677 1
677 11
1 677
344 1
344 11
344 677
676 344
676 344
10 344
10 676
10 676
1 10
676 1
676 10
1 676
343 1
343 10
343 676
675 343
675 343
9 343
9 675
9 675
1 9
675 1
675 9
1 675
342 1
342 9
342 675
674 342
674 342
8 342
8 674
8 674
1 8
674 1
674 8
1 674
341 1
341 8
341 674
673 341
673 341
7 341
7 673
7 673
1 7
673 1
673 7
1 673
340 1
340 7
340 673
672 340
672 340
6 340
6 672
6 672
1 6
672 1
672 6
1 672
339 1
339 6
339 672
671 339
671 339
5 339
5 671
5 671
1 5
671 1
671 5
1 671
338 1
338 5
338 671
670 338
670 338
4 338
4 670
4 670
1 4
670 1
670 4
1 670
337 1
337 4
337 670
669 337
669 337
3 337
3 669
3 669
1 3
669 1
669 3
1 669
336 1
336 3
336 669
668 336
668 336
2 336
2 668
2 668
1 2
668 1
668 2
1 668
335 1
335 2
335 668
667 335
667 335
1 335
1 667
1 667
2 1
667 2
667 1
2 667
334 1
334 2
334 667
666 334
666 334
331 334
331 666
331 666
1 331
666 1
666 331
1 666
334 1
334 331
334 666
665 334
665 334
330 334
330 665
330 665
1 330
665 1
665 330
1 665
334 1
334 330
334 665
664 334
664 334
329 334
329 664
329 664
1 329
664 1
664 329
1 664
334 1
334 329
334 664
663 334
663 334
328 334
328 663
328 663
1 328
663 1
663 328
1 663
334 1
334 328
334 663
662 334
662 334
327 334
327 662
327 662
1 327
662 1
662 327
1 662
334 1
334 327
334 662
661 334
661 334
326 334
326 661
326 661
1 326
661 1
661 326
1 661
334 1
334 326
334 661
660 334
660 334
325 334
325 660
325 660
1 325
660 1
660 325
1 660
334 1
334 325
334 660
659 334
659 334
324 334
324 659
324 659
1 324
659 1
659 324
1 659
334 1
334 324
334 659
658 334
658 334
323 334
323 658
323 658
1 323
658 1
658 323
1 658
334 1
334 323
334 658
657 334
657 334
322 334
322 657
322 657
1 322
657 1
657 322
1 657
334 1
334 322
334 657
656 334
656 334
321 334
321 656
321 656
1 321
656 1
656 321
1 656
334 1
334 321
334 656
655 334
655 334
320 334
320 655
320 655
1 320
655 1
655 320
1 655
334 1
334 320
334 655
654 334
654 334
319 334
319 654
319 654
1 319
654 1
654 319
1 654
334 1
334 319
334 654
653 334
653 334
318 334
318 653
318 653
1 318
653 1
653 318
1 653
334 1
334 318
334 653
652 334
652 334
317 334
317 652
317 652
1 317
652 1
652 317
1 652
334 1
334 317
334 652
651 334
651 334
316 334
316 651
316 651
1 316
651 1
651 316
1 651
334 1
334 316
334 651
650 334
650 334
315 334
315 650
315 650
1 315
650 1
650 315
1 650
334 1
334 315
334 650
649 334
649 334
314 334
314 649
314 649
1 314
649 1
649 314
1 649
334 1
334 314
334 649
648 334
648 334
313 334
313 648
313 648
1 313
648 1
648 313
1 648
334 1
334 313
334 648
647 334
647 334
312 334
312 647
312 647
1 312
647 1
647 312
1 647
334 1
334 312
334 647
646 334
646 334
311 334
311 646
311 646
1 311
646 1
646 311
1 646
334 1
334 311
334 646
645 334
645 334
310 334
310 645
310 645
1 310
645 1
645 310
1 645
334 1
334 310
334 645
644 334
644 334
309 334
309 644
309 644
1 309
644 1
644 309
1 644
334 1
334 309
334 644
643 334
643 334
308 334
308 643
308 643
1 308
643 1
643 308
1 643
334 1
334 308
334 643
642 334
642 334
307 334
307 642
307 642
1 307
642 1
642 307
1 642
334 1
334 307
334 642
641 334
641 334
306 334
306 641
306 641
1 306
641 1
641 306
1 641
334 1
334 306
334 641
640 334
640 334
305 334
305 640
305 640
1 305
640 1
640 305
1 640
334 1
334 305
334 640
639 334
639 334
304 334
304 639
304 639
1 304
639 1
639 304
1 639
334 1
334 304
334 639
638 334
638 334
303 334
303 638
303 638
1 303
638 1
638 303
1 638
334 1
334 303
334 638
637 334
637 334
302 334
302 637
302 637
1 302
637 1
637 302
1 637
334 1
334 302
334 637
636 334
636 334
301 334
301 636
301 636
1 301
636 1
636 301
1 636
334 1
334 301
334 636
635 334
635 334
300 334
300 635
300 635
1 300
635 1
635 300
1 635
334 1
334 300
334 635
634 334
634 334
299 334
299 634
299 634
1 299
634 1
634 299
1 634
334 1
334 299
334 634
633 334
633 334
298 334
298 633
298 633
1 298
633 1
633 298
1 633
334 1
334 298
334 633
632 334
632 334
297 334
297 632
297 632
1 297
632 1
632 297
1 632
334 1
334 297
334 632
631 334
631 334
296 334
296 631
296 631
1 296
631 1
631 296
1 631
334 1
334 296
334 631
630 334
630 334
295 334
295 630
295 630
1 295
630 1
630 295
1 630
334 1
334 295
334 630
629 334
629 334
294 334
294 629
294 629
1 294
629 1
629 294
1 629
334 1
334 294
334 629
628 334
628 334
293 334
293 628
293 628
1 293
628 1
628 293
1 628
334 1
334 293
334 628
627 334
627 334
292 334
292 627
292 627
1 292
627 1
627 292
1 627
334 1
334 292
334 627
626 334
626 334
291 334
291 626
291 626
1 291
626 1
626 291
1 626
334 1
334 291
334 626
625 334
625 334
290 334
290 625
290 625
1 290
625 1
625 290
1 625
334 1
334 290
334 625
624 334
624 334
289 334
289 624
289 624
1 289
624 1
624 289
1 624
334 1
334 289
334 624
623 334
623 334
288 334
288 623
288 623
1 288
623 1
623 288
1 623
334 1
334 288
334 623
622 334
622 334
287 334
287 622
287 622
1 287
622 1
622 287
1 622
334 1
334 287
334 622
621 334
621 334
286 334
286 621
286 621
1 286
621 1
621 286
1 621
334 1
334 286
334 621
620 334
620 334
285 334
285 620
285 620
1 285
620 1
620 285
1 620
334 1
334 285
334 620
619 334
619 334
284 334
284 619
284 619
1 284
619 1
619 284
1 619
334 1
334 284
334 619
618 334
618 334
283 334
283 618
283 618
1 283
618 1
618 283
1 618
334 1
334 283
334 618
617 334
617 334
282 334
282 617
282 617
1 282
617 1
617 282
1 617
334 1
334 282
334 617
616 334
616 334
281 334
281 616
281 616
1 281
616 1
616 281
1 616
334 1
334 281
334 616
615 334
615 334
280 334
280 615
280 615
1 280
615 1
615 280
1 615
334 1
334 280
334 615
614 334
614 334
279 334
279 614
279 614
1 279
614 1
614 279
1 614
334 1
334 279
334 614
613 334
613 334
278 334
278 613
278 613
1 278
613 1
613 278
1 613
334 1
334 278
334 613
612 334
612 334
277 334
277 612
277 612
1 277
612 1
612 277
1 612
334 1
334 277
334 612
611 334
611 334
276 334
276 611
276 611
1 276
611 1
611 276
1 611
334 1
334 276
334 611
610 334
610 334
275 334
275 610
275 610
1 275
610 1
610 275
1 610
334 1
334 275
334 610
609 334
609 334
274 334
274 609
274 609
1 274
609 1
609 274
1 609
334 1
334 274
334 609
608 334
608 334
273 334
273 608
273 608
1 273
608 1
608 273
1 608
334 1
334 273
334 608
607 334
607 334
272 334
272 607
272 607
1 272
607 1
607 272
1 607
334 1
334 272
334 607
606 334
606 334
271 334
271 606
271 606
1 271
606 1
606 271
1 606
334 1
334 271
334 606
605 334
605 334
270 334
270 605
270 605
1 270
605 1
605 270
1 605
334 1
334 270
334 605
604 334
604 334
269 334
269 604
269 604
1 269
604 1
604 269
1 604
334 1
334 269
334 604
603 334
603 334
268 334
268 603
268 603
1 268
603 1
603 268
1 603
334 1
334 268
334 603
602 334
602 334
267 334
267 602
267 602
1 267
602 1
602 267
1 602
334 1
334 267
334 602
601 334
601 334
266 334
266 601
266 601
1 266
601 1
601 266
1 601
334 1
334 266
334 601
600 334
600 334
265 334
265 600
265 600
1 265
600 1
600 265
1 600
334 1
334 265
334 600
599 334
599 334
264 334
264 599
264 599
1 264
599 1
599 264
1 599
334 1
334 264
334 599
598 334
598 334
263 334
263 598
263 598
1 263
598 1
598 263
1 598
334 1
334 263
334 598
597 334
597 334
262 334
262 597
262 597
1 262
597 1
597 262
1 597
334 1
334 262
334 597
596 334
596 334
261 334
261 596
261 596
1 261
596 1
596 261
1 596
334 1
334 261
334 596
595 334
595 334
260 334
260 595
260 595
1 260
595 1
595 260
1 595
334 1
334 260
334 595
594 334
594 334
259 334
259 594
259 594
1 259
594 1
594 259
1 594
334 1
334 259
334 594
593 334
593 334
258 334
258 593
258 593
1 258
593 1
593 258
1 593
334 1
334 258
334 593
592 334
592 334
257 334
257 592
257 592
1 257
592 1
592 257
1 592
334 1
334 257
334 592
591 334
591 334
256 334
256 591
256 591
1 256
591 1
591 256
1 591
334 1
334 256
334 591
590 334
590 334
255 334
255 590
255 590
1 255
590 1
590 255
1 590
334 1
334 255
334 590
589 334
589 334
254 334
254 589
254 589
1 254
589 1
589 254
1 589
334 1
334 254
334 589
588 334
588 334
253 334
253 588
253 588
1 253
588 1
588 253
1 588
334 1
334 253
334 588
587 334
587 334
252 334
252 587
252 587
1 252
587 1
587 252
1 587
334 1
334 252
334 587
586 334
586 334
251 334
251 586
251 586
1 251
586 1
586 251
1 586
334 1
334 251
334 586
585 334
585 334
250 334
250 585
250 585
1 250
585 1
585 250
1 585
334 1
334 250
334 585
584 334
584 334
249 334
249 584
249 584
1 249
584 1
584 249
1 584
334 1
334 249
334 584
583 334
583 334
248 334
248 583
248 583
1 248
583 1
583 248
1 583
334 1
334 248
334 583
582 334
582 334
247 334
247 582
247 582
1 247
582 1
582 247
1 582
334 1
334 247
334 582
581 334
581 334
246 334
246 581
246 581
1 246
581 1
581 246
1 581
334 1
334 246
334 581
580 334
580 334
245 334
245 580
245 580
1 245
580 1
580 245
1 580
334 1
334 245
334 580
579 334
579 334
244 334
244 579
244 579
1 244
579 1
579 244
1 579
334 1
334 244
334 579
578 334
578 334
243 334
243 578
243 578
1 243
578 1
578 243
1 578
334 1
334 243
334 578
577 334
577 334
242 334
242 577
242 577
1 242
577 1
577 242
1 577
334 1
334 242
334 577
576 334
576 334
241 334
241 576
241 576
1 241
576 1
576 241
1 576
334 1
334 241
334 576
575 334
575 334
240 334
240 575
240 575
1 240
575 1
575 240
1 575
334 1
334 240
334 575
574 334
574 334
239 334
239 574
239 574
1 239
574 1
574 239
1 574
334 1
334 239
334 574
573 334
573 334
238 334
238 573
238 573
1 238
573 1
573 238
1 573
334 1
334 238
334 573
572 334
572 334
237 334
237 572
237 572
1 237
572 1
572 237
1 572
334 1
334 237
334 572
571 334
571 334
236 334
236 571
236 571
1 236
571 1
571 236
1 571
334 1
334 236
334 571
570 334
570 334
235 334
235 570
235 570
1 235
570 1
570 235
1 570
334 1
334 235
334 570
569 334
569 334
234 334
234 569
234 569
1 234
569 1
569 234
1 569
334 1
334 234
334 569
568 334
568 334
233 334
233 568
233 568
1 233
568 1
568 233
1 568
334 1
334 233
334 568
567 334
567 334
232 334
232 567
232 567
1 232
567 1
567 232
1 567
334 1
334 232
334 567
566 334
566 334
231 334
231 566
231 566
1 231
566 1
566 231
1 566
334 1
334 231
334 566
565 334
565 334
230 334
230 565
230 565
1 230
565 1
565 230
1 565
334 1
334 230
334 565
564 334
564 334
229 334
229 564
229 564
1 229
564 1
564 229
1 564
334 1
334 229
334 564
563 334
563 334
228 334
228 563
228 563
1 228
563 1
563 228
1 563
334 1
334 228
334 563
562 334
562 334
227 334
227 562
227 562
1 227
562 1
562 227
1 562
334 1
334 227
334 562
561 334
561 334
226 334
226 561
226 561
1 226
561 1
561 226
1 561
334 1
334 226
334 561
560 334
560 334
225 334
225 560
225 560
1 225
560 1
560 225
1 560
334 1
334 225
334 560
559 334
559 334
224 334
224 559
224 559
1 224
559 1
559 224
1 559
334 1
334 224
334 559
558 334
558 334
223 334
223 558
223 558
1 223
558 1
558 223
1 558
334 1
334 223
334 558
557 334
557 334
222 334
222 557
222 557
1 222
557 1
557 222
1 557
334 1
334 222
334 557
556 334
556 334
221 334
221 556
221 556
1 221
556 1
556 221
1 556
334 1
334 221
334 556
555 334
555 334
220 334
220 555
220 555
1 220
555 1
555 220
1 555
334 1
334 220
334 555
554 334
554 334
219 334
219 554
219 554
1 219
554 1
554 219
1 554
334 1
334 219
334 554
553 334
553 334
218 334
218 553
218 553
1 218
553 1
553 218
1 553
334 1
334 218
334 553
552 334
552 334
217 334
217 552
217 552
1 217
552 1
552 217
1 552
334 1
334 217
334 552
551 334
551 334
216 334
216 551
216 551
1 216
551 1
551 216
1 551
334 1
334 216
334 551
550 334
550 334
215 334
215 550
215 550
1 215
550 1
550 215
1 550
334 1
334 215
334 550
549 334
549 334
214 334
214 549
214 549
1 214
549 1
549 214
1 549
334 1
334 214
334 549
548 334
548 334
213 334
213 548
213 548
1 213
548 1
548 213
1 548
334 1
334 213
334 548
547 334
547 334
212 334
212 547
212 547
1 212
547 1
547 212
1 547
334 1
334 212
334 547
546 334
546 334
211 334
211 546
211 546
1 211
546 1
546 211
1 546
334 1
334 211
334 546
545 334
545 334
210 334
210 545
210 545
1 210
545 1
545 210
1 545
334 1
334 210
334 545
544 334
544 334
209 334
209 544
209 544
1 209
544 1
544 209
1 544
334 1
334 209
334 544
543 334
543 334
208 334
208 543
208 543
1 208
543 1
543 208
1 543
334 1
334 208
334 543
542 334
542 334
207 334
207 542
207 542
1 207
542 1
542 207
1 542
334 1
334 207
334 542
541 334
541 334
206 334
206 541
206 541
1 206
541 1
541 206
1 541
334 1
334 206
334 541
540 334
540 334
205 334
205 540
205 540
1 205
540 1
540 205
1 540
334 1
334 205
334 540
539 334
539 334
204 334
204 539
204 539
1 204
539 1
539 204
1 539
334 1
334 204
334 539
538 334
538 334
203 334
203 538
203 538
1 203
538 1
538 203
1 538
334 1
334 203
334 538
537 334
537 334
202 334
202 537
202 537
1 202
537 1
537 202
1 537
334 1
334 202
334 537
536 334
536 334
201 334
201 536
201 536
1 201
536 1
536 201
1 536
334 1
334 201
334 536
535 334
535 334
200 334
200 535
200 535
1 200
535 1
535 200
1 535
334 1
334 200
334 535
534 334
534 334
199 334
199 534
199 534
1 199
534 1
534 199
1 534
334 1
334 199
334 534
533 334
533 334
198 334
198 533
198 533
1 198
533 1
533 198
1 533
334 1
334 198
334 533
532 334
532 334
197 334
197 532
197 532
1 197
532 1
532 197
1 532
334 1
334 197
334 532
531 334
531 334
196 334
196 531
196 531
1 196
531 1
531 196
1 531
334 1
334 196
334 531
530 334
530 334
195 334
195 530
195 530
1 195
530 1
530 195
1 530
334 1
334 195
334 530
529 334
529 334
194 334
194 529
194 529
1 194
529 1
529 194
1 529
334 1
334 194
334 529
528 334
528 334
193 334
193 528
193 528
1 193
528 1
528 193
1 528
334 1
334 193
334 528
527 334
527 334
192 334
192 527
192 527
1 192
527 1
527 192
1 527
334 1
334 192
334 527
526 334
526 334
191 334
191 526
191 526
1 191
526 1
526 191
1 526
334 1
334 191
334 526
525 334
525 334
190 334
190 525
190 525
1 190
525 1
525 190
1 525
334 1
334 190
334 525
524 334
524 334
189 334
189 524
189 524
1 189
524 1
524 189
1 524
334 1
334 189
334 524
523 334
523 334
188 334
188 523
188 523
1 188
523 1
523 188
1 523
334 1
334 188
334 523
522 334
522 334
187 334
187 522
187 522
1 187
522 1
522 187
1 522
334 1
334 187
334 522
521 334
521 334
186 334
186 521
186 521
1 186
521 1
521 186
1 521
334 1
334 186
334 521
520 334
520 334
185 334
185 520
185 520
1 185
520 1
520 185
1 520
334 1
334 185
334 520
519 334
519 334
184 334
184 519
184 519
1 184
519 1
519 184
1 519
334 1
334 184
334 519
518 334
518 334
183 334
183 518
183 518
1 183
518 1
518 183
1 518
334 1
334 183
334 518
517 334
517 334
182 334
182 517
182 517
1 182
517 1
517 182
1 517
334 1
334 182
334 517
516 334
516 334
181 334
181 516
181 516
1 181
516 1
516 181
1 516
334 1
334 181
334 516
515 334
515 334
180 334
180 515
180 515
1 180
515 1
515 180
1 515
334 1
334 180
334 515
514 334
514 334
179 334
179 514
179 514
1 179
514 1
514 179
1 514
334 1
334 179
334 514
513 334
513 334
178 334
178 513
178 513
1 178
513 1
513 178
1 513
334 1
334 178
334 513
512 334
512 334
177 334
177 512
177 512
1 177
512 1
512 177
1 512
334 1
334 177
334 512
511 334
511 334
176 334
176 511
176 511
1 176
511 1
511 176
1 511
334 1
334 176
334 511
510 334
510 334
175 334
175 510
175 510
1 175
510 1
510 175
1 510
334 1
334 175
334 510
509 334
509 334
174 334
174 509
174 509
1 174
509 1
509 174
1 509
334 1
334 174
334 509
508 334
508 334
173 334
173 508
173 508
1 173
508 1
508 173
1 508
334 1
334 173
334 508
507 334
507 334
172 334
172 507
172 507
1 172
507 1
507 172
1 507
334 1
334 172
334 507
506 334
506 334
171 334
171 506
171 506
1 171
506 1
506 171
1 506
334 1
334 171
334 506
505 334
505 334
170 334
170 505
170 505
1 170
505 1
505 170
1 505
334 1
334 170
334 505
504 334
504 334
169 334
169 504
169 504
1 169
504 1
504 169
1 504
334 1
334 169
334 504
503 334
503 334
168 334
168 503
168 503
1 168
503 1
503 168
1 503
334 1
334 168
334 503
502 334
502 334
167 334
167 502
167 502
1 167
502 1
502 167
1 502
334 1
334 167
334 502
501 334
501 334
166 334
166 501
166 501
1 166
501 1
501 166
1 501
334 1
334 166
334 501
500 334
500 334
165 334
165 500
165 500
1 165
500 1
500 165
1 500
334 1
334 165
334 500
499 334
499 334
164 334
164 499
164 499
1 164
499 1
499 164
1 499
334 1
334 164
334 499
498 334
498 334
163 334
163 498
163 498
1 163
498 1
498 163
1 498
334 1
334 163
334 498
497 334
497 334
162 334
162 497
162 497
1 162
497 1
497 162
1 497
334 1
334 162
334 497
496 334
496 334
161 334
161 496
161 496
1 161
496 1
496 161
1 496
334 1
334 161
334 496
495 334
495 334
160 334
160 495
160 495
1 160
495 1
495 160
1 495
334 1
334 160
334 495
494 334
494 334
159 334
159 494
159 494
1 159
494 1
494 159
1 494
334 1
334 159
334 494
493 334
493 334
158 334
158 493
158 493
1 158
493 1
493 158
1 493
334 1
334 158
334 493
492 334
492 334
157 334
157 492
157 492
1 157
492 1
492 157
1 492
334 1
334 157
334 492
491 334
491 334
156 334
156 491
156 491
1 156
491 1
491 156
1 491
334 1
334 156
334 491
490 334
490 334
155 334
155 490
155 490
1 155
490 1
490 155
1 490
334 1
334 155
334 490
489 334
489 334
154 334
154 489
154 489
1 154
489 1
489 154
1 489
334 1
334 154
334 489
488 334
488 334
153 334
153 488
153 488
1 153
488 1
488 153
1 488
334 1
334 153
334 488
487 334
487 334
152 334
152 487
152 487
1 152
487 1
487 152
1 487
334 1
334 152
334 487
486 334
486 334
151 334
151 486
151 486
1 151
486 1
486 151
1 486
334 1
334 151
334 486
485 334
485 334
150 334
150 485
150 485
1 150
485 1
485 150
1 485
334 1
334 150
334 485
484 334
484 334
149 334
149 484
149 484
1 149
484 1
484 149
1 484
334 1
334 149
334 484
483 334
483 334
148 334
148 483
148 483
1 148
483 1
483 148
1 483
334 1
334 148
334 483
482 334
482 334
147 334
147 482
147 482
1 147
482 1
482 147
1 482
334 1
334 147
334 482
481 334
481 334
146 334
146 481
146 481
1 146
481 1
481 146
1 481
334 1
334 146
334 481
480 334
480 334
145 334
145 480
145 480
1 145
480 1
480 145
1 480
334 1
334 145
334 480
479 334
479 334
144 334
144 479
144 479
1 144
479 1
479 144
1 479
334 1
334 144
334 479
478 334
478 334
143 334
143 478
143 478
1 143
478 1
478 143
1 478
334 1
334 143
334 478
477 334
477 334
142 334
142 477
142 477
1 142
477 1
477 142
1 477
334 1
334 142
334 477
476 334
476 334
141 334
141 476
141 476
1 141
476 1
476 141
1 476
334 1
334 141
334 476
475 334
475 334
140 334
140 475
140 475
1 140
475 1
475 140
1 475
334 1
334 140
334 475
474 334
474 334
139 334
139 474
139 474
1 139
474 1
474 139
1 474
334 1
334 139
334 474
473 334
473 334
138 334
138 473
138 473
1 138
473 1
473 138
1 473
334 1
334 138
334 473
472 334
472 334
137 334
137 472
137 472
1 137
472 1
472 137
1 472
334 1
334 137
334 472
471 334
471 334
136 334
136 471
136 471
1 136
471 1
471 136
1 471
334 1
334 136
334 471
470 334
470 334
135 334
135 470
135 470
1 135
470 1
470 135
1 470
334 1
334 135
334 470
469 334
469 334
134 334
134 469
134 469
1 134
469 1
469 134
1 469
334 1
334 134
334 469
468 334
468 334
133 334
133 468
133 468
1 133
468 1
468 133
1 468
334 1
334 133
334 468
467 334
467 334
132 334
132 467
132 467
1 132
467 1
467 132
1 467
334 1
334 132
334 467
466 334
466 334
131 334
131 466
131 466
1 131
466 1
466 131
1 466
334 1
334 131
334 466
465 334
465 334
130 334
130 465
130 465
1 130
465 1
465 130
1 465
334 1
334 130
334 465
464 334
464 334
129 334
129 464
129 464
1 129
464 1
464 129
1 464
334 1
334 129
334 464
463 334
463 334
128 334
128 463
128 463
1 128
463 1
463 128
1 463
334 1
334 128
334 463
462 334
462 334
127 334
127 462
127 462
1 127
462 1
462 127
1 462
334 1
334 127
334 462
461 334
461 334
126 334
126 461
126 461
1 126
461 1
461 126
1 461
334 1
334 126
334 461
460 334
460 334
125 334
125 460
125 460
1 125
460 1
460 125
1 460
334 1
334 125
334 460
459 334
459 334
124 334
124 459
124 459
1 124
459 1
459 124
1 459
334 1
334 124
334 459
458 334
458 334
123 334
123 458
123 458
1 123
458 1
458 123
1 458
334 1
334 123
334 458
457 334
457 334
122 334
122 457
122 457
1 122
457 1
457 122
1 457
334 1
334 122
334 457
456 334
456 334
121 334
121 456
121 456
1 121
456 1
456 121
1 456
334 1
334 121
334 456
455 334
455 334
120 334
120 455
120 455
1 120
455 1
455 120
1 455
334 1
334 120
334 455
454 334
454 334
119 334
119 454
119 454
1 119
454 1
454 119
1 454
334 1
334 119
334 454
453 334
453 334
118 334
118 453
118 453
1 118
453 1
453 118
1 453
334 1
334 118
334 453
452 334
452 334
117 334
117 452
117 452
1 117
452 1
452 117
1 452
334 1
334 117
334 452
451 334
451 334
116 334
116 451
116 451
1 116
451 1
451 116
1 451
334 1
334 116
334 451
450 334
450 334
115 334
115 450
115 450
1 115
450 1
450 115
1 450
334 1
334 115
334 450
449 334
449 334
114 334
114 449
114 449
1 114
449 1
449 114
1 449
334 1
334 114
334 449
448 334
448 334
113 334
113 448
113 448
1 113
448 1
448 113
1 448
334 1
334 113
334 448
447 334
447 334
112 334
112 447
112 447
1 112
447 1
447 112
1 447
334 1
334 112
334 447
446 334
446 334
111 334
111 446
111 446
1 111
446 1
446 111
1 446
334 1
334 111
334 446
445 334
445 334
110 334
110 445
110 445
1 110
445 1
445 110
1 445
334 1
334 110
334 445
444 334
444 334
109 334
109 444
109 444
1 109
444 1
444 109
1 444
334 1
334 109
334 444
443 334
443 334
108 334
108 443
108 443
1 108
443 1
443 108
1 443
334 1
334 108
334 443
442 334
442 334
107 334
107 442
107 442
1 107
442 1
442 107
1 442
334 1
334 107
334 442
441 334
441 334
106 334
106 441
106 441
1 106
441 1
441 106
1 441
334 1
334 106
334 441
440 334
440 334
105 334
105 440
105 440
1 105
440 1
440 105
1 440
334 1
334 105
334 440
439 334
439 334
104 334
104 439
104 439
1 104
439 1
439 104
1 439
334 1
334 104
334 439
438 334
438 334
103 334
103 438
103 438
1 103
438 1
438 103
1 438
334 1
334 103
334 438
437 334
437 334
102 334
102 437
102 437
1 102
437 1
437 102
1 437
334 1
334 102
334 437
436 334
436 334
101 334
101 436
101 436
1 101
436 1
436 101
1 436
334 1
334 101
334 436
435 334
435 334
100 334
100 435
100 435
1 100
435 1
435 100
1 435
334 1
334 100
334 435
434 334
434 334
99 334
99 434
99 434
1 99
434 1
434 99
1 434
334 1
334 99
334 434
433 334
433 334
98 334
98 433
98 433
1 98
433 1
433 98
1 433
334 1
334 98
334 433
432 334
432 334
97 334
97 432
97 432
1 97
432 1
432 97
1 432
334 1
334 97
334 432
431 334
431 334
96 334
96 431
96 431
1 96
431 1
431 96
1 431
334 1
334 96
334 431
430 334
430 334
95 334
95 430
95 430
1 95
430 1
430 95
1 430
334 1
334 95
334 430
429 334
429 334
94 334
94 429
94 429
1 94
429 1
429 94
1 429
334 1
334 94
334 429
428 334
428 334
93 334
93 428
93 428
1 93
428 1
428 93
1 428
334 1
334 93
334 428
427 334
427 334
92 334
92 427
92 427
1 92
427 1
427 92
1 427
334 1
334 92
334 427
426 334
426 334
91 334
91 426
91 426
1 91
426 1
426 91
1 426
334 1
334 91
334 426
425 334
425 334
90 334
90 425
90 425
1 90
425 1
425 90
1 425
334 1
334 90
334 425
424 334
424 334
89 334
89 424
89 424
1 89
424 1
424 89
1 424
334 1
334 89
334 424
423 334
423 334
88 334
88 423
88 423
1 88
423 1
423 88
1 423
334 1
334 88
334 423
422 334
422 334
87 334
87 422
87 422
1 87
422 1
422 87
1 422
334 1
334 87
334 422
421 334
421 334
86 334
86 421
86 421
1 86
421 1
421 86
1 421
334 1
334 86
334 421
420 334
420 334
85 334
85 420
85 420
1 85
420 1
420 85
1 420
334 1
334 85
334 420
419 334
419 334
84 334
84 419
84 419
1 84
419 1
419 84
1 419
334 1
334 84
334 419
418 334
418 334
83 334
83 418
83 418
1 83
418 1
418 83
1 418
334 1
334 83
334 418
417 334
417 334
82 334
82 417
82 417
1 82
417 1
417 82
1 417
334 1
334 82
334 417
416 334
416 334
81 334
81 416
81 416
1 81
416 1
416 81
1 416
334 1
334 81
334 416
415 334
415 334
80 334
80 415
80 415
1 80
415 1
415 80
1 415
334 1
334 80
334 415
414 334
414 334
79 334
79 414
79 414
1 79
414 1
414 79
1 414
334 1
334 79
334 414
413 334
413 334
78 334
78 413
78 413
1 78
413 1
413 78
1 413
334 1
334 78
334 413
412 334
412 334
77 334
77 412
77 412
1 77
412 1
412 77
1 412
334 1
334 77
334 412
411 334
411 334
76 334
76 411
76 411
1 76
411 1
411 76
1 411
334 1
334 76
334 411
410 334
410 334
75 334
75 410
75 410
1 75
410 1
410 75
1 410
334 1
334 75
334 410
409 334
409 334
74 334
74 409
74 409
1 74
409 1
409 74
1 409
334 1
334 74
334 409
408 334
408 334
73 334
73 408
73 408
1 73
408 1
408 73
1 408
334 1
334 73
334 408
407 334
407 334
72 334
72 407
72 407
1 72
407 1
407 72
1 407
334 1
334 72
334 407
406 334
406 334
71 334
71 406
71 406
1 71
406 1
406 71
1 406
334 1
334 71
334 406
405 334
405 334
70 334
70 405
70 405
1 70
405 1
405 70
1 405
334 1
334 70
334 405
404 334
404 334
69 334
69 404
69 404
1 69
404 1
404 69
1 404
334 1
334 69
334 404
403 334
403 334
68 334
68 403
68 403
1 68
403 1
403 68
1 403
334 1
334 68
334 403
402 334
402 334
67 334
67 402
67 402
1 67
402 1
402 67
1 402
334 1
334 67
334 402
401 334
401 334
66 334
66 401
66 401
1 66
401 1
401 66
1 401
334 1
334 66
334 401
400 334
400 334
65 334
65 400
65 400
1 65
400 1
400 65
1 400
334 1
334 65
334 400
399 334
399 334
64 334
64 399
64 399
1 64
399 1
399 64
1 399
334 1
334 64
334 399
398 334
398 334
63 334
63 398
63 398
1 63
398 1
398 63
1 398
334 1
334 63
334 398
397 334
397 334
62 334
62 397
62 397
1 62
397 1
397 62
1 397
334 1
334 62
334 397
396 334
396 334
61 334
61 396
61 396
1 61
396 1
396 61
1 396
334 1
334 61
334 396
395 334
395 334
60 334
60 395
60 395
1 60
395 1
395 60
1 395
334 1
334 60
334 395
394 334
394 334
59 334
59 394
59 394
1 59
394 1
394 59
1 394
334 1
334 59
334 394
393 334
393 334
58 334
58 393
58 393
1 58
393 1
393 58
1 393
334 1
334 58
334 393
392 334
392 334
57 334
57 392
57 392
1 57
392 1
392 57
1 392
334 1
334 57
334 392
391 334
391 334
56 334
56 391
56 391
1 56
391 1
391 56
1 391
334 1
334 56
334 391
390 334
390 334
55 334
55 390
55 390
1 55
390 1
390 55
1 390
334 1
334 55
334 390
389 334
389 334
54 334
54 389
54 389
1 54
389 1
389 54
1 389
334 1
334 54
334 389
388 334
388 334
53 334
53 388
53 388
1 53
388 1
388 53
1 388
334 1
334 53
334 388
387 334
387 334
52 334
52 387
52 387
1 52
387 1
387 52
1 387
334 1
334 52
334 387
386 334
386 334
51 334
51 386
51 386
1 51
386 1
386 51
1 386
334 1
334 51
334 386
385 334
385 334
50 334
50 385
50 385
1 50
385 1
385 50
1 385
334 1
334 50
334 385
384 334
384 334
49 334
49 384
49 384
1 49
384 1
384 49
1 384
334 1
334 49
334 384
383 334
383 334
48 334
48 383
48 383
1 48
383 1
383 48
1 383
334 1
334 48
334 383
382 334
382 334
47 334
47 382
47 382
1 47
382 1
382 47
1 382
334 1
334 47
334 382
381 334
381 334
46 334
46 381
46 381
1 46
381 1
381 46
1 381
334 1
334 46
334 381
380 334
380 334
45 334
45 380
45 380
1 45
380 1
380 45
1 380
334 1
334 45
334 380
379 334
379 334
44 334
44 379
44 379
1 44
379 1
379 44
1 379
334 1
334 44
334 379
378 334
378 334
43 334
43 378
43 378
1 43
378 1
378 43
1 378
334 1
334 43
334 378
377 334
377 334
42 334
42 377
42 377
1 42
377 1
377 42
1 377
334 1
334 42
334 377
376 334
376 334
41 334
41 376
41 376
1 41
376 1
376 41
1 376
334 1
334 41
334 376
375 334
375 334
40 334
40 375
40 375
1 40
375 1
375 40
1 375
334 1
334 40
334 375
374 334
374 334
39 334
39 374
39 374
1 39
374 1
374 39
1 374
334 1
334 39
334 374
373 334
373 334
38 334
38 373
38 373
1 38
373 1
373 38
1 373
334 1
334 38
334 373
372 334
372 334
37 334
37 372
37 372
1 37
372 1
372 37
1 372
334 1
334 37
334 372
371 334
371 334
36 334
36 371
36 371
1 36
371 1
371 36
1 371
334 1
334 36
334 371
370 334
370 334
35 334
35 370
35 370
1 35
370 1
370 35
1 370
334 1
334 35
334 370
369 334
369 334
34 334
34 369
34 369
1 34
369 1
369 34
1 369
334 1
334 34
334 369
368 334
368 334
33 334
33 368
33 368
1 33
368 1
368 33
1 368
334 1
334 33
334 368
367 334
367 334
32 334
32 367
32 367
1 32
367 1
367 32
1 367
334 1
334 32
334 367
366 334
366 334
31 334
31 366
31 366
1 31
366 1
366 31
1 366
334 1
334 31
334 366
365 334
365 334
30 334
30 365
30 365
1 30
365 1
365 30
1 365
334 1
334 30
334 365
364 334
364 334
29 334
29 364
29 364
1 29
364 1
364 29
1 364
334 1
334 29
334 364
363 334
363 334
28 334
28 363
28 363
1 28
363 1
363 28
1 363
334 1
334 28
334 363
362 334
362 334
27 334
27 362
27 362
1 27
362 1
362 27
1 362
334 1
334 27
334 362
361 334
361 334
26 334
26 361
26 361
1 26
361 1
361 26
1 361
334 1
334 26
334 361
360 334
360 334
25 334
25 360
25 360
1 25
360 1
360 25
1 360
334 1
334 25
334 360
359 334
359 334
24 334
24 359
24 359
1 24
359 1
359 24
1 359
334 1
334 24
334 359
358 334
358 334
23 334
23 358
23 358
1 23
358 1
358 23
1 358
334 1
334 23
334 358
357 334
357 334
22 334
22 357
22 357
1 22
357 1
357 22
1 357
334 1
334 22
334 357
356 334
356 334
21 334
21 356
21 356
1 21
356 1
356 21
1 356
334 1
334 21
334 356
355 334
355 334
20 334
20 355
20 355
1 20
355 1
355 20
1 355
334 1
334 20
334 355
354 334
354 334
19 334
19 354
19 354
1 19
354 1
354 19
1 354
334 1
334 19
334 354
353 334
353 334
18 334
18 353
18 353
1 18
353 1
353 18
1 353
334 1
334 18
334 353
352 334
352 334
17 334
17 352
17 352
1 17
352 1
352 17
1 352
334 1
334 17
334 352
351 334
351 334
16 334
16 351
16 351
1 16
351 1
351 16
1 351
334 1
334 16
334 351
350 334
350 334
15 334
15 350
15 350
1 15
350 1
350 15
1 350
334 1
334 15
334 350
349 334
349 334
14 334
14 349
14 349
1 14
349 1
349 14
1 349
334 1
334 14
334 349
348 334
348 334
13 334
13 348
13 348
1 13
348 1
348 13
1 348
334 1
334 13
334 348
347 334
347 334
12 334
12 347
12 347
1 12
347 1
347 12
1 347
334 1
334 12
334 347
346 334
346 334
11 334
11 346
11 346
1 11
346 1
346 11
1 346
334 1
334 11
334 346
345 334
345 334
10 334
10 345
10 345
1 10
345 1
345 10
1 345
334 1
334 10
334 345
344 334
344 334
9 334
9 344
9 344
1 9
344 1
344 9
1 344
334 1
334 9
334 344
343 334
343 334
8 334
8 343
8 343
1 8
343 1
343 8
1 343
334 1
334 8
334 343
342 334
342 334
7 334
7 342
7 342
1 7
342 1
342 7
1 342
334 1
334 7
334 342
341 334
341 334
6 334
6 341
6 341
1 6
341 1
341 6
1 341
334 1
334 6
334 341
340 334
340 334
5 334
5 340
5 340
1 5
340 1
340 5
1 340
334 1
334 5
334 340
339 334
339 334
4 334
4 339
4 339
1 4
339 1
339 4
1 339
334 1
334 4
334 339
338 334
338 334
3 334
3 338
3 338
1 3
338 1
338 3
1 338
334 1
334 3
334 338
337 334
337 334
2 334
2 337
2 337
1 2
337 1
337 2
1 337
334 1
334 2
334 337
336 334
336 334
334 336
334 336
1 334
336 1
336 334
1 336
335 336
335 1
332 334
332 335
332 335
1 332
335 1
335 332
1 335
333 1
333 332
333 335
334 333
334 333
1 333
1 334
332 1
332 1
332 334
333 332
333 332
1 333
331 333
332 1
1 331
1 332
331 1
331 1
331 332
1 331
330 331
330 1
330 331
1 330
329 330
329 1
329 330
1 329
328 329
328 1
328 329
1 328
327 328
327 1
327 328
1 327
326 327
326 1
326 327
1 326
325 326
325 1
325 326
1 325
324 325
324 1
324 325
1 324
323 324
323 1
323 324
1 323
322 323
322 1
322 323
1 322
321 322
321 1
321 322
1 321
320 321
320 1
320 321
1 320
319 320
319 1
319 320
1 319
318 319
318 1
318 319
1 318
317 318
317 1
317 318
1 317
316 317
316 1
316 317
1 316
315 316
315 1
315 316
1 315
314 315
314 1
314 315
1 314
313 314
313 1
313 314
1 313
312 313
312 1
312 313
1 312
311 312
311 1
311 312
1 311
310 311
310 1
310 311
1 310
309 310
309 1
309 310
1 309
308 309
308 1
308 309
1 308
307 308
307 1
307 308
1 307
306 307
306 1
306 307
1 306
305 306
305 1
305 306
1 305
304 305
304 1
304 305
1 304
303 304
303 1
303 304
1 303
302 303
302 1
302 303
1 302
301 302
301 1
301 302
1 301
300 301
300 1
300 301
1 300
299 300
299 1
299 300
1 299
298 299
298 1
298 299
1 298
297 298
297 1
297 298
1 297
296 297
296 1
296 297
1 296
295 296
295 1
295 296
1 295
294 295
294 1
294 295
1 294
293 294
293 1
293 294
1 293
292 293
292 1
292 293
1 292
291 292
291 1
291 292
1 291
290 291
290 1
290 291
1 290
289 290
289 1
289 290
1 289
288 289
288 1
288 289
1 288
287 288
287 1
287 288
1 287
286 287
286 1
286 287
1 286
285 286
285 1
285 286
1 285
284 285
284 1
284 285
1 284
283 284
283 1
283 284
1 283
282 283
282 1
282 283
1 282
281 282
281 1
281 282
1 281
280 281
280 1
280 281
1 280
279 280
279 1
279 280
1 279
278 279
278 1
278 279
1 278
277 278
277 1
277 278
1 277
276 277
276 1
276 277
1 276
275 276
275 1
275 276
1 275
274 275
274 1
274 275
1 274
273 274
273 1
273 274
1 273
272 273
272 1
272 273
1 272
271 272
271 1
271 272
1 271
270 271
270 1
270 271
1 270
269 270
269 1
269 270
1 269
268 269
268 1
268 269
1 268
267 268
267 1
267 268
1 267
266 267
266 1
266 267
1 266
265 266
265 1
265 266
1 265
264 265
264 1
264 265
1 264
263 264
263 1
263 264
1 263
262 263
262 1
262 263
1 262
261 262
261 1
261 262
1 261
260 261
260 1
260 261
1 260
259 260
259 1
259 260
1 259
258 259
258 1
258 259
1 258
257 258
257 1
257 258
1 257
256 257
256 1
256 257
1 256
255 256
255 1
255 256
1 255
254 255
254 1
254 255
1 254
253 254
253 1
253 254
1 253
252 253
252 1
252 253
1 252
251 252
251 1
251 252
1 251
250 251
250 1
250 251
1 250
249 250
249 1
249 250
1 249
248 249
248 1
248 249
1 248
247 248
247 1
247 248
1 247
246 247
246 1
246 247
1 246
245 246
245 1
245 246
1 245
244 245
244 1
244 245
1 244
243 244
243 1
243 244
1 243
242 243
242 1
242 243
1 242
241 242
241 1
241 242
1 241
240 241
240 1
240 241
1 240
239 240
239 1
239 240
1 239
238 239
238 1
238 239
1 238
237 238
237 1
237 238
1 237
236 237
236 1
236 237
1 236
235 236
235 1
235 236
1 235
234 235
234 1
234 235
1 234
233 234
233 1
233 234
1 233
232 233
232 1
232 233
1 232
231 232
231 1
231 232
1 231
230 231
230 1
230 231
1 230
229 230
229 1
229 230
1 229
228 229
228 1
228 229
1 228
227 228
227 1
227 228
1 227
226 227
226 1
226 227
1 226
225 226
225 1
225 226
1 225
224 225
224 1
224 225
1 224
223 224
223 1
223 224
1 223
222 223
222 1
222 223
1 222
221 222
221 1
221 222
1 221
220 221
220 1
220 221
1 220
219 220
219 1
219 220
1 219
218 219
218 1
218 219
1 218
217 218
217 1
217 218
1 217
216 217
216 1
216 217
1 216
215 216
215 1
215 216
1 215
214 215
214 1
214 215
1 214
213 214
213 1
213 214
1 213
212 213
212 1
212 213
1 212
211 212
211 1
211 212
1 211
210 211
210 1
210 211
1 210
209 210
209 1
209 210
1 209
208 209
208 1
208 209
1 208
207 208
207 1
207 208
1 207
206 207
206 1
206 207
1 206
205 206
205 1
205 206
1 205
204 205
204 1
204 205
1 204
203 204
203 1
203 204
1 203
202 203
202 1
202 203
1 202
201 202
201 1
201 202
1 201
200 201
200 1
200 201
1 200
199 200
199 1
199 200
1 199
198 199
198 1
198 199
1 198
197 198
197 1
197 198
1 197
196 197
196 1
196 197
1 196
195 196
195 1
195 196
1 195
194 195
194 1
194 195
1 194
193 194
193 1
193 194
1 193
192 193
192 1
192 193
1 192
191 192
191 1
191 192
1 191
190 191
190 1
190 191
1 190
189 190
189 1
189 190
1 189
188 189
188 1
188 189
1 188
187 188
187 1
187 188
1 187
186 187
186 1
186 187
1 186
185 186
185 1
185 186
1 185
184 185
184 1
184 185
1 184
183 184
183 1
183 184
1 183
182 183
182 1
182 183
1 182
181 182
181 1
181 182
1 181
180 181
180 1
180 181
1 180
179 180
179 1
179 180
1 179
178 179
178 1
178 179
1 178
177 178
177 1
177 178
1 177
176 177
176 1
176 177
1 176
175 176
175 1
175 176
1 175
174 175
174 1
174 175
1 174
173 174
173 1
173 174
1 173
172 173
172 1
172 173
1 172
171 172
171 1
171 172
1 171
170 171
170 1
170 171
1 170
169 170
169 1
169 170
1 169
168 169
168 1
168 169
1 168
167 168
167 1
167 168
1 167
166 167
166 1
166 167
1 166
165 166
165 1
165 166
1 165
164 165
164 1
164 165
1 164
163 164
163 1
163 164
1 163
162 163
162 1
162 163
1 162
161 162
161 1
161 162
1 161
160 161
160 1
160 161
1 160
159 160
159 1
159 160
1 159
158 159
158 1
158 159
1 158
157 158
157 1
157 158
1 157
156 157
156 1
156 157
1 156
155 156
155 1
155 156
1 155
154 155
154 1
154 155
1 154
153 154
153 1
153 154
1 153
152 153
152 1
152 153
1 152
151 152
151 1
151 152
1 151
150 151
150 1
150 151
1 150
149 150
149 1
149 150
1 149
148 149
148 1
148 149
1 148
147 148
147 1
147 148
1 147
146 147
146 1
146 147
1 146
145 146
145 1
145 146
1 145
144 145
144 1
144 145
1 144
143 144
143 1
143 144
1 143
142 143
142 1
142 143
1 142
141 142
141 1
141 142
1 141
140 141
140 1
140 141
1 140
139 140
139 1
139 140
1 139
138 139
138 1
138 139
1 138
137 138
137 1
137 138
1 137
136 137
136 1
136 137
1 136
135 136
135 1
135 136
1 135
134 135
134 1
134 135
1 134
133 134
133 1
133 134
1 133
132 133
132 1
132 133
1 132
131 132
131 1
131 132
1 131
130 131
130 1
130 131
1 130
129 130
129 1
129 130
1 129
128 129
128 1
128 129
1 128
127 128
127 1
127 128
1 127
126 127
126 1
126 127
1 126
125 126
125 1
125 126
1 125
124 125
124 1
124 125
1 124
123 124
123 1
123 124
1 123
122 123
122 1
122 123
1 122
121 122
121 1
121 122
1 121
120 121
120 1
120 121
1 120
119 120
119 1
119 120
1 119
118 119
118 1
118 119
1 118
117 118
117 1
117 118
1 117
116 117
116 1
116 117
1 116
115 116
115 1
115 116
1 115
114 115
114 1
114 115
1 114
113 114
113 1
113 114
1 113
112 113
112 1
112 113
1 112
111 112
111 1
111 112
1 111
110 111
110 1
110 111
1 110
109 110
109 1
109 110
1 109
108 109
108 1
108 109
1 108
107 108
107 1
107 108
1 107
106 107
106 1
106 107
1 106
105 106
105 1
105 106
1 105
104 105
104 1
104 105
1 104
103 104
103 1
103 104
1 103
102 103
102 1
102 103
1 102
101 102
101 1
101 102
1 101
100 101
100 1
100 101
1 100
99 100
99 1
99 100
1 99
98 99
98 1
98 99
1 98
97 98
97 1
97 98
1 97
96 97
96 1
96 97
1 96
95 96
95 1
95 96
1 95
94 95
94 1
94 95
1 94
93 94
93 1
93 94
1 93
92 93
92 1
92 93
1 92
91 92
91 1
91 92
1 91
90 91
90 1
90 91
1 90
89 90
89 1
89 90
1 89
88 89
88 1
88 89
1 88
87 88
87 1
87 88
1 87
86 87
86 1
86 87
1 86
85 86
85 1
85 86
1 85
84 85
84 1
84 85
1 84
83 84
83 1
83 84
1 83
82 83
82 1
82 83
1 82
81 82
81 1
81 82
1 81
80 81
80 1
80 81
1 80
79 80
79 1
79 80
1 79
78 79
78 1
78 79
1 78
77 78
77 1
77 78
1 77
76 77
76 1
76 77
1 76
75 76
75 1
75 76
1 75
74 75
74 1
74 75
1 74
73 74
73 1
73 74
1 73
72 73
72 1
72 73
1 72
71 72
71 1
71 72
1 71
70 71
70 1
70 71
1 70
69 70
69 1
69 70
1 69
68 69
68 1
68 69
1 68
67 68
67 1
67 68
1 67
66 67
66 1
66 67
1 66
65 66
65 1
65 66
1 65
64 65
64 1
64 65
1 64
63 64
63 1
63 64
1 63
62 63
62 1
62 63
1 62
61 62
61 1
61 62
1 61
60 61
60 1
60 61
1 60
59 60
59 1
59 60
1 59
58 59
58 1
58 59
1 58
57 58
57 1
57 58
1 57
56 57
56 1
56 57
1 56
55 56
55 1
55 56
1 55
54 55
54 1
54 55
1 54
53 54
53 1
53 54
1 53
52 53
52 1
52 53
1 52
51 52
51 1
51 52
1 51
50 51
50 1
50 51
1 50
49 50
49 1
49 50
1 49
48 49
48 1
48 49
1 48
47 48
47 1
47 48
1 47
46 47
46 1
46 47
1 46
45 46
45 1
45 46
1 45
44 45
44 1
44 45
1 44
43 44
43 1
43 44
1 43
42 43
42 1
42 43
1 42
41 42
41 1
41 42
1 41
40 41
40 1
40 41
1 40
39 40
39 1
39 40
1 39
38 39
38 1
38 39
1 38
37 38
37 1
37 38
1 37
36 37
36 1
36 37
1 36
35 36
35 1
35 36
1 35
34 35
34 1
34 35
1 34
33 34
33 1
33 34
1 33
32 33
32 1
32 33
1 32
31 32
31 1
31 32
1 31
30 31
30 1
30 31
1 30
29 30
29 1
29 30
1 29
28 29
28 1
28 29
1 28
27 28
27 1
27 28
1 27
26 27
26 1
26 27
1 26
25 26
25 1
25 26
1 25
24 25
24 1
24 25
1 24
23 24
23 1
23 24
1 23
22 23
22 1
22 23
1 22
21 22
21 1
21 22
1 21
20 21
20 1
20 21
1 20
19 20
19 1
19 20
1 19
18 19
18 1
18 19
1 18
17 18
17 1
17 18
1 17
16 17
16 1
16 17
1 16
15 16
15 1
15 16
1 15
14 15
14 1
14 15
1 14
13 14
13 1
13 14
1 13
12 13
12 1
12 13
1 12
11 12
11 1
11 12
1 11
10 11
10 1
10 11
1 10
9 10
9 1
9 10
1 9
8 9
8 1
8 9
1 8
7 8
7 1
7 8
1 7
6 7
6 1
6 7
1 6
5 6
5 1
5 6
1 5
4 5
4 1
4 5
1 4
3 4
3 1
3 4
1 3
2 3
2 1
2 3
1 2
1 2
1 2
