4660
1 999
334 1
334 999
667 334
667 334
667 999
998 667
998 667
332 998
665 332
665 998
997 665
997 665
331 997
664 331
664 997
996 664
996 664
330 996
663 330
663 996
995 663
995 663
329 995
662 329
662 995
994 662
994 662
328 994
661 328
661 994
993 661
993 661
327 993
660 327
660 993
992 660
992 660
326 992
659 326
659 992
991 659
991 659
325 991
658 325
658 991
990 658
990 658
324 990
657 324
657 990
989 657
989 657
323 989
656 323
656 989
988 656
988 656
322 988
655 322
655 988
987 655
987 655
321 987
654 321
654 987
986 654
986 654
320 986
653 320
653 986
985 653
985 653
319 985
652 319
652 985
984 652
984 652
318 984
651 318
651 984
983 651
983 651
317 983
650 317
650 983
982 650
982 650
316 982
649 316
649 982
981 649
981 649
315 981
648 315
648 981
980 648
980 648
314 980
647 314
647 980
979 647
979 647
313 979
646 313
646 979
978 646
978 646
312 978
645 312
645 978
977 645
977 645
311 977
644 311
644 977
976 644
976 644
310 976
643 310
643 976
975 643
975 643
309 975
642 309
642 975
974 642
974 642
308 974
641 308
641 974
973 641
973 641
307 973
640 307
640 973
972 640
972 640
306 972
639 306
639 972
971 639
971 639
305 971
638 305
638 971
970 638
970 638
304 970
637 304
637 970
969 637
969 637
303 969
636 303
636 969
968 636
968 636
302 968
635 302
635 968
967 635
967 635
301 967
634 301
634 967
966 634
966 634
300 966
633 300
633 966
965 633
965 633
299 965
632 299
632 965
964 632
964 632
298 964
631 298
631 964
963 631
963 631
297 963
630 297
630 963
962 630
962 630
296 962
629 296
629 962
961 629
961 629
295 961
628 295
628 961
960 628
960 628
294 960
627 294
627 960
959 627
959 627
293 959
626 293
626 959
958 626
958 626
292 958
625 292
625 958
957 625
957 625
291 957
624 291
624 957
956 624
956 624
290 956
623 290
623 956
955 623
955 623
289 955
622 289
622 955
954 622
954 622
288 954
621 288
621 954
953 621
953 621
287 953
620 287
620 953
952 620
952 620
286 952
619 286
619 952
951 619
951 619
285 951
618 285
618 951
950 618
950 618
284 950
617 284
617 950
949 617
949 617
283 949
616 283
616 949
948 616
948 616
282 948
615 282
615 948
947 615
947 615
281 947
614 281
614 947
946 614
946 614
280 946
613 280
613 946
945 613
945 613
279 945
612 279
612 945
944 612
944 612
278 944
611 278
611 944
943 611
943 611
277 943
610 277
610 943
942 610
942 610
276 942
609 276
609 942
941 609
941 609
275 941
608 275
608 941
940 608
940 608
274 940
607 274
607 940
939 607
939 607
273 939
606 273
606 939
938 606
938 606
272 938
605 272
605 938
937 605
937 605
271 937
604 271
604 937
936 604
936 604
270 936
603 270
603 936
935 603
935 603
269 935
602 269
602 935
934 602
934 602
268 934
601 268
601 934
933 601
933 601
267 933
600 267
600 933
932 600
932 600
266 932
599 266
599 932
931 599
931 599
265 931
598 265
598 931
930 598
930 598
264 930
597 264
597 930
929 597
929 597
263 929
596 263
596 929
928 596
928 596
262 928
595 262
595 928
927 595
927 595
261 927
594 261
594 927
926 594
926 594
260 926
593 260
593 926
925 593
925 593
259 925
592 259
592 925
924 592
924 592
258 924
591 258
591 924
923 591
923 591
257 923
590 257
590 923
922 590
922 590
256 922
589 256
589 922
921 589
921 589
255 921
588 255
588 921
920 588
920 588
254 920
587 254
587 920
919 587
919 587
253 919
586 253
586 919
918 586
918 586
252 918
585 252
585 918
917 585
917 585
251 917
584 251
584 917
916 584
916 584
250 916
583 250
583 916
915 583
915 583
249 915
582 249
582 915
914 582
914 582
248 914
581 248
581 914
913 581
913 581
247 913
580 247
580 913
912 580
912 580
246 912
579 246
579 912
911 579
911 579
245 911
578 245
578 911
910 578
910 578
244 910
577 244
577 910
909 577
909 577
243 909
576 243
576 909
908 576
908 576
242 908
575 242
575 908
907 575
907 575
241 907
574 241
574 907
906 574
906 574
240 906
573 240
573 906
905 573
905 573
239 905
572 239
572 905
904 572
904 572
238 904
571 238
571 904
903 571
903 571
237 903
570 237
570 903
902 570
902 570
236 902
569 236
569 902
901 569
901 569
235 901
568 235
568 901
900 568
900 568
234 900
567 234
567 900
899 567
899 567
233 899
566 233
566 899
898 566
898 566
232 898
565 232
565 898
897 565
897 565
231 897
564 231
564 897
896 564
896 564
230 896
563 230
563 896
895 563
895 563
229 895
562 229
562 895
894 562
894 562
228 894
561 228
561 894
893 561
893 561
227 893
560 227
560 893
892 560
892 560
226 892
559 226
559 892
891 559
891 559
225 891
558 225
558 891
890 558
890 558
224 890
557 224
557 890
889 557
889 557
223 889
556 223
556 889
888 556
888 556
222 888
555 222
555 888
887 555
887 555
221 887
554 221
554 887
886 554
886 554
220 886
553 220
553 886
885 553
885 553
219 885
552 219
552 885
884 552
884 552
218 884
551 218
551 884
883 551
883 551
217 883
550 217
550 883
882 550
882 550
216 882
549 216
549 882
881 549
881 549
215 881
548 215
548 881
880 548
880 548
214 880
547 214
547 880
879 547
879 547
213 879
546 213
546 879
878 546
878 546
212 878
545 212
545 878
877 545
877 545
211 877
544 211
544 877
876 544
876 544
210 876
543 210
543 876
875 543
875 543
209 875
542 209
542 875
874 542
874 542
208 874
541 208
541 874
873 541
873 541
207 873
540 207
540 873
872 540
872 540
206 872
539 206
539 872
871 539
871 539
205 871
538 205
538 871
870 538
870 538
204 870
537 204
537 870
869 537
869 537
203 869
536 203
536 869
868 536
868 536
202 868
535 202
535 868
867 535
867 535
201 867
534 201
534 867
866 534
866 534
200 866
533 200
533 866
865 533
865 533
199 865
532 199
532 865
864 532
864 532
198 864
531 198
531 864
863 531
863 531
197 863
530 197
530 863
862 530
862 530
196 862
529 196
529 862
861 529
861 529
195 861
528 195
528 861
860 528
860 528
194 860
527 194
527 860
859 527
859 527
193 859
526 193
526 859
858 526
858 526
192 858
525 192
525 858
857 525
857 525
191 857
524 191
524 857
856 524
856 524
190 856
523 190
523 856
855 523
855 523
189 855
522 189
522 855
854 522
854 522
188 854
521 188
521 854
853 521
853 521
187 853
520 187
520 853
852 520
852 520
186 852
519 186
519 852
851 519
851 519
185 851
518 185
518 851
850 518
850 518
184 850
517 184
517 850
849 517
849 517
183 849
516 183
516 849
848 516
848 516
182 848
515 182
515 848
847 515
847 515
181 847
514 181
514 847
846 514
846 514
180 846
513 180
513 846
845 513
845 513
179 845
512 179
512 845
844 512
844 512
178 844
511 178
511 844
843 511
843 511
177 843
510 177
510 843
842 510
842 510
176 842
509 176
509 842
841 509
841 509
175 841
508 175
508 841
840 508
840 508
174 840
507 174
507 840
839 507
839 507
173 839
506 173
506 839
838 506
838 506
172 838
505 172
505 838
837 505
837 505
171 837
504 171
504 837
836 504
836 504
170 836
503 170
503 836
835 503
835 503
169 835
502 169
502 835
834 502
834 502
168 834
501 168
501 834
833 501
833 501
167 833
500 167
500 833
832 500
832 500
166 832
499 166
499 832
831 499
831 499
165 831
498 165
498 831
830 498
830 498
164 830
497 164
497 830
829 497
829 497
163 829
496 163
496 829
828 496
828 496
162 828
495 162
495 828
827 495
827 495
161 827
494 161
494 827
826 494
826 494
160 826
493 160
493 826
825 493
825 493
159 825
492 159
492 825
824 492
824 492
158 824
491 158
491 824
823 491
823 491
157 823
490 157
490 823
822 490
822 490
156 822
489 156
489 822
821 489
821 489
155 821
488 155
488 821
820 488
820 488
154 820
487 154
487 820
819 487
819 487
153 819
486 153
486 819
818 486
818 486
152 818
485 152
485 818
817 485
817 485
151 817
484 151
484 817
816 484
816 484
150 816
483 150
483 816
815 483
815 483
149 815
482 149
482 815
814 482
814 482
148 814
481 148
481 814
813 481
813 481
147 813
480 147
480 813
812 480
812 480
146 812
479 146
479 812
811 479
811 479
145 811
478 145
478 811
810 478
810 478
144 810
477 144
477 810
809 477
809 477
143 809
476 143
476 809
808 476
808 476
142 808
475 142
475 808
807 475
807 475
141 807
474 141
474 807
806 474
806 474
140 806
473 140
473 806
805 473
805 473
139 805
472 139
472 805
804 472
804 472
138 804
471 138
471 804
803 471
803 471
137 803
470 137
470 803
802 470
802 470
136 802
469 136
469 802
801 469
801 469
135 801
468 135
468 801
800 468
800 468
134 800
467 134
467 800
799 467
799 467
133 799
466 133
466 799
798 466
798 466
132 798
465 132
465 798
797 465
797 465
131 797
464 131
464 797
796 464
796 464
130 796
463 130
463 796
795 463
795 463
129 795
462 129
462 795
794 462
794 462
128 794
461 128
461 794
793 461
793 461
127 793
460 127
460 793
792 460
792 460
126 792
459 126
459 792
791 459
791 459
125 791
458 125
458 791
790 458
790 458
124 790
457 124
457 790
789 457
789 457
123 789
456 123
456 789
788 456
788 456
122 788
455 122
455 788
787 455
787 455
121 787
454 121
454 787
786 454
786 454
120 786
453 120
453 786
785 453
785 453
119 785
452 119
452 785
784 452
784 452
118 784
451 118
451 784
783 451
783 451
117 783
450 117
450 783
782 450
782 450
116 782
449 116
449 782
781 449
781 449
115 781
448 115
448 781
780 448
780 448
114 780
447 114
447 780
779 447
779 447
113 779
446 113
446 779
778 446
778 446
112 778
445 112
445 778
777 445
777 445
111 777
444 111
444 777
776 444
776 444
110 776
443 110
443 776
775 443
775 443
109 775
442 109
442 775
774 442
774 442
108 774
441 108
441 774
773 441
773 441
107 773
440 107
440 773
772 440
772 440
106 772
439 106
439 772
771 439
771 439
105 771
438 105
438 771
770 438
770 438
104 770
437 104
437 770
769 437
769 437
103 769
436 103
436 769
768 436
768 436
102 768
435 102
435 768
767 435
767 435
101 767
434 101
434 767
766 434
766 434
100 766
433 100
433 766
765 433
765 433
99 765
432 99
432 765
764 432
764 432
98 764
431 98
431 764
763 431
763 431
97 763
430 97
430 763
762 430
762 430
96 762
429 96
429 762
761 429
761 429
95 761
428 95
428 761
760 428
760 428
94 760
427 94
427 760
759 427
759 427
93 759
426 93
426 759
758 426
758 426
92 758
425 92
425 758
757 425
757 425
91 757
424 91
424 757
756 424
756 424
90 756
423 90
423 756
755 423
755 423
89 755
422 89
422 755
754 422
754 422
88 754
421 88
421 754
753 421
753 421
87 753
420 87
420 753
752 420
752 420
86 752
419 86
419 752
751 419
751 419
85 751
418 85
418 751
750 418
750 418
84 750
417 84
417 750
749 417
749 417
83 749
416 83
416 749
748 416
748 416
82 748
415 82
415 748
747 415
747 415
81 747
414 81
414 747
746 414
746 414
80 746
413 80
413 746
745 413
745 413
79 745
412 79
412 745
744 412
744 412
78 744
411 78
411 744
743 411
743 411
77 743
410 77
410 743
742 410
742 410
76 742
409 76
409 742
741 409
741 409
75 741
408 75
408 741
740 408
740 408
74 740
407 74
407 740
739 407
739 407
73 739
406 73
406 739
738 406
738 406
72 738
405 72
405 738
737 405
737 405
71 737
404 71
404 737
736 404
736 404
70 736
403 70
403 736
735 403
735 403
69 735
402 69
402 735
734 402
734 402
68 734
401 68
401 734
733 401
733 401
67 733
400 67
400 733
732 400
732 400
66 732
399 66
399 732
731 399
731 399
65 731
398 65
398 731
730 398
730 398
64 730
397 64
397 730
729 397
729 397
63 729
396 63
396 729
728 396
728 396
62 728
395 62
395 728
727 395
727 395
61 727
394 61
394 727
726 394
726 394
60 726
393 60
393 726
725 393
725 393
59 725
392 59
392 725
724 392
724 392
58 724
391 58
391 724
723 391
723 391
57 723
390 57
390 723
722 390
722 390
56 722
389 56
389 722
721 389
721 389
55 721
388 55
388 721
720 388
720 388
54 720
387 54
387 720
719 387
719 387
53 719
386 53
386 719
718 386
718 386
52 718
385 52
385 718
717 385
717 385
51 717
384 51
384 717
716 384
716 384
50 716
383 50
383 716
715 383
715 383
49 715
382 49
382 715
714 382
714 382
48 714
381 48
381 714
713 381
713 381
47 713
380 47
380 713
712 380
712 380
46 712
379 46
379 712
711 379
711 379
45 711
378 45
378 711
710 378
710 378
44 710
377 44
377 710
709 377
709 377
43 709
376 43
376 709
708 376
708 376
42 708
375 42
375 708
707 375
707 375
41 707
374 41
374 707
706 374
706 374
40 706
373 40
373 706
705 373
705 373
39 705
372 39
372 705
704 372
704 372
38 704
371 38
371 704
703 371
703 371
37 703
370 37
370 703
702 370
702 370
36 702
369 36
369 702
701 369
701 369
35 701
368 35
368 701
700 368
700 368
34 700
367 34
367 700
699 367
699 367
33 699
366 33
366 699
698 366
698 366
32 698
365 32
365 698
697 365
697 365
31 697
364 31
364 697
696 364
696 364
30 696
363 30
363 696
695 363
695 363
29 695
362 29
362 695
694 362
694 362
28 694
361 28
361 694
693 361
693 361
27 693
360 27
360 693
692 360
692 360
26 692
359 26
359 692
691 359
691 359
25 691
358 25
358 691
690 358
690 358
24 690
357 24
357 690
689 357
689 357
23 689
356 23
356 689
688 356
688 356
22 688
355 22
355 688
687 355
687 355
21 687
354 21
354 687
686 354
686 354
20 686
353 20
353 686
685 353
685 353
19 685
352 19
352 685
684 352
684 352
18 684
351 18
351 684
683 351
683 351
17 683
350 17
350 683
682 350
682 350
16 682
349 16
349 682
681 349
681 349
15 681
348 15
348 681
680 348
680 348
14 680
347 14
347 680
679 347
679 347
13 679
346 13
346 679
678 346
678 346
12 678
345 12
345 678
677 345
677 345
11 677
344 11
344 677
676 344
676 344
10 676
343 10
343 676
675 343
675 343
9 675
342 9
342 675
674 342
674 342
8 674
341 8
341 674
673 341
673 341
7 673
340 7
340 673
672 340
672 340
6 672
339 6
339 672
671 339
671 339
5 671
338 5
338 671
670 338
670 338
4 670
337 4
337 670
669 337
669 337
3 669
336 3
336 669
668 336
668 336
2 668
335 2
335 668
667 335
333 335
333 667
666 333
666 333
666 667
1 666
2 1
2 666
2 666
1 2
666 1
666 2
1 666
334 666
665 1
665 2
2 665
332 2
332 665
664 332
664 332
331 334
331 664
332 664
663 331
663 331
330 332
330 663
331 663
662 330
662 330
329 331
329 662
330 662
661 329
661 329
328 330
328 661
329 661
660 328
660 328
327 329
327 660
328 660
659 327
659 327
326 328
326 659
327 659
658 326
658 326
325 327
325 658
326 658
657 325
657 325
324 326
324 657
325 657
656 324
656 324
323 325
323 656
324 656
655 323
655 323
322 324
322 655
323 655
654 322
654 322
321 323
321 654
322 654
653 321
653 321
320 322
320 653
321 653
652 320
652 320
319 321
319 652
320 652
651 319
651 319
318 320
318 651
319 651
650 318
650 318
317 319
317 650
318 650
649 317
649 317
316 318
316 649
317 649
648 316
648 316
315 317
315 648
316 648
647 315
647 315
314 316
314 647
315 647
646 314
646 314
313 315
313 646
314 646
645 313
645 313
312 314
312 645
313 645
644 312
644 312
311 313
311 644
312 644
643 311
643 311
310 312
310 643
311 643
642 310
642 310
309 311
309 642
310 642
641 309
641 309
308 310
308 641
309 641
640 308
640 308
307 309
307 640
308 640
639 307
639 307
306 308
306 639
307 639
638 306
638 306
305 307
305 638
306 638
637 305
637 305
304 306
304 637
305 637
636 304
636 304
303 305
303 636
304 636
635 303
635 303
302 304
302 635
303 635
634 302
634 302
301 303
301 634
302 634
633 301
633 301
300 302
300 633
301 633
632 300
632 300
299 301
299 632
300 632
631 299
631 299
298 300
298 631
299 631
630 298
630 298
297 299
297 630
298 630
629 297
629 297
296 298
296 629
297 629
628 296
628 296
295 297
295 628
296 628
627 295
627 295
294 296
294 627
295 627
626 294
626 294
293 295
293 626
294 626
625 293
625 293
292 294
292 625
293 625
624 292
624 292
291 293
291 624
292 624
623 291
623 291
290 292
290 623
291 623
622 290
622 290
289 291
289 622
290 622
621 289
621 289
288 290
288 621
289 621
620 288
620 288
287 289
287 620
288 620
619 287
619 287
286 288
286 619
287 619
618 286
618 286
285 287
285 618
286 618
617 285
617 285
284 286
284 617
285 617
616 284
616 284
283 285
283 616
284 616
615 283
615 283
282 284
282 615
283 615
614 282
614 282
281 283
281 614
282 614
613 281
613 281
280 282
280 613
281 613
612 280
612 280
279 281
279 612
280 612
611 279
611 279
278 280
278 611
279 611
610 278
610 278
277 279
277 610
278 610
609 277
609 277
276 278
276 609
277 609
608 276
608 276
275 277
275 608
276 608
607 275
607 275
274 276
274 607
275 607
606 274
606 274
273 275
273 606
274 606
605 273
605 273
272 274
272 605
273 605
604 272
604 272
271 273
271 604
272 604
603 271
603 271
270 272
270 603
271 603
602 270
602 270
269 271
269 602
270 602
601 269
601 269
268 270
268 601
269 601
600 268
600 268
267 269
267 600
268 600
599 267
599 267
266 268
266 599
267 599
598 266
598 266
265 267
265 598
266 598
597 265
597 265
264 266
264 597
265 597
596 264
596 264
263 265
263 596
264 596
595 263
595 263
262 264
262 595
263 595
594 262
594 262
261 263
261 594
262 594
593 261
593 261
260 262
260 593
261 593
592 260
592 260
259 261
259 592
260 592
591 259
591 259
258 260
258 591
259 591
590 258
590 258
257 259
257 590
258 590
589 257
589 257
256 258
256 589
257 589
588 256
588 256
255 257
255 588
256 588
587 255
587 255
254 256
254 587
255 587
586 254
586 254
253 255
253 586
254 586
585 253
585 253
252 254
252 585
253 585
584 252
584 252
251 253
251 584
252 584
583 251
583 251
250 252
250 583
251 583
582 250
582 250
249 251
249 582
250 582
581 249
581 249
248 250
248 581
249 581
580 248
580 248
247 249
247 580
248 580
579 247
579 247
246 248
246 579
247 579
578 246
578 246
245 247
245 578
246 578
577 245
577 245
244 246
244 577
245 577
576 244
576 244
243 245
243 576
244 576
575 243
575 243
242 244
242 575
243 575
574 242
574 242
241 243
241 574
242 574
573 241
573 241
240 242
240 573
241 573
572 240
572 240
239 241
239 572
240 572
571 239
571 239
238 240
238 571
239 571
570 238
570 238
237 239
237 570
238 570
569 237
569 237
236 238
236 569
237 569
568 236
568 236
235 237
235 568
236 568
567 235
567 235
234 236
234 567
235 567
566 234
566 234
233 235
233 566
234 566
565 233
565 233
232 234
232 565
233 565
564 232
564 232
231 233
231 564
232 564
563 231
563 231
230 232
230 563
231 563
562 230
562 230
229 231
229 562
230 562
561 229
561 229
228 230
228 561
229 561
560 228
560 228
227 229
227 560
228 560
559 227
559 227
226 228
226 559
227 559
558 226
558 226
225 227
225 558
226 558
557 225
557 225
224 226
224 557
225 557
556 224
556 224
223 225
223 556
224 556
555 223
555 223
222 224
222 555
223 555
554 222
554 222
221 223
221 554
222 554
553 221
553 221
220 222
220 553
221 553
552 220
552 220
219 221
219 552
220 552
551 219
551 219
218 220
218 551
219 551
550 218
550 218
217 219
217 550
218 550
549 217
549 217
216 218
216 549
217 549
548 216
548 216
215 217
215 548
216 548
547 215
547 215
214 216
214 547
215 547
546 214
546 214
213 215
213 546
214 546
545 213
545 213
212 214
212 545
213 545
544 212
544 212
211 213
211 544
212 544
543 211
543 211
210 212
210 543
211 543
542 210
542 210
209 211
209 542
210 542
541 209
541 209
208 210
208 541
209 541
540 208
540 208
207 209
207 540
208 540
539 207
539 207
206 208
206 539
207 539
538 206
538 206
205 207
205 538
206 538
537 205
537 205
204 206
204 537
205 537
536 204
536 204
203 205
203 536
204 536
535 203
535 203
202 204
202 535
203 535
534 202
534 202
201 203
201 534
202 534
533 201
533 201
200 202
200 533
201 533
532 200
532 200
199 201
199 532
200 532
531 199
531 199
198 200
198 531
199 531
530 198
530 198
197 199
197 530
198 530
529 197
529 197
196 198
196 529
197 529
528 196
528 196
195 197
195 528
196 528
527 195
527 195
194 196
194 527
195 527
526 194
526 194
193 195
193 526
194 526
525 193
525 193
192 194
192 525
193 525
524 192
524 192
191 193
191 524
192 524
523 191
523 191
190 192
190 523
191 523
522 190
522 190
189 191
189 522
190 522
521 189
521 189
188 190
188 521
189 521
520 188
520 188
187 189
187 520
188 520
519 187
519 187
186 188
186 519
187 519
518 186
518 186
185 187
185 518
186 518
517 185
517 185
184 186
184 517
185 517
516 184
516 184
183 185
183 516
184 516
515 183
515 183
182 184
182 515
183 515
514 182
514 182
181 183
181 514
182 514
513 181
513 181
180 182
180 513
181 513
512 180
512 180
179 181
179 512
180 512
511 179
511 179
178 180
178 511
179 511
510 178
510 178
177 179
177 510
178 510
509 177
509 177
176 178
176 509
177 509
508 176
508 176
175 177
175 508
176 508
507 175
507 175
174 176
174 507
175 507
506 174
506 174
173 175
173 506
174 506
505 173
505 173
172 174
172 505
173 505
504 172
504 172
171 173
171 504
172 504
503 171
503 171
170 172
170 503
171 503
502 170
502 170
169 171
169 502
170 502
501 169
501 169
168 170
168 501
169 501
500 168
500 168
167 169
167 500
168 500
499 167
499 167
166 168
166 499
167 499
498 166
498 166
165 167
165 498
166 498
497 165
497 165
164 166
164 497
165 497
496 164
496 164
163 165
163 496
164 496
495 163
495 163
162 164
162 495
163 495
494 162
494 162
161 163
161 494
162 494
493 161
493 161
160 162
160 493
161 493
492 160
492 160
159 161
159 492
160 492
491 159
491 159
158 160
158 491
159 491
490 158
490 158
157 159
157 490
158 490
489 157
489 157
156 158
156 489
157 489
488 156
488 156
155 157
155 488
156 488
487 155
487 155
154 156
154 487
155 487
486 154
486 154
153 155
153 486
154 486
485 153
485 153
152 154
152 485
153 485
484 152
484 152
151 153
151 484
152 484
483 151
483 151
150 152
150 483
151 483
482 150
482 150
149 151
149 482
150 482
481 149
481 149
148 150
148 481
149 481
480 148
480 148
147 149
147 480
148 480
479 147
479 147
146 148
146 479
147 479
478 146
478 146
145 147
145 478
146 478
477 145
477 145
144 146
144 477
145 477
476 144
476 144
143 145
143 476
144 476
475 143
475 143
142 144
142 475
143 475
474 142
474 142
141 143
141 474
142 474
473 141
473 141
140 142
140 473
141 473
472 140
472 140
139 141
139 472
140 472
471 139
471 139
138 140
138 471
139 471
470 138
470 138
137 139
137 470
138 470
469 137
469 137
136 138
136 469
137 469
468 136
468 136
135 137
135 468
136 468
467 135
467 135
134 136
134 467
135 467
466 134
466 134
133 135
133 466
134 466
465 133
465 133
132 134
132 465
133 465
464 132
464 132
131 133
131 464
132 464
463 131
463 131
130 132
130 463
131 463
462 130
462 130
129 131
129 462
130 462
461 129
461 129
128 130
128 461
129 461
460 128
460 128
127 129
127 460
128 460
459 127
459 127
126 128
126 459
127 459
458 126
458 126
125 127
125 458
126 458
457 125
457 125
124 126
124 457
125 457
456 124
456 124
123 125
123 456
124 456
455 123
455 123
122 124
122 455
123 455
454 122
454 122
121 123
121 454
122 454
453 121
453 121
120 122
120 453
121 453
452 120
452 120
119 121
119 452
120 452
451 119
451 119
118 120
118 451
119 451
450 118
450 118
117 119
117 450
118 450
449 117
449 117
116 118
116 449
117 449
448 116
448 116
115 117
115 448
116 448
447 115
447 115
114 116
114 447
115 447
446 114
446 114
113 115
113 446
114 446
445 113
445 113
112 114
112 445
113 445
444 112
444 112
111 113
111 444
112 444
443 111
443 111
110 112
110 443
111 443
442 110
442 110
109 111
109 442
110 442
441 109
441 109
108 110
108 441
109 441
440 108
440 108
107 109
107 440
108 440
439 107
439 107
106 108
106 439
107 439
438 106
438 106
105 107
105 438
106 438
437 105
437 105
104 106
104 437
105 437
436 104
436 104
103 105
103 436
104 436
435 103
435 103
102 104
102 435
103 435
434 102
434 102
101 103
101 434
102 434
433 101
433 101
100 102
100 433
101 433
432 100
432 100
99 101
99 432
100 432
431 99
431 99
98 100
98 431
99 431
430 98
430 98
97 99
97 430
98 430
429 97
429 97
96 98
96 429
97 429
428 96
428 96
95 97
95 428
96 428
427 95
427 95
94 96
94 427
95 427
426 94
426 94
93 95
93 426
94 426
425 93
425 93
92 94
92 425
93 425
424 92
424 92
91 93
91 424
92 424
423 91
423 91
90 92
90 423
91 423
422 90
422 90
89 91
89 422
90 422
421 89
421 89
88 90
88 421
89 421
420 88
420 88
87 89
87 420
88 420
419 87
419 87
86 88
86 419
87 419
418 86
418 86
85 87
85 418
86 418
417 85
417 85
84 86
84 417
85 417
416 84
416 84
83 85
83 416
84 416
415 83
415 83
82 84
82 415
83 415
414 82
414 82
81 83
81 414
82 414
413 81
413 81
80 82
80 413
81 413
412 80
412 80
79 81
79 412
80 412
411 79
411 79
78 80
78 411
79 411
410 78
410 78
77 79
77 410
78 410
409 77
409 77
76 78
76 409
77 409
408 76
408 76
75 77
75 408
76 408
407 75
407 75
74 76
74 407
75 407
406 74
406 74
73 75
73 406
74 406
405 73
405 73
72 74
72 405
73 405
404 72
404 72
71 73
71 404
72 404
403 71
403 71
70 72
70 403
71 403
402 70
402 70
69 71
69 402
70 402
401 69
401 69
68 70
68 401
69 401
400 68
400 68
67 69
67 400
68 400
399 67
399 67
66 68
66 399
67 399
398 66
398 66
65 67
65 398
66 398
397 65
397 65
64 66
64 397
65 397
396 64
396 64
63 65
63 396
64 396
395 63
395 63
62 64
62 395
63 395
394 62
394 62
61 63
61 394
62 394
393 61
393 61
60 62
60 393
61 393
392 60
392 60
59 61
59 392
60 392
391 59
391 59
58 60
58 391
59 391
390 58
390 58
57 59
57 390
58 390
389 57
389 57
56 58
56 389
57 389
388 56
388 56
55 57
55 388
56 388
387 55
387 55
54 56
54 387
55 387
386 54
386 54
53 55
53 386
54 386
385 53
385 53
52 54
52 385
53 385
384 52
384 52
51 53
51 384
52 384
383 51
383 51
50 52
50 383
51 383
382 50
382 50
49 51
49 382
50 382
381 49
381 49
48 50
48 381
49 381
380 48
380 48
47 49
47 380
48 380
379 47
379 47
46 48
46 379
47 379
378 46
378 46
45 47
45 378
46 378
377 45
377 45
44 46
44 377
45 377
376 44
376 44
43 45
43 376
44 376
375 43
375 43
42 44
42 375
43 375
374 42
374 42
41 43
41 374
42 374
373 41
373 41
40 42
40 373
41 373
372 40
372 40
39 41
39 372
40 372
371 39
371 39
38 40
38 371
39 371
370 38
370 38
37 39
37 370
38 370
369 37
369 37
36 38
36 369
37 369
368 36
368 36
35 37
35 368
36 368
367 35
367 35
34 36
34 367
35 367
366 34
366 34
33 35
33 366
34 366
365 33
365 33
32 34
32 365
33 365
364 32
364 32
31 33
31 364
32 364
363 31
363 31
30 32
30 363
31 363
362 30
362 30
29 31
29 362
30 362
361 29
361 29
28 30
28 361
29 361
360 28
360 28
27 29
27 360
28 360
359 27
359 27
26 28
26 359
27 359
358 26
358 26
25 27
25 358
26 358
357 25
357 25
24 26
24 357
25 357
356 24
356 24
23 25
23 356
24 356
355 23
355 23
22 24
22 355
23 355
354 22
354 22
21 23
21 354
22 354
353 21
353 21
20 22
20 353
21 353
352 20
352 20
19 21
19 352
20 352
351 19
351 19
18 20
18 351
19 351
350 18
350 18
17 19
17 350
18 350
349 17
349 17
16 18
16 349
17 349
348 16
348 16
15 17
15 348
16 348
347 15
347 15
14 16
14 347
15 347
346 14
346 14
13 15
13 346
14 346
345 13
345 13
12 14
12 345
13 345
344 12
344 12
11 13
11 344
12 344
343 11
343 11
10 12
10 343
11 343
342 10
342 10
9 11
9 342
10 342
341 9
341 9
8 10
8 341
9 341
340 8
340 8
7 9
7 340
8 340
339 7
339 7
6 8
6 339
7 339
338 6
338 6
5 7
5 338
6 338
337 5
337 5
4 6
4 337
5 337
336 4
336 4
3 5
3 336
4 336
335 3
335 3
2 4
2 335
334 2
334 335
1 2
1 334
333 1
333 334
3 333
4 333
332 1
332 3
2 332
2 332
331 2
331 2
1 331
3 331
330 1
330 3
2 330
2 330
329 2
329 2
1 329
3 329
328 1
328 3
2 328
2 328
327 2
327 2
1 327
3 327
326 1
326 3
2 326
2 326
325 2
325 2
1 325
3 325
324 1
324 3
2 324
2 324
323 2
323 2
1 323
3 323
322 1
322 3
2 322
2 322
321 2
321 2
1 321
3 321
320 1
320 3
2 320
2 320
319 2
319 2
1 319
3 319
318 1
318 3
2 318
2 318
317 2
317 2
1 317
3 317
316 1
316 3
2 316
2 316
315 2
315 2
1 315
3 315
314 1
314 3
2 314
2 314
313 2
313 2
1 313
3 313
312 1
312 3
2 312
2 312
311 2
311 2
1 311
3 311
310 1
310 3
2 310
2 310
309 2
309 2
1 309
3 309
308 1
308 3
2 308
2 308
307 2
307 2
1 307
3 307
306 1
306 3
2 306
2 306
305 2
305 2
1 305
3 305
304 1
304 3
2 304
2 304
303 2
303 2
1 303
3 303
302 1
302 3
2 302
2 302
301 2
301 2
1 301
3 301
300 1
300 3
2 300
2 300
299 2
299 2
1 299
3 299
298 1
298 3
2 298
2 298
297 2
297 2
1 297
3 297
296 1
296 3
2 296
2 296
295 2
295 2
1 295
3 295
294 1
294 3
2 294
2 294
293 2
293 2
1 293
3 293
292 1
292 3
2 292
2 292
291 2
291 2
1 291
3 291
290 1
290 3
2 290
2 290
289 2
289 2
1 289
3 289
288 1
288 3
2 288
2 288
287 2
287 2
1 287
3 287
286 1
286 3
2 286
2 286
285 2
285 2
1 285
3 285
284 1
284 3
2 284
2 284
283 2
283 2
1 283
3 283
282 1
282 3
2 282
2 282
281 2
281 2
1 281
3 281
280 1
280 3
2 280
2 280
279 2
279 2
1 279
3 279
278 1
278 3
2 278
2 278
277 2
277 2
1 277
3 277
276 1
276 3
2 276
2 276
275 2
275 2
1 275
3 275
274 1
274 3
2 274
2 274
273 2
273 2
1 273
3 273
272 1
272 3
2 272
2 272
271 2
271 2
1 271
3 271
270 1
270 3
2 270
2 270
269 2
269 2
1 269
3 269
268 1
268 3
2 268
2 268
267 2
267 2
1 267
3 267
266 1
266 3
2 266
2 266
265 2
265 2
1 265
3 265
264 1
264 3
2 264
2 264
263 2
263 2
1 263
3 263
262 1
262 3
2 262
2 262
261 2
261 2
1 261
3 261
260 1
260 3
2 260
2 260
259 2
259 2
1 259
3 259
258 1
258 3
2 258
2 258
257 2
257 2
1 257
3 257
256 1
256 3
2 256
2 256
255 2
255 2
1 255
3 255
254 1
254 3
2 254
2 254
253 2
253 2
1 253
3 253
252 1
252 3
2 252
2 252
251 2
251 2
1 251
3 251
250 1
250 3
2 250
2 250
249 2
249 2
1 249
3 249
248 1
248 3
2 248
2 248
247 2
247 2
1 247
3 247
246 1
246 3
2 246
2 246
245 2
245 2
1 245
3 245
244 1
244 3
2 244
2 244
243 2
243 2
1 243
3 243
242 1
242 3
2 242
2 242
241 2
241 2
1 241
3 241
240 1
240 3
2 240
2 240
239 2
239 2
1 239
3 239
238 1
238 3
2 238
2 238
237 2
237 2
1 237
3 237
236 1
236 3
2 236
2 236
235 2
235 2
1 235
3 235
234 1
234 3
2 234
2 234
233 2
233 2
1 233
3 233
232 1
232 3
2 232
2 232
231 2
231 2
1 231
3 231
230 1
230 3
2 230
2 230
229 2
229 2
1 229
3 229
228 1
228 3
2 228
2 228
227 2
227 2
1 227
3 227
226 1
226 3
2 226
2 226
225 2
225 2
1 225
3 225
224 1
224 3
2 224
2 224
223 2
223 2
1 223
3 223
222 1
222 3
2 222
2 222
221 2
221 2
1 221
3 221
220 1
220 3
2 220
2 220
219 2
219 2
1 219
3 219
218 1
218 3
2 218
2 218
217 2
217 2
1 217
3 217
216 1
216 3
2 216
2 216
215 2
215 2
1 215
3 215
214 1
214 3
2 214
2 214
213 2
213 2
1 213
3 213
212 1
212 3
2 212
2 212
211 2
211 2
1 211
3 211
210 1
210 3
2 210
2 210
209 2
209 2
1 209
3 209
208 1
208 3
2 208
2 208
207 2
207 2
1 207
3 207
206 1
206 3
2 206
2 206
205 2
205 2
1 205
3 205
204 1
204 3
2 204
2 204
203 2
203 2
1 203
3 203
202 1
202 3
2 202
2 202
201 2
201 2
1 201
3 201
200 1
200 3
2 200
2 200
199 2
199 2
1 199
3 199
198 1
198 3
2 198
2 198
197 2
197 2
1 197
3 197
196 1
196 3
2 196
2 196
195 2
195 2
1 195
3 195
194 1
194 3
2 194
2 194
193 2
193 2
1 193
3 193
192 1
192 3
2 192
2 192
191 2
191 2
1 191
3 191
190 1
190 3
2 190
2 190
189 2
189 2
1 189
3 189
188 1
188 3
2 188
2 188
187 2
187 2
1 187
3 187
186 1
186 3
2 186
2 186
185 2
185 2
1 185
3 185
184 1
184 3
2 184
2 184
183 2
183 2
1 183
3 183
182 1
182 3
2 182
2 182
181 2
181 2
1 181
3 181
180 1
180 3
2 180
2 180
179 2
179 2
1 179
3 179
178 1
178 3
2 178
2 178
177 2
177 2
1 177
3 177
176 1
176 3
2 176
2 176
175 2
175 2
1 175
3 175
174 1
174 3
2 174
2 174
173 2
173 2
1 173
3 173
172 1
172 3
2 172
2 172
171 2
171 2
1 171
3 171
170 1
170 3
2 170
2 170
169 2
169 2
1 169
3 169
168 1
168 3
2 168
2 168
167 2
167 2
1 167
3 167
166 1
166 3
2 166
2 166
165 2
165 2
1 165
3 165
164 1
164 3
2 164
2 164
163 2
163 2
1 163
3 163
162 1
162 3
2 162
2 162
161 2
161 2
1 161
3 161
160 1
160 3
2 160
2 160
159 2
159 2
1 159
3 159
158 1
158 3
2 158
2 158
157 2
157 2
1 157
3 157
156 1
156 3
2 156
2 156
155 2
155 2
1 155
3 155
154 1
154 3
2 154
2 154
153 2
153 2
1 153
3 153
152 1
152 3
2 152
2 152
151 2
151 2
1 151
3 151
150 1
150 3
2 150
2 150
149 2
149 2
1 149
3 149
148 1
148 3
2 148
2 148
147 2
147 2
1 147
3 147
146 1
146 3
2 146
2 146
145 2
145 2
1 145
3 145
144 1
144 3
2 144
2 144
143 2
143 2
1 143
3 143
142 1
142 3
2 142
2 142
141 2
141 2
1 141
3 141
140 1
140 3
2 140
2 140
139 2
139 2
1 139
3 139
138 1
138 3
2 138
2 138
137 2
137 2
1 137
3 137
136 1
136 3
2 136
2 136
135 2
135 2
1 135
3 135
134 1
134 3
2 134
2 134
133 2
133 2
1 133
3 133
132 1
132 3
2 132
2 132
131 2
131 2
1 131
3 131
130 1
130 3
2 130
2 130
129 2
129 2
1 129
3 129
128 1
128 3
2 128
2 128
127 2
127 2
1 127
3 127
126 1
126 3
2 126
2 126
125 2
125 2
1 125
3 125
124 1
124 3
2 124
2 124
123 2
123 2
1 123
3 123
122 1
122 3
2 122
2 122
121 2
121 2
1 121
3 121
120 1
120 3
2 120
2 120
119 2
119 2
1 119
3 119
118 1
118 3
2 118
2 118
117 2
117 2
1 117
3 117
116 1
116 3
2 116
2 116
115 2
115 2
1 115
3 115
114 1
114 3
2 114
2 114
113 2
113 2
1 113
3 113
112 1
112 3
2 112
2 112
111 2
111 2
1 111
3 111
110 1
110 3
2 110
2 110
109 2
109 2
1 109
3 109
108 1
108 3
2 108
2 108
107 2
107 2
1 107
3 107
106 1
106 3
2 106
2 106
105 2
105 2
1 105
3 105
104 1
104 3
2 104
2 104
103 2
103 2
1 103
3 103
102 1
102 3
2 102
2 102
101 2
101 2
1 101
3 101
100 1
100 3
2 100
2 100
99 2
99 2
1 99
3 99
98 1
98 3
2 98
2 98
97 2
97 2
1 97
3 97
96 1
96 3
2 96
2 96
95 2
95 2
1 95
3 95
94 1
94 3
2 94
2 94
93 2
93 2
1 93
3 93
92 1
92 3
2 92
2 92
91 2
91 2
1 91
3 91
90 1
90 3
2 90
2 90
89 2
89 2
1 89
3 89
88 1
88 3
2 88
2 88
87 2
87 2
1 87
3 87
86 1
86 3
2 86
2 86
85 2
85 2
1 85
3 85
84 1
84 3
2 84
2 84
83 2
83 2
1 83
3 83
82 1
82 3
2 82
2 82
81 2
81 2
1 81
3 81
80 1
80 3
2 80
2 80
79 2
79 2
1 79
3 79
78 1
78 3
2 78
2 78
77 2
77 2
1 77
3 77
76 1
76 3
2 76
2 76
75 2
75 2
1 75
3 75
74 1
74 3
2 74
2 74
73 2
73 2
1 73
3 73
72 1
72 3
2 72
2 72
71 2
71 2
1 71
3 71
70 1
70 3
2 70
2 70
69 2
69 2
1 69
3 69
68 1
68 3
2 68
2 68
67 2
67 2
1 67
3 67
66 1
66 3
2 66
2 66
65 2
65 2
1 65
3 65
64 1
64 3
2 64
2 64
63 2
63 2
1 63
3 63
62 1
62 3
2 62
2 62
61 2
61 2
1 61
3 61
60 1
60 3
2 60
2 60
59 2
59 2
1 59
3 59
58 1
58 3
2 58
2 58
57 2
57 2
1 57
3 57
56 1
56 3
2 56
2 56
55 2
55 2
1 55
3 55
54 1
54 3
2 54
2 54
53 2
53 2
1 53
3 53
52 1
52 3
2 52
2 52
51 2
51 2
1 51
3 51
50 1
50 3
2 50
2 50
49 2
49 2
1 49
3 49
48 1
48 3
2 48
2 48
47 2
47 2
1 47
3 47
46 1
46 3
2 46
2 46
45 2
45 2
1 45
3 45
44 1
44 3
2 44
2 44
43 2
43 2
1 43
3 43
42 1
42 3
2 42
2 42
41 2
41 2
1 41
3 41
40 1
40 3
2 40
2 40
39 2
39 2
1 39
3 39
38 1
38 3
2 38
2 38
37 2
37 2
1 37
3 37
36 1
36 3
2 36
2 36
35 2
35 2
1 35
3 35
34 1
34 3
2 34
2 34
33 2
33 2
1 33
3 33
32 1
32 3
2 32
2 32
31 2
31 2
1 31
3 31
30 1
30 3
2 30
2 30
29 2
29 2
1 29
3 29
28 1
28 3
2 28
2 28
27 2
27 2
1 27
3 27
26 1
26 3
2 26
2 26
25 2
25 2
1 25
3 25
24 1
24 3
2 24
2 24
23 2
23 2
1 23
3 23
22 1
22 3
2 22
2 22
21 2
21 2
1 21
3 21
20 1
20 3
2 20
2 20
19 2
19 2
1 19
3 19
18 1
18 3
2 18
2 18
17 2
17 2
1 17
3 17
16 1
16 3
2 16
2 16
15 2
15 2
1 15
3 15
14 1
14 3
2 14
2 14
13 2
13 2
1 13
3 13
12 1
12 3
2 12
2 12
11 2
11 2
1 11
3 11
10 1
10 3
2 10
2 10
9 2
9 2
1 9
3 9
8 1
8 3
2 8
2 8
7 2
7 2
1 7
3 7
6 1
6 3
2 6
2 6
5 2
5 2
1 5
3 5
4 1
2 4
2 4
3 2
1 3
2 1
2 3
1 2
1 2
1 2
