4660
1 998
334 1
334 998
334 998
1 334
998 1
998 334
1 998
666 1
666 998
997 334
997 666
332 666
332 997
664 997
996 332
996 332
331 664
331 996
663 996
995 331
995 331
330 663
330 995
662 995
994 330
994 330
329 662
329 994
661 994
993 329
993 329
328 661
328 993
660 993
992 328
992 328
327 660
327 992
659 992
991 327
991 327
326 659
326 991
658 991
990 326
990 326
325 658
325 990
657 990
989 325
989 325
324 657
324 989
656 989
988 324
988 324
323 656
323 988
655 988
987 323
987 323
322 655
322 987
654 987
986 322
986 322
321 654
321 986
653 986
985 321
985 321
320 653
320 985
652 985
984 320
984 320
319 652
319 984
651 984
983 319
983 319
318 651
318 983
650 983
982 318
982 318
317 650
317 982
649 982
981 317
981 317
316 649
316 981
648 981
980 316
980 316
315 648
315 980
647 980
979 315
979 315
314 647
314 979
646 979
978 314
978 314
313 646
313 978
645 978
977 313
977 313
312 645
312 977
644 977
976 312
976 312
311 644
311 976
643 976
975 311
975 311
310 643
310 975
642 975
974 310
974 310
309 642
309 974
641 974
973 309
973 309
308 641
308 973
640 973
972 308
972 308
307 640
307 972
639 972
971 307
971 307
306 639
306 971
638 971
970 306
970 306
305 638
305 970
637 970
969 305
969 305
304 637
304 969
636 969
968 304
968 304
303 636
303 968
635 968
967 303
967 303
302 635
302 967
634 967
966 302
966 302
301 634
301 966
633 966
965 301
965 301
300 633
300 965
632 965
964 300
964 300
299 632
299 964
631 964
963 299
963 299
298 631
298 963
630 963
962 298
962 298
297 630
297 962
629 962
961 297
961 297
296 629
296 961
628 961
960 296
960 296
295 628
295 960
627 960
959 295
959 295
294 627
294 959
626 959
958 294
958 294
293 626
293 958
625 958
957 293
957 293
292 625
292 957
624 957
956 292
956 292
291 624
291 956
623 956
955 291
955 291
290 623
290 955
622 955
954 290
954 290
289 622
289 954
621 954
953 289
953 289
288 621
288 953
620 953
952 288
952 288
287 620
287 952
619 952
951 287
951 287
286 619
286 951
618 951
950 286
950 286
285 618
285 950
617 950
949 285
949 285
284 617
284 949
616 949
948 284
948 284
283 616
283 948
615 948
947 283
947 283
282 615
282 947
614 947
946 282
946 282
281 614
281 946
613 946
945 281
945 281
280 613
280 945
612 945
944 280
944 280
279 612
279 944
611 944
943 279
943 279
278 611
278 943
610 943
942 278
942 278
277 610
277 942
609 942
941 277
941 277
276 609
276 941
608 941
940 276
940 276
275 608
275 940
607 940
939 275
939 275
274 607
274 939
606 939
938 274
938 274
273 606
273 938
605 938
937 273
937 273
272 605
272 937
604 937
936 272
936 272
271 604
271 936
603 936
935 271
935 271
270 603
270 935
602 935
934 270
934 270
269 602
269 934
601 934
933 269
933 269
268 601
268 933
600 933
932 268
932 268
267 600
267 932
599 932
931 267
931 267
266 599
266 931
598 931
930 266
930 266
265 598
265 930
597 930
929 265
929 265
264 597
264 929
596 929
928 264
928 264
263 596
263 928
595 928
927 263
927 263
262 595
262 927
594 927
926 262
926 262
261 594
261 926
593 926
925 261
925 261
260 593
260 925
592 925
924 260
924 260
259 592
259 924
591 924
923 259
923 259
258 591
258 923
590 923
922 258
922 258
257 590
257 922
589 922
921 257
921 257
256 589
256 921
588 921
920 256
920 256
255 588
255 920
587 920
919 255
919 255
254 587
254 919
586 919
918 254
918 254
253 586
253 918
585 918
917 253
917 253
252 585
252 917
584 917
916 252
916 252
251 584
251 916
583 916
915 251
915 251
250 583
250 915
582 915
914 250
914 250
249 582
249 914
581 914
913 249
913 249
248 581
248 913
580 913
912 248
912 248
247 580
247 912
579 912
911 247
911 247
246 579
246 911
578 911
910 246
910 246
245 578
245 910
577 910
909 245
909 245
244 577
244 909
576 909
908 244
908 244
243 576
243 908
575 908
907 243
907 243
242 575
242 907
574 907
906 242
906 242
241 574
241 906
573 906
905 241
905 241
240 573
240 905
572 905
904 240
904 240
239 572
239 904
571 904
903 239
903 239
238 571
238 903
570 903
902 238
902 238
237 570
237 902
569 902
901 237
901 237
236 569
236 901
568 901
900 236
900 236
235 568
235 900
567 900
899 235
899 235
234 567
234 899
566 899
898 234
898 234
233 566
233 898
565 898
897 233
897 233
232 565
232 897
564 897
896 232
896 232
231 564
231 896
563 896
895 231
895 231
230 563
230 895
562 895
894 230
894 230
229 562
229 894
561 894
893 229
893 229
228 561
228 893
560 893
892 228
892 228
227 560
227 892
559 892
891 227
891 227
226 559
226 891
558 891
890 226
890 226
225 558
225 890
557 890
889 225
889 225
224 557
224 889
556 889
888 224
888 224
223 556
223 888
555 888
887 223
887 223
222 555
222 887
554 887
886 222
886 222
221 554
221 886
553 886
885 221
885 221
220 553
220 885
552 885
884 220
884 220
219 552
219 884
551 884
883 219
883 219
218 551
218 883
550 883
882 218
882 218
217 550
217 882
549 882
881 217
881 217
216 549
216 881
548 881
880 216
880 216
215 548
215 880
547 880
879 215
879 215
214 547
214 879
546 879
878 214
878 214
213 546
213 878
545 878
877 213
877 213
212 545
212 877
544 877
876 212
876 212
211 544
211 876
543 876
875 211
875 211
210 543
210 875
542 875
874 210
874 210
209 542
209 874
541 874
873 209
873 209
208 541
208 873
540 873
872 208
872 208
207 540
207 872
539 872
871 207
871 207
206 539
206 871
538 871
870 206
870 206
205 538
205 870
537 870
869 205
869 205
204 537
204 869
536 869
868 204
868 204
203 536
203 868
535 868
867 203
867 203
202 535
202 867
534 867
866 202
866 202
201 534
201 866
533 866
865 201
865 201
200 533
200 865
532 865
864 200
864 200
199 532
199 864
531 864
863 199
863 199
198 531
198 863
530 863
862 198
862 198
197 530
197 862
529 862
861 197
861 197
196 529
196 861
528 861
860 196
860 196
195 528
195 860
527 860
859 195
859 195
194 527
194 859
526 859
858 194
858 194
193 526
193 858
525 858
857 193
857 193
192 525
192 857
524 857
856 192
856 192
191 524
191 856
523 856
855 191
855 191
190 523
190 855
522 855
854 190
854 190
189 522
189 854
521 854
853 189
853 189
188 521
188 853
520 853
852 188
852 188
187 520
187 852
519 852
851 187
851 187
186 519
186 851
518 851
850 186
850 186
185 518
185 850
517 850
849 185
849 185
184 517
184 849
516 849
848 184
848 184
183 516
183 848
515 848
847 183
847 183
182 515
182 847
514 847
846 182
846 182
181 514
181 846
513 846
845 181
845 181
180 513
180 845
512 845
844 180
844 180
179 512
179 844
511 844
843 179
843 179
178 511
178 843
510 843
842 178
842 178
177 510
177 842
509 842
841 177
841 177
176 509
176 841
508 841
840 176
840 176
175 508
175 840
507 840
839 175
839 175
174 507
174 839
506 839
838 174
838 174
173 506
173 838
505 838
837 173
837 173
172 505
172 837
504 837
836 172
836 172
171 504
171 836
503 836
835 171
835 171
170 503
170 835
502 835
834 170
834 170
169 502
169 834
501 834
833 169
833 169
168 501
168 833
500 833
832 168
832 168
167 500
167 832
499 832
831 167
831 167
166 499
166 831
498 831
830 166
830 166
165 498
165 830
497 830
829 165
829 165
164 497
164 829
496 829
828 164
828 164
163 496
163 828
495 828
827 163
827 163
162 495
162 827
494 827
826 162
826 162
161 494
161 826
493 826
825 161
825 161
160 493
160 825
492 825
824 160
824 160
159 492
159 824
491 824
823 159
823 159
158 491
158 823
490 823
822 158
822 158
157 490
157 822
489 822
821 157
821 157
156 489
156 821
488 821
820 156
820 156
155 488
155 820
487 820
819 155
819 155
154 487
154 819
486 819
818 154
818 154
153 486
153 818
485 818
817 153
817 153
152 485
152 817
484 817
816 152
816 152
151 484
151 816
483 816
815 151
815 151
150 483
150 815
482 815
814 150
814 150
149 482
149 814
481 814
813 149
813 149
148 481
148 813
480 813
812 148
812 148
147 480
147 812
479 812
811 147
811 147
146 479
146 811
478 811
810 146
810 146
145 478
145 810
477 810
809 145
809 145
144 477
144 809
476 809
808 144
808 144
143 476
143 808
475 808
807 143
807 143
142 475
142 807
474 807
806 142
806 142
141 474
141 806
473 806
805 141
805 141
140 473
140 805
472 805
804 140
804 140
139 472
139 804
471 804
803 139
803 139
138 471
138 803
470 803
802 138
802 138
137 470
137 802
469 802
801 137
801 137
136 469
136 801
468 801
800 136
800 136
135 468
135 800
467 800
799 135
799 135
134 467
134 799
466 799
798 134
798 134
133 466
133 798
465 798
797 133
797 133
132 465
132 797
464 797
796 132
796 132
131 464
131 796
463 796
795 131
795 131
130 463
130 795
462 795
794 130
794 130
129 462
129 794
461 794
793 129
793 129
128 461
128 793
460 793
792 128
792 128
127 460
127 792
459 792
791 127
791 127
126 459
126 791
458 791
790 126
790 126
125 458
125 790
457 790
789 125
789 125
124 457
124 789
456 789
788 124
788 124
123 456
123 788
455 788
787 123
787 123
122 455
122 787
454 787
786 122
786 122
121 454
121 786
453 786
785 121
785 121
120 453
120 785
452 785
784 120
784 120
119 452
119 784
451 784
783 119
783 119
118 451
118 783
450 783
782 118
782 118
117 450
117 782
449 782
781 117
781 117
116 449
116 781
448 781
780 116
780 116
115 448
115 780
447 780
779 115
779 115
114 447
114 779
446 779
778 114
778 114
113 446
113 778
445 778
777 113
777 113
112 445
112 777
444 777
776 112
776 112
111 444
111 776
443 776
775 111
775 111
110 443
110 775
442 775
774 110
774 110
109 442
109 774
441 774
773 109
773 109
108 441
108 773
440 773
772 108
772 108
107 440
107 772
439 772
771 107
771 107
106 439
106 771
438 771
770 106
770 106
105 438
105 770
437 770
769 105
769 105
104 437
104 769
436 769
768 104
768 104
103 436
103 768
435 768
767 103
767 103
102 435
102 767
434 767
766 102
766 102
101 434
101 766
433 766
765 101
765 101
100 433
100 765
432 765
764 100
764 100
99 432
99 764
431 764
763 99
763 99
98 431
98 763
430 763
762 98
762 98
97 430
97 762
429 762
761 97
761 97
96 429
96 761
428 761
760 96
760 96
95 428
95 760
427 760
759 95
759 95
94 427
94 759
426 759
758 94
758 94
93 426
93 758
425 758
757 93
757 93
92 425
92 757
424 757
756 92
756 92
91 424
91 756
423 756
755 91
755 91
90 423
90 755
422 755
754 90
754 90
89 422
89 754
421 754
753 89
753 89
88 421
88 753
420 753
752 88
752 88
87 420
87 752
419 752
751 87
751 87
86 419
86 751
418 751
750 86
750 86
85 418
85 750
417 750
749 85
749 85
84 417
84 749
416 749
748 84
748 84
83 416
83 748
415 748
747 83
747 83
82 415
82 747
414 747
746 82
746 82
81 414
81 746
413 746
745 81
745 81
80 413
80 745
412 745
744 80
744 80
79 412
79 744
411 744
743 79
743 79
78 411
78 743
410 743
742 78
742 78
77 410
77 742
409 742
741 77
741 77
76 409
76 741
408 741
740 76
740 76
75 408
75 740
407 740
739 75
739 75
74 407
74 739
406 739
738 74
738 74
73 406
73 738
405 738
737 73
737 73
72 405
72 737
404 737
736 72
736 72
71 404
71 736
403 736
735 71
735 71
70 403
70 735
402 735
734 70
734 70
69 402
69 734
401 734
733 69
733 69
68 401
68 733
400 733
732 68
732 68
67 400
67 732
399 732
731 67
731 67
66 399
66 731
398 731
730 66
730 66
65 398
65 730
397 730
729 65
729 65
64 397
64 729
396 729
728 64
728 64
63 396
63 728
395 728
727 63
727 63
62 395
62 727
394 727
726 62
726 62
61 394
61 726
393 726
725 61
725 61
60 393
60 725
392 725
724 60
724 60
59 392
59 724
391 724
723 59
723 59
58 391
58 723
390 723
722 58
722 58
57 390
57 722
389 722
721 57
721 57
56 389
56 721
388 721
720 56
720 56
55 388
55 720
387 720
719 55
719 55
54 387
54 719
386 719
718 54
718 54
53 386
53 718
385 718
717 53
717 53
52 385
52 717
384 717
716 52
716 52
51 384
51 716
383 716
715 51
715 51
50 383
50 715
382 715
714 50
714 50
49 382
49 714
381 714
713 49
713 49
48 381
48 713
380 713
712 48
712 48
47 380
47 712
379 712
711 47
711 47
46 379
46 711
378 711
710 46
710 46
45 378
45 710
377 710
709 45
709 45
44 377
44 709
376 709
708 44
708 44
43 376
43 708
375 708
707 43
707 43
42 375
42 707
374 707
706 42
706 42
41 374
41 706
373 706
705 41
705 41
40 373
40 705
372 705
704 40
704 40
39 372
39 704
371 704
703 39
703 39
38 371
38 703
370 703
702 38
702 38
37 370
37 702
369 702
701 37
701 37
36 369
36 701
368 701
700 36
700 36
35 368
35 700
367 700
699 35
699 35
34 367
34 699
366 699
698 34
698 34
33 366
33 698
365 698
697 33
697 33
32 365
32 697
364 697
696 32
696 32
31 364
31 696
363 696
695 31
695 31
30 363
30 695
362 695
694 30
694 30
29 362
29 694
361 694
693 29
693 29
28 361
28 693
360 693
692 28
692 28
27 360
27 692
359 692
691 27
691 27
26 359
26 691
358 691
690 26
690 26
25 358
25 690
357 690
689 25
689 25
24 357
24 689
356 689
688 24
688 24
23 356
23 688
355 688
687 23
687 23
22 355
22 687
354 687
686 22
686 22
21 354
21 686
353 686
685 21
685 21
20 353
20 685
352 685
684 20
684 20
19 352
19 684
351 684
683 19
683 19
18 351
18 683
350 683
682 18
682 18
17 350
17 682
349 682
681 17
681 17
16 349
16 681
348 681
680 16
680 16
15 348
15 680
347 680
679 15
679 15
14 347
14 679
346 679
678 14
678 14
13 346
13 678
345 678
677 13
677 13
12 345
12 677
344 677
676 12
676 12
11 344
11 676
343 676
675 11
675 11
10 343
10 675
342 675
674 10
674 10
9 342
9 674
341 674
673 9
673 9
8 341
8 673
340 673
672 8
672 8
7 340
7 672
339 672
671 7
671 7
6 339
6 671
338 671
670 6
670 6
5 338
5 670
337 670
669 5
669 5
4 337
4 669
336 669
668 4
668 4
3 336
3 668
335 668
667 3
667 3
2 335
2 667
334 2
334 2
334 667
666 334
666 334
1 334
1 666
333 666
665 1
665 1
334 333
334 665
334 665
664 334
664 334
332 664
334 332
334 664
663 334
663 334
331 663
334 331
334 663
662 334
662 334
330 662
334 330
334 662
661 334
661 334
329 661
334 329
334 661
660 334
660 334
328 660
334 328
334 660
659 334
659 334
327 659
334 327
334 659
658 334
658 334
326 658
334 326
334 658
657 334
657 334
325 657
334 325
334 657
656 334
656 334
324 656
334 324
334 656
655 334
655 334
323 655
334 323
334 655
654 334
654 334
322 654
334 322
334 654
653 334
653 334
321 653
334 321
334 653
652 334
652 334
320 652
334 320
334 652
651 334
651 334
319 651
334 319
334 651
650 334
650 334
318 650
334 318
334 650
649 334
649 334
317 649
334 317
334 649
648 334
648 334
316 648
334 316
334 648
647 334
647 334
315 647
334 315
334 647
646 334
646 334
314 646
334 314
334 646
645 334
645 334
313 645
334 313
334 645
644 334
644 334
312 644
334 312
334 644
643 334
643 334
311 643
334 311
334 643
642 334
642 334
310 642
334 310
334 642
641 334
641 334
309 641
334 309
334 641
640 334
640 334
308 640
334 308
334 640
639 334
639 334
307 639
334 307
334 639
638 334
638 334
306 638
334 306
334 638
637 334
637 334
305 637
334 305
334 637
636 334
636 334
304 636
334 304
334 636
635 334
635 334
303 635
334 303
334 635
634 334
634 334
302 634
334 302
334 634
633 334
633 334
301 633
334 301
334 633
632 334
632 334
300 632
334 300
334 632
631 334
631 334
299 631
334 299
334 631
630 334
630 334
298 630
334 298
334 630
629 334
629 334
297 629
334 297
334 629
628 334
628 334
296 628
334 296
334 628
627 334
627 334
295 627
334 295
334 627
626 334
626 334
294 626
334 294
334 626
625 334
625 334
293 625
334 293
334 625
624 334
624 334
292 624
334 292
334 624
623 334
623 334
291 623
334 291
334 623
622 334
622 334
290 622
334 290
334 622
621 334
621 334
289 621
334 289
334 621
620 334
620 334
288 620
334 288
334 620
619 334
619 334
287 619
334 287
334 619
618 334
618 334
286 618
334 286
334 618
617 334
617 334
285 617
334 285
334 617
616 334
616 334
284 616
334 284
334 616
615 334
615 334
283 615
334 283
334 615
614 334
614 334
282 614
334 282
334 614
613 334
613 334
281 613
334 281
334 613
612 334
612 334
280 612
334 280
334 612
611 334
611 334
279 611
334 279
334 611
610 334
610 334
278 610
334 278
334 610
609 334
609 334
277 609
334 277
334 609
608 334
608 334
276 608
334 276
334 608
607 334
607 334
275 607
334 275
334 607
606 334
606 334
274 606
334 274
334 606
605 334
605 334
273 605
334 273
334 605
604 334
604 334
272 604
334 272
334 604
603 334
603 334
271 603
334 271
334 603
602 334
602 334
270 602
334 270
334 602
601 334
601 334
269 601
334 269
334 601
600 334
600 334
268 600
334 268
334 600
599 334
599 334
267 599
334 267
334 599
598 334
598 334
266 598
334 266
334 598
597 334
597 334
265 597
334 265
334 597
596 334
596 334
264 596
334 264
334 596
595 334
595 334
263 595
334 263
334 595
594 334
594 334
262 594
334 262
334 594
593 334
593 334
261 593
334 261
334 593
592 334
592 334
260 592
334 260
334 592
591 334
591 334
259 591
334 259
334 591
590 334
590 334
258 590
334 258
334 590
589 334
589 334
257 589
334 257
334 589
588 334
588 334
256 588
334 256
334 588
587 334
587 334
255 587
334 255
334 587
586 334
586 334
254 586
334 254
334 586
585 334
585 334
253 585
334 253
334 585
584 334
584 334
252 584
334 252
334 584
583 334
583 334
251 583
334 251
334 583
582 334
582 334
250 582
334 250
334 582
581 334
581 334
249 581
334 249
334 581
580 334
580 334
248 580
334 248
334 580
579 334
579 334
247 579
334 247
334 579
578 334
578 334
246 578
334 246
334 578
577 334
577 334
245 577
334 245
334 577
576 334
576 334
244 576
334 244
334 576
575 334
575 334
243 575
334 243
334 575
574 334
574 334
242 574
334 242
334 574
573 334
573 334
241 573
334 241
334 573
572 334
572 334
240 572
334 240
334 572
571 334
571 334
239 571
334 239
334 571
570 334
570 334
238 570
334 238
334 570
569 334
569 334
237 569
334 237
334 569
568 334
568 334
236 568
334 236
334 568
567 334
567 334
235 567
334 235
334 567
566 334
566 334
234 566
334 234
334 566
565 334
565 334
233 565
334 233
334 565
564 334
564 334
232 564
334 232
334 564
563 334
563 334
231 563
334 231
334 563
562 334
562 334
230 562
334 230
334 562
561 334
561 334
229 561
334 229
334 561
560 334
560 334
228 560
334 228
334 560
559 334
559 334
227 559
334 227
334 559
558 334
558 334
226 558
334 226
334 558
557 334
557 334
225 557
334 225
334 557
556 334
556 334
224 556
334 224
334 556
555 334
555 334
223 555
334 223
334 555
554 334
554 334
222 554
334 222
334 554
553 334
553 334
221 553
334 221
334 553
552 334
552 334
220 552
334 220
334 552
551 334
551 334
219 551
334 219
334 551
550 334
550 334
218 550
334 218
334 550
549 334
549 334
217 549
334 217
334 549
548 334
548 334
216 548
334 216
334 548
547 334
547 334
215 547
334 215
334 547
546 334
546 334
214 546
334 214
334 546
545 334
545 334
213 545
334 213
334 545
544 334
544 334
212 544
334 212
334 544
543 334
543 334
211 543
334 211
334 543
542 334
542 334
210 542
334 210
334 542
541 334
541 334
209 541
334 209
334 541
540 334
540 334
208 540
334 208
334 540
539 334
539 334
207 539
334 207
334 539
538 334
538 334
206 538
334 206
334 538
537 334
537 334
205 537
334 205
334 537
536 334
536 334
204 536
334 204
334 536
535 334
535 334
203 535
334 203
334 535
534 334
534 334
202 534
334 202
334 534
533 334
533 334
201 533
334 201
334 533
532 334
532 334
200 532
334 200
334 532
531 334
531 334
199 531
334 199
334 531
530 334
530 334
198 530
334 198
334 530
529 334
529 334
197 529
334 197
334 529
528 334
528 334
196 528
334 196
334 528
527 334
527 334
195 527
334 195
334 527
526 334
526 334
194 526
334 194
334 526
525 334
525 334
193 525
334 193
334 525
524 334
524 334
192 524
334 192
334 524
523 334
523 334
191 523
334 191
334 523
522 334
522 334
190 522
334 190
334 522
521 334
521 334
189 521
334 189
334 521
520 334
520 334
188 520
334 188
334 520
519 334
519 334
187 519
334 187
334 519
518 334
518 334
186 518
334 186
334 518
517 334
517 334
185 517
334 185
334 517
516 334
516 334
184 516
334 184
334 516
515 334
515 334
183 515
334 183
334 515
514 334
514 334
182 514
334 182
334 514
513 334
513 334
181 513
334 181
334 513
512 334
512 334
180 512
334 180
334 512
511 334
511 334
179 511
334 179
334 511
510 334
510 334
178 510
334 178
334 510
509 334
509 334
177 509
334 177
334 509
508 334
508 334
176 508
334 176
334 508
507 334
507 334
175 507
334 175
334 507
506 334
506 334
174 506
334 174
334 506
505 334
505 334
173 505
334 173
334 505
504 334
504 334
172 504
334 172
334 504
503 334
503 334
171 503
334 171
334 503
502 334
502 334
170 502
334 170
334 502
501 334
501 334
169 501
334 169
334 501
500 334
500 334
168 500
334 168
334 500
499 334
499 334
167 499
334 167
334 499
498 334
498 334
166 498
334 166
334 498
497 334
497 334
165 497
334 165
334 497
496 334
496 334
164 496
334 164
334 496
495 334
495 334
163 495
334 163
334 495
494 334
494 334
162 494
334 162
334 494
493 334
493 334
161 493
334 161
334 493
492 334
492 334
160 492
334 160
334 492
491 334
491 334
159 491
334 159
334 491
490 334
490 334
158 490
334 158
334 490
489 334
489 334
157 489
334 157
334 489
488 334
488 334
156 488
334 156
334 488
487 334
487 334
155 487
334 155
334 487
486 334
486 334
154 486
334 154
334 486
485 334
485 334
153 485
334 153
334 485
484 334
484 334
152 484
334 152
334 484
483 334
483 334
151 483
334 151
334 483
482 334
482 334
150 482
334 150
334 482
481 334
481 334
149 481
334 149
334 481
480 334
480 334
148 480
334 148
334 480
479 334
479 334
147 479
334 147
334 479
478 334
478 334
146 478
334 146
334 478
477 334
477 334
145 477
334 145
334 477
476 334
476 334
144 476
334 144
334 476
475 334
475 334
143 475
334 143
334 475
474 334
474 334
142 474
334 142
334 474
473 334
473 334
141 473
334 141
334 473
472 334
472 334
140 472
334 140
334 472
471 334
471 334
139 471
334 139
334 471
470 334
470 334
138 470
334 138
334 470
469 334
469 334
137 469
334 137
334 469
468 334
468 334
136 468
334 136
334 468
467 334
467 334
135 467
334 135
334 467
466 334
466 334
134 466
334 134
334 466
465 334
465 334
133 465
334 133
334 465
464 334
464 334
132 464
334 132
334 464
463 334
463 334
131 463
334 131
334 463
462 334
462 334
130 462
334 130
334 462
461 334
461 334
129 461
334 129
334 461
460 334
460 334
128 460
334 128
334 460
459 334
459 334
127 459
334 127
334 459
458 334
458 334
126 458
334 126
334 458
457 334
457 334
125 457
334 125
334 457
456 334
456 334
124 456
334 124
334 456
455 334
455 334
123 455
334 123
334 455
454 334
454 334
122 454
334 122
334 454
453 334
453 334
121 453
334 121
334 453
452 334
452 334
120 452
334 120
334 452
451 334
451 334
119 451
334 119
334 451
450 334
450 334
118 450
334 118
334 450
449 334
449 334
117 449
334 117
334 449
448 334
448 334
116 448
334 116
334 448
447 334
447 334
115 447
334 115
334 447
446 334
446 334
114 446
334 114
334 446
445 334
445 334
113 445
334 113
334 445
444 334
444 334
112 444
334 112
334 444
443 334
443 334
111 443
334 111
334 443
442 334
442 334
110 442
334 110
334 442
441 334
441 334
109 441
334 109
334 441
440 334
440 334
108 440
334 108
334 440
439 334
439 334
107 439
334 107
334 439
438 334
438 334
106 438
334 106
334 438
437 334
437 334
105 437
334 105
334 437
436 334
436 334
104 436
334 104
334 436
435 334
435 334
103 435
334 103
334 435
434 334
434 334
102 434
334 102
334 434
433 334
433 334
101 433
334 101
334 433
432 334
432 334
100 432
334 100
334 432
431 334
431 334
99 431
334 99
334 431
430 334
430 334
98 430
334 98
334 430
429 334
429 334
97 429
334 97
334 429
428 334
428 334
96 428
334 96
334 428
427 334
427 334
95 427
334 95
334 427
426 334
426 334
94 426
334 94
334 426
425 334
425 334
93 425
334 93
334 425
424 334
424 334
92 424
334 92
334 424
423 334
423 334
91 423
334 91
334 423
422 334
422 334
90 422
334 90
334 422
421 334
421 334
89 421
334 89
334 421
420 334
420 334
88 420
334 88
334 420
419 334
419 334
87 419
334 87
334 419
418 334
418 334
86 418
334 86
334 418
417 334
417 334
85 417
334 85
334 417
416 334
416 334
84 416
334 84
334 416
415 334
415 334
83 415
334 83
334 415
414 334
414 334
82 414
334 82
334 414
413 334
413 334
81 413
334 81
334 413
412 334
412 334
80 412
334 80
334 412
411 334
411 334
79 411
334 79
334 411
410 334
410 334
78 410
334 78
334 410
409 334
409 334
77 409
334 77
334 409
408 334
408 334
76 408
334 76
334 408
407 334
407 334
75 407
334 75
334 407
406 334
406 334
74 406
334 74
334 406
405 334
405 334
73 405
334 73
334 405
404 334
404 334
72 404
334 72
334 404
403 334
403 334
71 403
334 71
334 403
402 334
402 334
70 402
334 70
334 402
401 334
401 334
69 401
334 69
334 401
400 334
400 334
68 400
334 68
334 400
399 334
399 334
67 399
334 67
334 399
398 334
398 334
66 398
334 66
334 398
397 334
397 334
65 397
334 65
334 397
396 334
396 334
64 396
334 64
334 396
395 334
395 334
63 395
334 63
334 395
394 334
394 334
62 394
334 62
334 394
393 334
393 334
61 393
334 61
334 393
392 334
392 334
60 392
334 60
334 392
391 334
391 334
59 391
334 59
334 391
390 334
390 334
58 390
334 58
334 390
389 334
389 334
57 389
334 57
334 389
388 334
388 334
56 388
334 56
334 388
387 334
387 334
55 387
334 55
334 387
386 334
386 334
54 386
334 54
334 386
385 334
385 334
53 385
334 53
334 385
384 334
384 334
52 384
334 52
334 384
383 334
383 334
51 383
334 51
334 383
382 334
382 334
50 382
334 50
334 382
381 334
381 334
49 381
334 49
334 381
380 334
380 334
48 380
334 48
334 380
379 334
379 334
47 379
334 47
334 379
378 334
378 334
46 378
334 46
334 378
377 334
377 334
45 377
334 45
334 377
376 334
376 334
44 376
334 44
334 376
375 334
375 334
43 375
334 43
334 375
374 334
374 334
42 374
334 42
334 374
373 334
373 334
41 373
334 41
334 373
372 334
372 334
40 372
334 40
334 372
371 334
371 334
39 371
334 39
334 371
370 334
370 334
38 370
334 38
334 370
369 334
369 334
37 369
334 37
334 369
368 334
368 334
36 368
334 36
334 368
367 334
367 334
35 367
334 35
334 367
366 334
366 334
34 366
334 34
334 366
365 334
365 334
33 365
334 33
334 365
364 334
364 334
32 364
334 32
334 364
363 334
363 334
31 363
334 31
334 363
362 334
362 334
30 362
334 30
334 362
361 334
361 334
29 361
334 29
334 361
360 334
360 334
28 360
334 28
334 360
359 334
359 334
27 359
334 27
334 359
358 334
358 334
26 358
334 26
334 358
357 334
357 334
25 357
334 25
334 357
356 334
356 334
24 356
334 24
334 356
355 334
355 334
23 355
334 23
334 355
354 334
354 334
22 354
334 22
334 354
353 334
353 334
21 353
334 21
334 353
352 334
352 334
20 352
334 20
334 352
351 334
351 334
19 351
334 19
334 351
350 334
350 334
18 350
334 18
334 350
349 334
349 334
17 349
334 17
334 349
348 334
348 334
16 348
334 16
334 348
347 334
347 334
15 347
334 15
334 347
346 334
346 334
14 346
334 14
334 346
345 334
345 334
13 345
334 13
334 345
344 334
344 334
12 344
334 12
334 344
343 334
343 334
11 343
334 11
334 343
342 334
342 334
10 342
334 10
334 342
341 334
341 334
9 341
334 9
334 341
340 334
340 334
8 340
334 8
334 340
339 334
339 334
7 339
334 7
334 339
338 334
338 334
6 338
334 6
334 338
337 334
337 334
5 337
334 5
334 337
336 334
336 334
4 336
334 4
334 336
335 334
335 334
3 335
334 3
334 335
1 334
2 1
2 334
333 2
333 2
333 334
1 333
2 1
2 333
2 333
332 2
332 2
2 332
2 332
331 2
331 2
2 331
2 331
330 2
330 2
2 330
2 330
329 2
329 2
2 329
2 329
328 2
328 2
2 328
2 328
327 2
327 2
2 327
2 327
326 2
326 2
2 326
2 326
325 2
325 2
2 325
2 325
324 2
324 2
2 324
2 324
323 2
323 2
2 323
2 323
322 2
322 2
2 322
2 322
321 2
321 2
2 321
2 321
320 2
320 2
2 320
2 320
319 2
319 2
2 319
2 319
318 2
318 2
2 318
2 318
317 2
317 2
2 317
2 317
316 2
316 2
2 316
2 316
315 2
315 2
2 315
2 315
314 2
314 2
2 314
2 314
313 2
313 2
2 313
2 313
312 2
312 2
2 312
2 312
311 2
311 2
2 311
2 311
310 2
310 2
2 310
2 310
309 2
309 2
2 309
2 309
308 2
308 2
2 308
2 308
307 2
307 2
2 307
2 307
306 2
306 2
2 306
2 306
305 2
305 2
2 305
2 305
304 2
304 2
2 304
2 304
303 2
303 2
2 303
2 303
302 2
302 2
2 302
2 302
301 2
301 2
2 301
2 301
300 2
300 2
2 300
2 300
299 2
299 2
2 299
2 299
298 2
298 2
2 298
2 298
297 2
297 2
2 297
2 297
296 2
296 2
2 296
2 296
295 2
295 2
2 295
2 295
294 2
294 2
2 294
2 294
293 2
293 2
2 293
2 293
292 2
292 2
2 292
2 292
291 2
291 2
2 291
2 291
290 2
290 2
2 290
2 290
289 2
289 2
2 289
2 289
288 2
288 2
2 288
2 288
287 2
287 2
2 287
2 287
286 2
286 2
2 286
2 286
285 2
285 2
2 285
2 285
284 2
284 2
2 284
2 284
283 2
283 2
2 283
2 283
282 2
282 2
2 282
2 282
281 2
281 2
2 281
2 281
280 2
280 2
2 280
2 280
279 2
279 2
2 279
2 279
278 2
278 2
2 278
2 278
277 2
277 2
2 277
2 277
276 2
276 2
2 276
2 276
275 2
275 2
2 275
2 275
274 2
274 2
2 274
2 274
273 2
273 2
2 273
2 273
272 2
272 2
2 272
2 272
271 2
271 2
2 271
2 271
270 2
270 2
2 270
2 270
269 2
269 2
2 269
2 269
268 2
268 2
2 268
2 268
267 2
267 2
2 267
2 267
266 2
266 2
2 266
2 266
265 2
265 2
2 265
2 265
264 2
264 2
2 264
2 264
263 2
263 2
2 263
2 263
262 2
262 2
2 262
2 262
261 2
261 2
2 261
2 261
260 2
260 2
2 260
2 260
259 2
259 2
2 259
2 259
258 2
258 2
2 258
2 258
257 2
257 2
2 257
2 257
256 2
256 2
2 256
2 256
255 2
255 2
2 255
2 255
254 2
254 2
2 254
2 254
253 2
253 2
2 253
2 253
252 2
252 2
2 252
2 252
251 2
251 2
2 251
2 251
250 2
250 2
2 250
2 250
249 2
249 2
2 249
2 249
248 2
248 2
2 248
2 248
247 2
247 2
2 247
2 247
246 2
246 2
2 246
2 246
245 2
245 2
2 245
2 245
244 2
244 2
2 244
2 244
243 2
243 2
2 243
2 243
242 2
242 2
2 242
2 242
241 2
241 2
2 241
2 241
240 2
240 2
2 240
2 240
239 2
239 2
2 239
2 239
238 2
238 2
2 238
2 238
237 2
237 2
2 237
2 237
236 2
236 2
2 236
2 236
235 2
235 2
2 235
2 235
234 2
234 2
2 234
2 234
233 2
233 2
2 233
2 233
232 2
232 2
2 232
2 232
231 2
231 2
2 231
2 231
230 2
230 2
2 230
2 230
229 2
229 2
2 229
2 229
228 2
228 2
2 228
2 228
227 2
227 2
2 227
2 227
226 2
226 2
2 226
2 226
225 2
225 2
2 225
2 225
224 2
224 2
2 224
2 224
223 2
223 2
2 223
2 223
222 2
222 2
2 222
2 222
221 2
221 2
2 221
2 221
220 2
220 2
2 220
2 220
219 2
219 2
2 219
2 219
218 2
218 2
2 218
2 218
217 2
217 2
2 217
2 217
216 2
216 2
2 216
2 216
215 2
215 2
2 215
2 215
214 2
214 2
2 214
2 214
213 2
213 2
2 213
2 213
212 2
212 2
2 212
2 212
211 2
211 2
2 211
2 211
210 2
210 2
2 210
2 210
209 2
209 2
2 209
2 209
208 2
208 2
2 208
2 208
207 2
207 2
2 207
2 207
206 2
206 2
2 206
2 206
205 2
205 2
2 205
2 205
204 2
204 2
2 204
2 204
203 2
203 2
2 203
2 203
202 2
202 2
2 202
2 202
201 2
201 2
2 201
2 201
200 2
200 2
2 200
2 200
199 2
199 2
2 199
2 199
198 2
198 2
2 198
2 198
197 2
197 2
2 197
2 197
196 2
196 2
2 196
2 196
195 2
195 2
2 195
2 195
194 2
194 2
2 194
2 194
193 2
193 2
2 193
2 193
192 2
192 2
2 192
2 192
191 2
191 2
2 191
2 191
190 2
190 2
2 190
2 190
189 2
189 2
2 189
2 189
188 2
188 2
2 188
2 188
187 2
187 2
2 187
2 187
186 2
186 2
2 186
2 186
185 2
185 2
2 185
2 185
184 2
184 2
2 184
2 184
183 2
183 2
2 183
2 183
182 2
182 2
2 182
2 182
181 2
181 2
2 181
2 181
180 2
180 2
2 180
2 180
179 2
179 2
2 179
2 179
178 2
178 2
2 178
2 178
177 2
177 2
2 177
2 177
176 2
176 2
2 176
2 176
175 2
175 2
2 175
2 175
174 2
174 2
2 174
2 174
173 2
173 2
2 173
2 173
172 2
172 2
2 172
2 172
171 2
171 2
2 171
2 171
170 2
170 2
2 170
2 170
169 2
169 2
2 169
2 169
168 2
168 2
2 168
2 168
167 2
167 2
2 167
2 167
166 2
166 2
2 166
2 166
165 2
165 2
2 165
2 165
164 2
164 2
2 164
2 164
163 2
163 2
2 163
2 163
162 2
162 2
2 162
2 162
161 2
161 2
2 161
2 161
160 2
160 2
2 160
2 160
159 2
159 2
2 159
2 159
158 2
158 2
2 158
2 158
157 2
157 2
2 157
2 157
156 2
156 2
2 156
2 156
155 2
155 2
2 155
2 155
154 2
154 2
2 154
2 154
153 2
153 2
2 153
2 153
152 2
152 2
2 152
2 152
151 2
151 2
2 151
2 151
150 2
150 2
2 150
2 150
149 2
149 2
2 149
2 149
148 2
148 2
2 148
2 148
147 2
147 2
2 147
2 147
146 2
146 2
2 146
2 146
145 2
145 2
2 145
2 145
144 2
144 2
2 144
2 144
143 2
143 2
2 143
2 143
142 2
142 2
2 142
2 142
141 2
141 2
2 141
2 141
140 2
140 2
2 140
2 140
139 2
139 2
2 139
2 139
138 2
138 2
2 138
2 138
137 2
137 2
2 137
2 137
136 2
136 2
2 136
2 136
135 2
135 2
2 135
2 135
134 2
134 2
2 134
2 134
133 2
133 2
2 133
2 133
132 2
132 2
2 132
2 132
131 2
131 2
2 131
2 131
130 2
130 2
2 130
2 130
129 2
129 2
2 129
2 129
128 2
128 2
2 128
2 128
127 2
127 2
2 127
2 127
126 2
126 2
2 126
2 126
125 2
125 2
2 125
2 125
124 2
124 2
2 124
2 124
123 2
123 2
2 123
2 123
122 2
122 2
2 122
2 122
121 2
121 2
2 121
2 121
120 2
120 2
2 120
2 120
119 2
119 2
2 119
2 119
118 2
118 2
2 118
2 118
117 2
117 2
2 117
2 117
116 2
116 2
2 116
2 116
115 2
115 2
2 115
2 115
114 2
114 2
2 114
2 114
113 2
113 2
2 113
2 113
112 2
112 2
2 112
2 112
111 2
111 2
2 111
2 111
110 2
110 2
2 110
2 110
109 2
109 2
2 109
2 109
108 2
108 2
2 108
2 108
107 2
107 2
2 107
2 107
106 2
106 2
2 106
2 106
105 2
105 2
2 105
2 105
104 2
104 2
2 104
2 104
103 2
103 2
2 103
2 103
102 2
102 2
2 102
2 102
101 2
101 2
2 101
2 101
100 2
100 2
2 100
2 100
99 2
99 2
2 99
2 99
98 2
98 2
2 98
2 98
97 2
97 2
2 97
2 97
96 2
96 2
2 96
2 96
95 2
95 2
2 95
2 95
94 2
94 2
2 94
2 94
93 2
93 2
2 93
2 93
92 2
92 2
2 92
2 92
91 2
91 2
2 91
2 91
90 2
90 2
2 90
2 90
89 2
89 2
2 89
2 89
88 2
88 2
2 88
2 88
87 2
87 2
2 87
2 87
86 2
86 2
2 86
2 86
85 2
85 2
2 85
2 85
84 2
84 2
2 84
2 84
83 2
83 2
2 83
2 83
82 2
82 2
2 82
2 82
81 2
81 2
2 81
2 81
80 2
80 2
2 80
2 80
79 2
79 2
2 79
2 79
78 2
78 2
2 78
2 78
77 2
77 2
2 77
2 77
76 2
76 2
2 76
2 76
75 2
75 2
2 75
2 75
74 2
74 2
2 74
2 74
73 2
73 2
2 73
2 73
72 2
72 2
2 72
2 72
71 2
71 2
2 71
2 71
70 2
70 2
2 70
2 70
69 2
69 2
2 69
2 69
68 2
68 2
2 68
2 68
67 2
67 2
2 67
2 67
66 2
66 2
2 66
2 66
65 2
65 2
2 65
2 65
64 2
64 2
2 64
2 64
63 2
63 2
2 63
2 63
62 2
62 2
2 62
2 62
61 2
61 2
2 61
2 61
60 2
60 2
2 60
2 60
59 2
59 2
2 59
2 59
58 2
58 2
2 58
2 58
57 2
57 2
2 57
2 57
56 2
56 2
2 56
2 56
55 2
55 2
2 55
2 55
54 2
54 2
2 54
2 54
53 2
53 2
2 53
2 53
52 2
52 2
2 52
2 52
51 2
51 2
2 51
2 51
50 2
50 2
2 50
2 50
49 2
49 2
2 49
2 49
48 2
48 2
2 48
2 48
47 2
47 2
2 47
2 47
46 2
46 2
2 46
2 46
45 2
45 2
2 45
2 45
44 2
44 2
2 44
2 44
43 2
43 2
2 43
2 43
42 2
42 2
2 42
2 42
41 2
41 2
2 41
2 41
40 2
40 2
2 40
2 40
39 2
39 2
2 39
2 39
38 2
38 2
2 38
2 38
37 2
37 2
2 37
2 37
36 2
36 2
2 36
2 36
35 2
35 2
2 35
2 35
34 2
34 2
2 34
2 34
33 2
33 2
2 33
2 33
32 2
32 2
2 32
2 32
31 2
31 2
2 31
2 31
30 2
30 2
2 30
2 30
29 2
29 2
2 29
2 29
28 2
28 2
2 28
2 28
27 2
27 2
2 27
2 27
26 2
26 2
2 26
2 26
25 2
25 2
2 25
2 25
24 2
24 2
2 24
2 24
23 2
23 2
2 23
2 23
22 2
22 2
2 22
2 22
21 2
21 2
2 21
2 21
20 2
20 2
2 20
2 20
19 2
19 2
2 19
2 19
18 2
18 2
2 18
2 18
17 2
17 2
2 17
2 17
16 2
16 2
2 16
2 16
15 2
15 2
2 15
2 15
14 2
14 2
2 14
2 14
13 2
13 2
2 13
2 13
12 2
12 2
2 12
2 12
11 2
11 2
2 11
2 11
10 2
10 2
2 10
2 10
9 2
9 2
2 9
2 9
8 2
8 2
2 8
2 8
7 2
7 2
2 7
2 7
6 2
6 2
2 6
2 6
5 2
5 2
2 5
2 5
4 2
4 2
2 4
2 4
3 2
3 2
2 3
2 3
1 2
1 2
1 2
