9287
1 997
333 997
665 997
996 1
996 333
332 665
332 996
332 996
1 332
996 1
996 332
1 996
664 1
664 332
664 996
995 664
995 664
331 664
331 995
331 995
1 331
995 1
995 331
1 995
663 1
663 331
663 995
994 663
994 663
330 663
330 994
330 994
1 330
994 1
994 330
1 994
662 1
662 330
662 994
993 662
993 662
329 662
329 993
329 993
1 329
993 1
993 329
1 993
661 1
661 329
661 993
992 661
992 661
328 661
328 992
328 992
1 328
992 1
992 328
1 992
660 1
660 328
660 992
991 660
991 660
327 660
327 991
327 991
1 327
991 1
991 327
1 991
659 1
659 327
659 991
990 659
990 659
326 659
326 990
326 990
1 326
990 1
990 326
1 990
658 1
658 326
658 990
989 658
989 658
325 658
325 989
325 989
1 325
989 1
989 325
1 989
657 1
657 325
657 989
988 657
988 657
324 657
324 988
324 988
1 324
988 1
988 324
1 988
656 1
656 324
656 988
987 656
987 656
323 656
323 987
323 987
1 323
987 1
987 323
1 987
655 1
655 323
655 987
986 655
986 655
322 655
322 986
322 986
1 322
986 1
986 322
1 986
654 1
654 322
654 986
985 654
985 654
321 654
321 985
321 985
1 321
985 1
985 321
1 985
653 1
653 321
653 985
984 653
984 653
320 653
320 984
320 984
1 320
984 1
984 320
1 984
652 1
652 320
652 984
983 652
983 652
319 652
319 983
319 983
1 319
983 1
983 319
1 983
651 1
651 319
651 983
982 651
982 651
318 651
318 982
318 982
1 318
982 1
982 318
1 982
650 1
650 318
650 982
981 650
981 650
317 650
317 981
317 981
1 317
981 1
981 317
1 981
649 1
649 317
649 981
980 649
980 649
316 649
316 980
316 980
1 316
980 1
980 316
1 980
648 1
648 316
648 980
979 648
979 648
315 648
315 979
315 979
1 315
979 1
979 315
1 979
647 1
647 315
647 979
978 647
978 647
314 647
314 978
314 978
1 314
978 1
978 314
1 978
646 1
646 314
646 978
977 646
977 646
313 646
313 977
313 977
1 313
977 1
977 313
1 977
645 1
645 313
645 977
976 645
976 645
312 645
312 976
312 976
1 312
976 1
976 312
1 976
644 1
644 312
644 976
975 644
975 644
311 644
311 975
311 975
1 311
975 1
975 311
1 975
643 1
643 311
643 975
974 643
974 643
310 643
310 974
310 974
1 310
974 1
974 310
1 974
642 1
642 310
642 974
973 642
973 642
309 642
309 973
309 973
1 309
973 1
973 309
1 973
641 1
641 309
641 973
972 641
972 641
308 641
308 972
308 972
1 308
972 1
972 308
1 972
640 1
640 308
640 972
971 640
971 640
307 640
307 971
307 971
1 307
971 1
971 307
1 971
639 1
639 307
639 971
970 639
970 639
306 639
306 970
306 970
1 306
970 1
970 306
1 970
638 1
638 306
638 970
969 638
969 638
305 638
305 969
305 969
1 305
969 1
969 305
1 969
637 1
637 305
637 969
968 637
968 637
304 637
304 968
304 968
1 304
968 1
968 304
1 968
636 1
636 304
636 968
967 636
967 636
303 636
303 967
303 967
1 303
967 1
967 303
1 967
635 1
635 303
635 967
966 635
966 635
302 635
302 966
302 966
1 302
966 1
966 302
1 966
634 1
634 302
634 966
965 634
965 634
301 634
301 965
301 965
1 301
965 1
965 301
1 965
633 1
633 301
633 965
964 633
964 633
300 633
300 964
300 964
1 300
964 1
964 300
1 964
632 1
632 300
632 964
963 632
963 632
299 632
299 963
299 963
1 299
963 1
963 299
1 963
631 1
631 299
631 963
962 631
962 631
298 631
298 962
298 962
1 298
962 1
962 298
1 962
630 1
630 298
630 962
961 630
961 630
297 630
297 961
297 961
1 297
961 1
961 297
1 961
629 1
629 297
629 961
960 629
960 629
296 629
296 960
296 960
1 296
960 1
960 296
1 960
628 1
628 296
628 960
959 628
959 628
295 628
295 959
295 959
1 295
959 1
959 295
1 959
627 1
627 295
627 959
958 627
958 627
294 627
294 958
294 958
1 294
958 1
958 294
1 958
626 1
626 294
626 958
957 626
957 626
293 626
293 957
293 957
1 293
957 1
957 293
1 957
625 1
625 293
625 957
956 625
956 625
292 625
292 956
292 956
1 292
956 1
956 292
1 956
624 1
624 292
624 956
955 624
955 624
291 624
291 955
291 955
1 291
955 1
955 291
1 955
623 1
623 291
623 955
954 623
954 623
290 623
290 954
290 954
1 290
954 1
954 290
1 954
622 1
622 290
622 954
953 622
953 622
289 622
289 953
289 953
1 289
953 1
953 289
1 953
621 1
621 289
621 953
952 621
952 621
288 621
288 952
288 952
1 288
952 1
952 288
1 952
620 1
620 288
620 952
951 620
951 620
287 620
287 951
287 951
1 287
951 1
951 287
1 951
619 1
619 287
619 951
950 619
950 619
286 619
286 950
286 950
1 286
950 1
950 286
1 950
618 1
618 286
618 950
949 618
949 618
285 618
285 949
285 949
1 285
949 1
949 285
1 949
617 1
617 285
617 949
948 617
948 617
284 617
284 948
284 948
1 284
948 1
948 284
1 948
616 1
616 284
616 948
947 616
947 616
283 616
283 947
283 947
1 283
947 1
947 283
1 947
615 1
615 283
615 947
946 615
946 615
282 615
282 946
282 946
1 282
946 1
946 282
1 946
614 1
614 282
614 946
945 614
945 614
281 614
281 945
281 945
1 281
945 1
945 281
1 945
613 1
613 281
613 945
944 613
944 613
280 613
280 944
280 944
1 280
944 1
944 280
1 944
612 1
612 280
612 944
943 612
943 612
279 612
279 943
279 943
1 279
943 1
943 279
1 943
611 1
611 279
611 943
942 611
942 611
278 611
278 942
278 942
1 278
942 1
942 278
1 942
610 1
610 278
610 942
941 610
941 610
277 610
277 941
277 941
1 277
941 1
941 277
1 941
609 1
609 277
609 941
940 609
940 609
276 609
276 940
276 940
1 276
940 1
940 276
1 940
608 1
608 276
608 940
939 608
939 608
275 608
275 939
275 939
1 275
939 1
939 275
1 939
607 1
607 275
607 939
938 607
938 607
274 607
274 938
274 938
1 274
938 1
938 274
1 938
606 1
606 274
606 938
937 606
937 606
273 606
273 937
273 937
1 273
937 1
937 273
1 937
605 1
605 273
605 937
936 605
936 605
272 605
272 936
272 936
1 272
936 1
936 272
1 936
604 1
604 272
604 936
935 604
935 604
271 604
271 935
271 935
1 271
935 1
935 271
1 935
603 1
603 271
603 935
934 603
934 603
270 603
270 934
270 934
1 270
934 1
934 270
1 934
602 1
602 270
602 934
933 602
933 602
269 602
269 933
269 933
1 269
933 1
933 269
1 933
601 1
601 269
601 933
932 601
932 601
268 601
268 932
268 932
1 268
932 1
932 268
1 932
600 1
600 268
600 932
931 600
931 600
267 600
267 931
267 931
1 267
931 1
931 267
1 931
599 1
599 267
599 931
930 599
930 599
266 599
266 930
266 930
1 266
930 1
930 266
1 930
598 1
598 266
598 930
929 598
929 598
265 598
265 929
265 929
1 265
929 1
929 265
1 929
597 1
597 265
597 929
928 597
928 597
264 597
264 928
264 928
1 264
928 1
928 264
1 928
596 1
596 264
596 928
927 596
927 596
263 596
263 927
263 927
1 263
927 1
927 263
1 927
595 1
595 263
595 927
926 595
926 595
262 595
262 926
262 926
1 262
926 1
926 262
1 926
594 1
594 262
594 926
925 594
925 594
261 594
261 925
261 925
1 261
925 1
925 261
1 925
593 1
593 261
593 925
924 593
924 593
260 593
260 924
260 924
1 260
924 1
924 260
1 924
592 1
592 260
592 924
923 592
923 592
259 592
259 923
259 923
1 259
923 1
923 259
1 923
591 1
591 259
591 923
922 591
922 591
258 591
258 922
258 922
1 258
922 1
922 258
1 922
590 1
590 258
590 922
921 590
921 590
257 590
257 921
257 921
1 257
921 1
921 257
1 921
589 1
589 257
589 921
920 589
920 589
256 589
256 920
256 920
1 256
920 1
920 256
1 920
588 1
588 256
588 920
919 588
919 588
255 588
255 919
255 919
1 255
919 1
919 255
1 919
587 1
587 255
587 919
918 587
918 587
254 587
254 918
254 918
1 254
918 1
918 254
1 918
586 1
586 254
586 918
917 586
917 586
253 586
253 917
253 917
1 253
917 1
917 253
1 917
585 1
585 253
585 917
916 585
916 585
252 585
252 916
252 916
1 252
916 1
916 252
1 916
584 1
584 252
584 916
915 584
915 584
251 584
251 915
251 915
1 251
915 1
915 251
1 915
583 1
583 251
583 915
914 583
914 583
250 583
250 914
250 914
1 250
914 1
914 250
1 914
582 1
582 250
582 914
913 582
913 582
249 582
249 913
249 913
1 249
913 1
913 249
1 913
581 1
581 249
581 913
912 581
912 581
248 581
248 912
248 912
1 248
912 1
912 248
1 912
580 1
580 248
580 912
911 580
911 580
247 580
247 911
247 911
1 247
911 1
911 247
1 911
579 1
579 247
579 911
910 579
910 579
246 579
246 910
246 910
1 246
910 1
910 246
1 910
578 1
578 246
578 910
909 578
909 578
245 578
245 909
245 909
1 245
909 1
909 245
1 909
577 1
577 245
577 909
908 577
908 577
244 577
244 908
244 908
1 244
908 1
908 244
1 908
576 1
576 244
576 908
907 576
907 576
243 576
243 907
243 907
1 243
907 1
907 243
1 907
575 1
575 243
575 907
906 575
906 575
242 575
242 906
242 906
1 242
906 1
906 242
1 906
574 1
574 242
574 906
905 574
905 574
241 574
241 905
241 905
1 241
905 1
905 241
1 905
573 1
573 241
573 905
904 573
904 573
240 573
240 904
240 904
1 240
904 1
904 240
1 904
572 1
572 240
572 904
903 572
903 572
239 572
239 903
239 903
1 239
903 1
903 239
1 903
571 1
571 239
571 903
902 571
902 571
238 571
238 902
238 902
1 238
902 1
902 238
1 902
570 1
570 238
570 902
901 570
901 570
237 570
237 901
237 901
1 237
901 1
901 237
1 901
569 1
569 237
569 901
900 569
900 569
236 569
236 900
236 900
1 236
900 1
900 236
1 900
568 1
568 236
568 900
899 568
899 568
235 568
235 899
235 899
1 235
899 1
899 235
1 899
567 1
567 235
567 899
898 567
898 567
234 567
234 898
234 898
1 234
898 1
898 234
1 898
566 1
566 234
566 898
897 566
897 566
233 566
233 897
233 897
1 233
897 1
897 233
1 897
565 1
565 233
565 897
896 565
896 565
232 565
232 896
232 896
1 232
896 1
896 232
1 896
564 1
564 232
564 896
895 564
895 564
231 564
231 895
231 895
1 231
895 1
895 231
1 895
563 1
563 231
563 895
894 563
894 563
230 563
230 894
230 894
1 230
894 1
894 230
1 894
562 1
562 230
562 894
893 562
893 562
229 562
229 893
229 893
1 229
893 1
893 229
1 893
561 1
561 229
561 893
892 561
892 561
228 561
228 892
228 892
1 228
892 1
892 228
1 892
560 1
560 228
560 892
891 560
891 560
227 560
227 891
227 891
1 227
891 1
891 227
1 891
559 1
559 227
559 891
890 559
890 559
226 559
226 890
226 890
1 226
890 1
890 226
1 890
558 1
558 226
558 890
889 558
889 558
225 558
225 889
225 889
1 225
889 1
889 225
1 889
557 1
557 225
557 889
888 557
888 557
224 557
224 888
224 888
1 224
888 1
888 224
1 888
556 1
556 224
556 888
887 556
887 556
223 556
223 887
223 887
1 223
887 1
887 223
1 887
555 1
555 223
555 887
886 555
886 555
222 555
222 886
222 886
1 222
886 1
886 222
1 886
554 1
554 222
554 886
885 554
885 554
221 554
221 885
221 885
1 221
885 1
885 221
1 885
553 1
553 221
553 885
884 553
884 553
220 553
220 884
220 884
1 220
884 1
884 220
1 884
552 1
552 220
552 884
883 552
883 552
219 552
219 883
219 883
1 219
883 1
883 219
1 883
551 1
551 219
551 883
882 551
882 551
218 551
218 882
218 882
1 218
882 1
882 218
1 882
550 1
550 218
550 882
881 550
881 550
217 550
217 881
217 881
1 217
881 1
881 217
1 881
549 1
549 217
549 881
880 549
880 549
216 549
216 880
216 880
1 216
880 1
880 216
1 880
548 1
548 216
548 880
879 548
879 548
215 548
215 879
215 879
1 215
879 1
879 215
1 879
547 1
547 215
547 879
878 547
878 547
214 547
214 878
214 878
1 214
878 1
878 214
1 878
546 1
546 214
546 878
877 546
877 546
213 546
213 877
213 877
1 213
877 1
877 213
1 877
545 1
545 213
545 877
876 545
876 545
212 545
212 876
212 876
1 212
876 1
876 212
1 876
544 1
544 212
544 876
875 544
875 544
211 544
211 875
211 875
1 211
875 1
875 211
1 875
543 1
543 211
543 875
874 543
874 543
210 543
210 874
210 874
1 210
874 1
874 210
1 874
542 1
542 210
542 874
873 542
873 542
209 542
209 873
209 873
1 209
873 1
873 209
1 873
541 1
541 209
541 873
872 541
872 541
208 541
208 872
208 872
1 208
872 1
872 208
1 872
540 1
540 208
540 872
871 540
871 540
207 540
207 871
207 871
1 207
871 1
871 207
1 871
539 1
539 207
539 871
870 539
870 539
206 539
206 870
206 870
1 206
870 1
870 206
1 870
538 1
538 206
538 870
869 538
869 538
205 538
205 869
205 869
1 205
869 1
869 205
1 869
537 1
537 205
537 869
868 537
868 537
204 537
204 868
204 868
1 204
868 1
868 204
1 868
536 1
536 204
536 868
867 536
867 536
203 536
203 867
203 867
1 203
867 1
867 203
1 867
535 1
535 203
535 867
866 535
866 535
202 535
202 866
202 866
1 202
866 1
866 202
1 866
534 1
534 202
534 866
865 534
865 534
201 534
201 865
201 865
1 201
865 1
865 201
1 865
533 1
533 201
533 865
864 533
864 533
200 533
200 864
200 864
1 200
864 1
864 200
1 864
532 1
532 200
532 864
863 532
863 532
199 532
199 863
199 863
1 199
863 1
863 199
1 863
531 1
531 199
531 863
862 531
862 531
198 531
198 862
198 862
1 198
862 1
862 198
1 862
530 1
530 198
530 862
861 530
861 530
197 530
197 861
197 861
1 197
861 1
861 197
1 861
529 1
529 197
529 861
860 529
860 529
196 529
196 860
196 860
1 196
860 1
860 196
1 860
528 1
528 196
528 860
859 528
859 528
195 528
195 859
195 859
1 195
859 1
859 195
1 859
527 1
527 195
527 859
858 527
858 527
194 527
194 858
194 858
1 194
858 1
858 194
1 858
526 1
526 194
526 858
857 526
857 526
193 526
193 857
193 857
1 193
857 1
857 193
1 857
525 1
525 193
525 857
856 525
856 525
192 525
192 856
192 856
1 192
856 1
856 192
1 856
524 1
524 192
524 856
855 524
855 524
191 524
191 855
191 855
1 191
855 1
855 191
1 855
523 1
523 191
523 855
854 523
854 523
190 523
190 854
190 854
1 190
854 1
854 190
1 854
522 1
522 190
522 854
853 522
853 522
189 522
189 853
189 853
1 189
853 1
853 189
1 853
521 1
521 189
521 853
852 521
852 521
188 521
188 852
188 852
1 188
852 1
852 188
1 852
520 1
520 188
520 852
851 520
851 520
187 520
187 851
187 851
1 187
851 1
851 187
1 851
519 1
519 187
519 851
850 519
850 519
186 519
186 850
186 850
1 186
850 1
850 186
1 850
518 1
518 186
518 850
849 518
849 518
185 518
185 849
185 849
1 185
849 1
849 185
1 849
517 1
517 185
517 849
848 517
848 517
184 517
184 848
184 848
1 184
848 1
848 184
1 848
516 1
516 184
516 848
847 516
847 516
183 516
183 847
183 847
1 183
847 1
847 183
1 847
515 1
515 183
515 847
846 515
846 515
182 515
182 846
182 846
1 182
846 1
846 182
1 846
514 1
514 182
514 846
845 514
845 514
181 514
181 845
181 845
1 181
845 1
845 181
1 845
513 1
513 181
513 845
844 513
844 513
180 513
180 844
180 844
1 180
844 1
844 180
1 844
512 1
512 180
512 844
843 512
843 512
179 512
179 843
179 843
1 179
843 1
843 179
1 843
511 1
511 179
511 843
842 511
842 511
178 511
178 842
178 842
1 178
842 1
842 178
1 842
510 1
510 178
510 842
841 510
841 510
177 510
177 841
177 841
1 177
841 1
841 177
1 841
509 1
509 177
509 841
840 509
840 509
176 509
176 840
176 840
1 176
840 1
840 176
1 840
508 1
508 176
508 840
839 508
839 508
175 508
175 839
175 839
1 175
839 1
839 175
1 839
507 1
507 175
507 839
838 507
838 507
174 507
174 838
174 838
1 174
838 1
838 174
1 838
506 1
506 174
506 838
837 506
837 506
173 506
173 837
173 837
1 173
837 1
837 173
1 837
505 1
505 173
505 837
836 505
836 505
172 505
172 836
172 836
1 172
836 1
836 172
1 836
504 1
504 172
504 836
835 504
835 504
171 504
171 835
171 835
1 171
835 1
835 171
1 835
503 1
503 171
503 835
834 503
834 503
170 503
170 834
170 834
1 170
834 1
834 170
1 834
502 1
502 170
502 834
833 502
833 502
169 502
169 833
169 833
1 169
833 1
833 169
1 833
501 1
501 169
501 833
832 501
832 501
168 501
168 832
168 832
1 168
832 1
832 168
1 832
500 1
500 168
500 832
831 500
831 500
167 500
167 831
167 831
1 167
831 1
831 167
1 831
499 1
499 167
499 831
830 499
830 499
166 499
166 830
166 830
1 166
830 1
830 166
1 830
498 1
498 166
498 830
829 498
829 498
165 498
165 829
165 829
1 165
829 1
829 165
1 829
497 1
497 165
497 829
828 497
828 497
164 497
164 828
164 828
1 164
828 1
828 164
1 828
496 1
496 164
496 828
827 496
827 496
163 496
163 827
163 827
1 163
827 1
827 163
1 827
495 1
495 163
495 827
826 495
826 495
162 495
162 826
162 826
1 162
826 1
826 162
1 826
494 1
494 162
494 826
825 494
825 494
161 494
161 825
161 825
1 161
825 1
825 161
1 825
493 1
493 161
493 825
824 493
824 493
160 493
160 824
160 824
1 160
824 1
824 160
1 824
492 1
492 160
492 824
823 492
823 492
159 492
159 823
159 823
1 159
823 1
823 159
1 823
491 1
491 159
491 823
822 491
822 491
158 491
158 822
158 822
1 158
822 1
822 158
1 822
490 1
490 158
490 822
821 490
821 490
157 490
157 821
157 821
1 157
821 1
821 157
1 821
489 1
489 157
489 821
820 489
820 489
156 489
156 820
156 820
1 156
820 1
820 156
1 820
488 1
488 156
488 820
819 488
819 488
155 488
155 819
155 819
1 155
819 1
819 155
1 819
487 1
487 155
487 819
818 487
818 487
154 487
154 818
154 818
1 154
818 1
818 154
1 818
486 1
486 154
486 818
817 486
817 486
153 486
153 817
153 817
1 153
817 1
817 153
1 817
485 1
485 153
485 817
816 485
816 485
152 485
152 816
152 816
1 152
816 1
816 152
1 816
484 1
484 152
484 816
815 484
815 484
151 484
151 815
151 815
1 151
815 1
815 151
1 815
483 1
483 151
483 815
814 483
814 483
150 483
150 814
150 814
1 150
814 1
814 150
1 814
482 1
482 150
482 814
813 482
813 482
149 482
149 813
149 813
1 149
813 1
813 149
1 813
481 1
481 149
481 813
812 481
812 481
148 481
148 812
148 812
1 148
812 1
812 148
1 812
480 1
480 148
480 812
811 480
811 480
147 480
147 811
147 811
1 147
811 1
811 147
1 811
479 1
479 147
479 811
810 479
810 479
146 479
146 810
146 810
1 146
810 1
810 146
1 810
478 1
478 146
478 810
809 478
809 478
145 478
145 809
145 809
1 145
809 1
809 145
1 809
477 1
477 145
477 809
808 477
808 477
144 477
144 808
144 808
1 144
808 1
808 144
1 808
476 1
476 144
476 808
807 476
807 476
143 476
143 807
143 807
1 143
807 1
807 143
1 807
475 1
475 143
475 807
806 475
806 475
142 475
142 806
142 806
1 142
806 1
806 142
1 806
474 1
474 142
474 806
805 474
805 474
141 474
141 805
141 805
1 141
805 1
805 141
1 805
473 1
473 141
473 805
804 473
804 473
140 473
140 804
140 804
1 140
804 1
804 140
1 804
472 1
472 140
472 804
803 472
803 472
139 472
139 803
139 803
1 139
803 1
803 139
1 803
471 1
471 139
471 803
802 471
802 471
138 471
138 802
138 802
1 138
802 1
802 138
1 802
470 1
470 138
470 802
801 470
801 470
137 470
137 801
137 801
1 137
801 1
801 137
1 801
469 1
469 137
469 801
800 469
800 469
136 469
136 800
136 800
1 136
800 1
800 136
1 800
468 1
468 136
468 800
799 468
799 468
135 468
135 799
135 799
1 135
799 1
799 135
1 799
467 1
467 135
467 799
798 467
798 467
134 467
134 798
134 798
1 134
798 1
798 134
1 798
466 1
466 134
466 798
797 466
797 466
133 466
133 797
133 797
1 133
797 1
797 133
1 797
465 1
465 133
465 797
796 465
796 465
132 465
132 796
132 796
1 132
796 1
796 132
1 796
464 1
464 132
464 796
795 464
795 464
131 464
131 795
131 795
1 131
795 1
795 131
1 795
463 1
463 131
463 795
794 463
794 463
130 463
130 794
130 794
1 130
794 1
794 130
1 794
462 1
462 130
462 794
793 462
793 462
129 462
129 793
129 793
1 129
793 1
793 129
1 793
461 1
461 129
461 793
792 461
792 461
128 461
128 792
128 792
1 128
792 1
792 128
1 792
460 1
460 128
460 792
791 460
791 460
127 460
127 791
127 791
1 127
791 1
791 127
1 791
459 1
459 127
459 791
790 459
790 459
126 459
126 790
126 790
1 126
790 1
790 126
1 790
458 1
458 126
458 790
789 458
789 458
125 458
125 789
125 789
1 125
789 1
789 125
1 789
457 1
457 125
457 789
788 457
788 457
124 457
124 788
124 788
1 124
788 1
788 124
1 788
456 1
456 124
456 788
787 456
787 456
123 456
123 787
123 787
1 123
787 1
787 123
1 787
455 1
455 123
455 787
786 455
786 455
122 455
122 786
122 786
1 122
786 1
786 122
1 786
454 1
454 122
454 786
785 454
785 454
121 454
121 785
121 785
1 121
785 1
785 121
1 785
453 1
453 121
453 785
784 453
784 453
120 453
120 784
120 784
1 120
784 1
784 120
1 784
452 1
452 120
452 784
783 452
783 452
119 452
119 783
119 783
1 119
783 1
783 119
1 783
451 1
451 119
451 783
782 451
782 451
118 451
118 782
118 782
1 118
782 1
782 118
1 782
450 1
450 118
450 782
781 450
781 450
117 450
117 781
117 781
1 117
781 1
781 117
1 781
449 1
449 117
449 781
780 449
780 449
116 449
116 780
116 780
1 116
780 1
780 116
1 780
448 1
448 116
448 780
779 448
779 448
115 448
115 779
115 779
1 115
779 1
779 115
1 779
447 1
447 115
447 779
778 447
778 447
114 447
114 778
114 778
1 114
778 1
778 114
1 778
446 1
446 114
446 778
777 446
777 446
113 446
113 777
113 777
1 113
777 1
777 113
1 777
445 1
445 113
445 777
776 445
776 445
112 445
112 776
112 776
1 112
776 1
776 112
1 776
444 1
444 112
444 776
775 444
775 444
111 444
111 775
111 775
1 111
775 1
775 111
1 775
443 1
443 111
443 775
774 443
774 443
110 443
110 774
110 774
1 110
774 1
774 110
1 774
442 1
442 110
442 774
773 442
773 442
109 442
109 773
109 773
1 109
773 1
773 109
1 773
441 1
441 109
441 773
772 441
772 441
108 441
108 772
108 772
1 108
772 1
772 108
1 772
440 1
440 108
440 772
771 440
771 440
107 440
107 771
107 771
1 107
771 1
771 107
1 771
439 1
439 107
439 771
770 439
770 439
106 439
106 770
106 770
1 106
770 1
770 106
1 770
438 1
438 106
438 770
769 438
769 438
105 438
105 769
105 769
1 105
769 1
769 105
1 769
437 1
437 105
437 769
768 437
768 437
104 437
104 768
104 768
1 104
768 1
768 104
1 768
436 1
436 104
436 768
767 436
767 436
103 436
103 767
103 767
1 103
767 1
767 103
1 767
435 1
435 103
435 767
766 435
766 435
102 435
102 766
102 766
1 102
766 1
766 102
1 766
434 1
434 102
434 766
765 434
765 434
101 434
101 765
101 765
1 101
765 1
765 101
1 765
433 1
433 101
433 765
764 433
764 433
100 433
100 764
100 764
1 100
764 1
764 100
1 764
432 1
432 100
432 764
763 432
763 432
99 432
99 763
99 763
1 99
763 1
763 99
1 763
431 1
431 99
431 763
762 431
762 431
98 431
98 762
98 762
1 98
762 1
762 98
1 762
430 1
430 98
430 762
761 430
761 430
97 430
97 761
97 761
1 97
761 1
761 97
1 761
429 1
429 97
429 761
760 429
760 429
96 429
96 760
96 760
1 96
760 1
760 96
1 760
428 1
428 96
428 760
759 428
759 428
95 428
95 759
95 759
1 95
759 1
759 95
1 759
427 1
427 95
427 759
758 427
758 427
94 427
94 758
94 758
1 94
758 1
758 94
1 758
426 1
426 94
426 758
757 426
757 426
93 426
93 757
93 757
1 93
757 1
757 93
1 757
425 1
425 93
425 757
756 425
756 425
92 425
92 756
92 756
1 92
756 1
756 92
1 756
424 1
424 92
424 756
755 424
755 424
91 424
91 755
91 755
1 91
755 1
755 91
1 755
423 1
423 91
423 755
754 423
754 423
90 423
90 754
90 754
1 90
754 1
754 90
1 754
422 1
422 90
422 754
753 422
753 422
89 422
89 753
89 753
1 89
753 1
753 89
1 753
421 1
421 89
421 753
752 421
752 421
88 421
88 752
88 752
1 88
752 1
752 88
1 752
420 1
420 88
420 752
751 420
751 420
87 420
87 751
87 751
1 87
751 1
751 87
1 751
419 1
419 87
419 751
750 419
750 419
86 419
86 750
86 750
1 86
750 1
750 86
1 750
418 1
418 86
418 750
749 418
749 418
85 418
85 749
85 749
1 85
749 1
749 85
1 749
417 1
417 85
417 749
748 417
748 417
84 417
84 748
84 748
1 84
748 1
748 84
1 748
416 1
416 84
416 748
747 416
747 416
83 416
83 747
83 747
1 83
747 1
747 83
1 747
415 1
415 83
415 747
746 415
746 415
82 415
82 746
82 746
1 82
746 1
746 82
1 746
414 1
414 82
414 746
745 414
745 414
81 414
81 745
81 745
1 81
745 1
745 81
1 745
413 1
413 81
413 745
744 413
744 413
80 413
80 744
80 744
1 80
744 1
744 80
1 744
412 1
412 80
412 744
743 412
743 412
79 412
79 743
79 743
1 79
743 1
743 79
1 743
411 1
411 79
411 743
742 411
742 411
78 411
78 742
78 742
1 78
742 1
742 78
1 742
410 1
410 78
410 742
741 410
741 410
77 410
77 741
77 741
1 77
741 1
741 77
1 741
409 1
409 77
409 741
740 409
740 409
76 409
76 740
76 740
1 76
740 1
740 76
1 740
408 1
408 76
408 740
739 408
739 408
75 408
75 739
75 739
1 75
739 1
739 75
1 739
407 1
407 75
407 739
738 407
738 407
74 407
74 738
74 738
1 74
738 1
738 74
1 738
406 1
406 74
406 738
737 406
737 406
73 406
73 737
73 737
1 73
737 1
737 73
1 737
405 1
405 73
405 737
736 405
736 405
72 405
72 736
72 736
1 72
736 1
736 72
1 736
404 1
404 72
404 736
735 404
735 404
71 404
71 735
71 735
1 71
735 1
735 71
1 735
403 1
403 71
403 735
734 403
734 403
70 403
70 734
70 734
1 70
734 1
734 70
1 734
402 1
402 70
402 734
733 402
733 402
69 402
69 733
69 733
1 69
733 1
733 69
1 733
401 1
401 69
401 733
732 401
732 401
68 401
68 732
68 732
1 68
732 1
732 68
1 732
400 1
400 68
400 732
731 400
731 400
67 400
67 731
67 731
1 67
731 1
731 67
1 731
399 1
399 67
399 731
730 399
730 399
66 399
66 730
66 730
1 66
730 1
730 66
1 730
398 1
398 66
398 730
729 398
729 398
65 398
65 729
65 729
1 65
729 1
729 65
1 729
397 1
397 65
397 729
728 397
728 397
64 397
64 728
64 728
1 64
728 1
728 64
1 728
396 1
396 64
396 728
727 396
727 396
63 396
63 727
63 727
1 63
727 1
727 63
1 727
395 1
395 63
395 727
726 395
726 395
62 395
62 726
62 726
1 62
726 1
726 62
1 726
394 1
394 62
394 726
725 394
725 394
61 394
61 725
61 725
1 61
725 1
725 61
1 725
393 1
393 61
393 725
724 393
724 393
60 393
60 724
60 724
1 60
724 1
724 60
1 724
392 1
392 60
392 724
723 392
723 392
59 392
59 723
59 723
1 59
723 1
723 59
1 723
391 1
391 59
391 723
722 391
722 391
58 391
58 722
58 722
1 58
722 1
722 58
1 722
390 1
390 58
390 722
721 390
721 390
57 390
57 721
57 721
1 57
721 1
721 57
1 721
389 1
389 57
389 721
720 389
720 389
56 389
56 720
56 720
1 56
720 1
720 56
1 720
388 1
388 56
388 720
719 388
719 388
55 388
55 719
55 719
1 55
719 1
719 55
1 719
387 1
387 55
387 719
718 387
718 387
54 387
54 718
54 718
1 54
718 1
718 54
1 718
386 1
386 54
386 718
717 386
717 386
53 386
53 717
53 717
1 53
717 1
717 53
1 717
385 1
385 53
385 717
716 385
716 385
52 385
52 716
52 716
1 52
716 1
716 52
1 716
384 1
384 52
384 716
715 384
715 384
51 384
51 715
51 715
1 51
715 1
715 51
1 715
383 1
383 51
383 715
714 383
714 383
50 383
50 714
50 714
1 50
714 1
714 50
1 714
382 1
382 50
382 714
713 382
713 382
49 382
49 713
49 713
1 49
713 1
713 49
1 713
381 1
381 49
381 713
712 381
712 381
48 381
48 712
48 712
1 48
712 1
712 48
1 712
380 1
380 48
380 712
711 380
711 380
47 380
47 711
47 711
1 47
711 1
711 47
1 711
379 1
379 47
379 711
710 379
710 379
46 379
46 710
46 710
1 46
710 1
710 46
1 710
378 1
378 46
378 710
709 378
709 378
45 378
45 709
45 709
1 45
709 1
709 45
1 709
377 1
377 45
377 709
708 377
708 377
44 377
44 708
44 708
1 44
708 1
708 44
1 708
376 1
376 44
376 708
707 376
707 376
43 376
43 707
43 707
1 43
707 1
707 43
1 707
375 1
375 43
375 707
706 375
706 375
42 375
42 706
42 706
1 42
706 1
706 42
1 706
374 1
374 42
374 706
705 374
705 374
41 374
41 705
41 705
1 41
705 1
705 41
1 705
373 1
373 41
373 705
704 373
704 373
40 373
40 704
40 704
1 40
704 1
704 40
1 704
372 1
372 40
372 704
703 372
703 372
39 372
39 703
39 703
1 39
703 1
703 39
1 703
371 1
371 39
371 703
702 371
702 371
38 371
38 702
38 702
1 38
702 1
702 38
1 702
370 1
370 38
370 702
701 370
701 370
37 370
37 701
37 701
1 37
701 1
701 37
1 701
369 1
369 37
369 701
700 369
700 369
36 369
36 700
36 700
1 36
700 1
700 36
1 700
368 1
368 36
368 700
699 368
699 368
35 368
35 699
35 699
1 35
699 1
699 35
1 699
367 1
367 35
367 699
698 367
698 367
34 367
34 698
34 698
1 34
698 1
698 34
1 698
366 1
366 34
366 698
697 366
697 366
33 366
33 697
33 697
1 33
697 1
697 33
1 697
365 1
365 33
365 697
696 365
696 365
32 365
32 696
32 696
1 32
696 1
696 32
1 696
364 1
364 32
364 696
695 364
695 364
31 364
31 695
31 695
1 31
695 1
695 31
1 695
363 1
363 31
363 695
694 363
694 363
30 363
30 694
30 694
1 30
694 1
694 30
1 694
362 1
362 30
362 694
693 362
693 362
29 362
29 693
29 693
1 29
693 1
693 29
1 693
361 1
361 29
361 693
692 361
692 361
28 361
28 692
28 692
1 28
692 1
692 28
1 692
360 1
360 28
360 692
691 360
691 360
27 360
27 691
27 691
1 27
691 1
691 27
1 691
359 1
359 27
359 691
690 359
690 359
26 359
26 690
26 690
1 26
690 1
690 26
1 690
358 1
358 26
358 690
689 358
689 358
25 358
25 689
25 689
1 25
689 1
689 25
1 689
357 1
357 25
357 689
688 357
688 357
24 357
24 688
24 688
1 24
688 1
688 24
1 688
356 1
356 24
356 688
687 356
687 356
23 356
23 687
23 687
1 23
687 1
687 23
1 687
355 1
355 23
355 687
686 355
686 355
22 355
22 686
22 686
1 22
686 1
686 22
1 686
354 1
354 22
354 686
685 354
685 354
21 354
21 685
21 685
1 21
685 1
685 21
1 685
353 1
353 21
353 685
684 353
684 353
20 353
20 684
20 684
1 20
684 1
684 20
1 684
352 1
352 20
352 684
683 352
683 352
19 352
19 683
19 683
1 19
683 1
683 19
1 683
351 1
351 19
351 683
682 351
682 351
18 351
18 682
18 682
1 18
682 1
682 18
1 682
350 1
350 18
350 682
681 350
681 350
17 350
17 681
17 681
1 17
681 1
681 17
1 681
349 1
349 17
349 681
680 349
680 349
16 349
16 680
16 680
1 16
680 1
680 16
1 680
348 1
348 16
348 680
679 348
679 348
15 348
15 679
15 679
1 15
679 1
679 15
1 679
347 1
347 15
347 679
678 347
678 347
14 347
14 678
14 678
1 14
678 1
678 14
1 678
346 1
346 14
346 678
677 346
677 346
13 346
13 677
13 677
1 13
677 1
677 13
1 677
345 1
345 13
345 677
676 345
676 345
12 345
12 676
12 676
1 12
676 1
676 12
1 676
344 1
344 12
344 676
675 344
675 344
11 344
11 675
11 675
1 11
675 1
675 11
1 675
343 1
343 11
343 675
674 343
674 343
10 343
10 674
10 674
1 10
674 1
674 10
1 674
342 1
342 10
342 674
673 342
673 342
9 342
9 673
9 673
1 9
673 1
673 9
1 673
341 1
341 9
341 673
672 341
672 341
8 341
8 672
8 672
1 8
672 1
672 8
1 672
340 1
340 8
340 672
671 340
671 340
7 340
7 671
7 671
1 7
671 1
671 7
1 671
339 1
339 7
339 671
670 339
670 339
6 339
6 670
6 670
1 6
670 1
670 6
1 670
338 1
338 6
338 670
669 338
669 338
5 338
5 669
5 669
1 5
669 1
669 5
1 669
337 1
337 5
337 669
668 337
668 337
4 337
4 668
4 668
1 4
668 1
668 4
1 668
336 1
336 4
336 668
667 336
667 336
3 336
3 667
3 667
1 3
667 1
667 3
1 667
335 1
335 3
335 667
666 335
666 335
2 335
2 666
2 666
1 2
666 1
666 2
1 666
334 1
334 2
334 666
665 334
665 334
1 334
1 665
1 665
2 1
665 2
665 1
2 665
333 1
333 2
333 665
664 333
664 333
330 333
330 664
330 664
1 330
664 1
664 330
1 664
333 1
333 330
333 664
663 333
663 333
329 333
329 663
329 663
1 329
663 1
663 329
1 663
333 1
333 329
333 663
662 333
662 333
328 333
328 662
328 662
1 328
662 1
662 328
1 662
333 1
333 328
333 662
661 333
661 333
327 333
327 661
327 661
1 327
661 1
661 327
1 661
333 1
333 327
333 661
660 333
660 333
326 333
326 660
326 660
1 326
660 1
660 326
1 660
333 1
333 326
333 660
659 333
659 333
325 333
325 659
325 659
1 325
659 1
659 325
1 659
333 1
333 325
333 659
658 333
658 333
324 333
324 658
324 658
1 324
658 1
658 324
1 658
333 1
333 324
333 658
657 333
657 333
323 333
323 657
323 657
1 323
657 1
657 323
1 657
333 1
333 323
333 657
656 333
656 333
322 333
322 656
322 656
1 322
656 1
656 322
1 656
333 1
333 322
333 656
655 333
655 333
321 333
321 655
321 655
1 321
655 1
655 321
1 655
333 1
333 321
333 655
654 333
654 333
320 333
320 654
320 654
1 320
654 1
654 320
1 654
333 1
333 320
333 654
653 333
653 333
319 333
319 653
319 653
1 319
653 1
653 319
1 653
333 1
333 319
333 653
652 333
652 333
318 333
318 652
318 652
1 318
652 1
652 318
1 652
333 1
333 318
333 652
651 333
651 333
317 333
317 651
317 651
1 317
651 1
651 317
1 651
333 1
333 317
333 651
650 333
650 333
316 333
316 650
316 650
1 316
650 1
650 316
1 650
333 1
333 316
333 650
649 333
649 333
315 333
315 649
315 649
1 315
649 1
649 315
1 649
333 1
333 315
333 649
648 333
648 333
314 333
314 648
314 648
1 314
648 1
648 314
1 648
333 1
333 314
333 648
647 333
647 333
313 333
313 647
313 647
1 313
647 1
647 313
1 647
333 1
333 313
333 647
646 333
646 333
312 333
312 646
312 646
1 312
646 1
646 312
1 646
333 1
333 312
333 646
645 333
645 333
311 333
311 645
311 645
1 311
645 1
645 311
1 645
333 1
333 311
333 645
644 333
644 333
310 333
310 644
310 644
1 310
644 1
644 310
1 644
333 1
333 310
333 644
643 333
643 333
309 333
309 643
309 643
1 309
643 1
643 309
1 643
333 1
333 309
333 643
642 333
642 333
308 333
308 642
308 642
1 308
642 1
642 308
1 642
333 1
333 308
333 642
641 333
641 333
307 333
307 641
307 641
1 307
641 1
641 307
1 641
333 1
333 307
333 641
640 333
640 333
306 333
306 640
306 640
1 306
640 1
640 306
1 640
333 1
333 306
333 640
639 333
639 333
305 333
305 639
305 639
1 305
639 1
639 305
1 639
333 1
333 305
333 639
638 333
638 333
304 333
304 638
304 638
1 304
638 1
638 304
1 638
333 1
333 304
333 638
637 333
637 333
303 333
303 637
303 637
1 303
637 1
637 303
1 637
333 1
333 303
333 637
636 333
636 333
302 333
302 636
302 636
1 302
636 1
636 302
1 636
333 1
333 302
333 636
635 333
635 333
301 333
301 635
301 635
1 301
635 1
635 301
1 635
333 1
333 301
333 635
634 333
634 333
300 333
300 634
300 634
1 300
634 1
634 300
1 634
333 1
333 300
333 634
633 333
633 333
299 333
299 633
299 633
1 299
633 1
633 299
1 633
333 1
333 299
333 633
632 333
632 333
298 333
298 632
298 632
1 298
632 1
632 298
1 632
333 1
333 298
333 632
631 333
631 333
297 333
297 631
297 631
1 297
631 1
631 297
1 631
333 1
333 297
333 631
630 333
630 333
296 333
296 630
296 630
1 296
630 1
630 296
1 630
333 1
333 296
333 630
629 333
629 333
295 333
295 629
295 629
1 295
629 1
629 295
1 629
333 1
333 295
333 629
628 333
628 333
294 333
294 628
294 628
1 294
628 1
628 294
1 628
333 1
333 294
333 628
627 333
627 333
293 333
293 627
293 627
1 293
627 1
627 293
1 627
333 1
333 293
333 627
626 333
626 333
292 333
292 626
292 626
1 292
626 1
626 292
1 626
333 1
333 292
333 626
625 333
625 333
291 333
291 625
291 625
1 291
625 1
625 291
1 625
333 1
333 291
333 625
624 333
624 333
290 333
290 624
290 624
1 290
624 1
624 290
1 624
333 1
333 290
333 624
623 333
623 333
289 333
289 623
289 623
1 289
623 1
623 289
1 623
333 1
333 289
333 623
622 333
622 333
288 333
288 622
288 622
1 288
622 1
622 288
1 622
333 1
333 288
333 622
621 333
621 333
287 333
287 621
287 621
1 287
621 1
621 287
1 621
333 1
333 287
333 621
620 333
620 333
286 333
286 620
286 620
1 286
620 1
620 286
1 620
333 1
333 286
333 620
619 333
619 333
285 333
285 619
285 619
1 285
619 1
619 285
1 619
333 1
333 285
333 619
618 333
618 333
284 333
284 618
284 618
1 284
618 1
618 284
1 618
333 1
333 284
333 618
617 333
617 333
283 333
283 617
283 617
1 283
617 1
617 283
1 617
333 1
333 283
333 617
616 333
616 333
282 333
282 616
282 616
1 282
616 1
616 282
1 616
333 1
333 282
333 616
615 333
615 333
281 333
281 615
281 615
1 281
615 1
615 281
1 615
333 1
333 281
333 615
614 333
614 333
280 333
280 614
280 614
1 280
614 1
614 280
1 614
333 1
333 280
333 614
613 333
613 333
279 333
279 613
279 613
1 279
613 1
613 279
1 613
333 1
333 279
333 613
612 333
612 333
278 333
278 612
278 612
1 278
612 1
612 278
1 612
333 1
333 278
333 612
611 333
611 333
277 333
277 611
277 611
1 277
611 1
611 277
1 611
333 1
333 277
333 611
610 333
610 333
276 333
276 610
276 610
1 276
610 1
610 276
1 610
333 1
333 276
333 610
609 333
609 333
275 333
275 609
275 609
1 275
609 1
609 275
1 609
333 1
333 275
333 609
608 333
608 333
274 333
274 608
274 608
1 274
608 1
608 274
1 608
333 1
333 274
333 608
607 333
607 333
273 333
273 607
273 607
1 273
607 1
607 273
1 607
333 1
333 273
333 607
606 333
606 333
272 333
272 606
272 606
1 272
606 1
606 272
1 606
333 1
333 272
333 606
605 333
605 333
271 333
271 605
271 605
1 271
605 1
605 271
1 605
333 1
333 271
333 605
604 333
604 333
270 333
270 604
270 604
1 270
604 1
604 270
1 604
333 1
333 270
333 604
603 333
603 333
269 333
269 603
269 603
1 269
603 1
603 269
1 603
333 1
333 269
333 603
602 333
602 333
268 333
268 602
268 602
1 268
602 1
602 268
1 602
333 1
333 268
333 602
601 333
601 333
267 333
267 601
267 601
1 267
601 1
601 267
1 601
333 1
333 267
333 601
600 333
600 333
266 333
266 600
266 600
1 266
600 1
600 266
1 600
333 1
333 266
333 600
599 333
599 333
265 333
265 599
265 599
1 265
599 1
599 265
1 599
333 1
333 265
333 599
598 333
598 333
264 333
264 598
264 598
1 264
598 1
598 264
1 598
333 1
333 264
333 598
597 333
597 333
263 333
263 597
263 597
1 263
597 1
597 263
1 597
333 1
333 263
333 597
596 333
596 333
262 333
262 596
262 596
1 262
596 1
596 262
1 596
333 1
333 262
333 596
595 333
595 333
261 333
261 595
261 595
1 261
595 1
595 261
1 595
333 1
333 261
333 595
594 333
594 333
260 333
260 594
260 594
1 260
594 1
594 260
1 594
333 1
333 260
333 594
593 333
593 333
259 333
259 593
259 593
1 259
593 1
593 259
1 593
333 1
333 259
333 593
592 333
592 333
258 333
258 592
258 592
1 258
592 1
592 258
1 592
333 1
333 258
333 592
591 333
591 333
257 333
257 591
257 591
1 257
591 1
591 257
1 591
333 1
333 257
333 591
590 333
590 333
256 333
256 590
256 590
1 256
590 1
590 256
1 590
333 1
333 256
333 590
589 333
589 333
255 333
255 589
255 589
1 255
589 1
589 255
1 589
333 1
333 255
333 589
588 333
588 333
254 333
254 588
254 588
1 254
588 1
588 254
1 588
333 1
333 254
333 588
587 333
587 333
253 333
253 587
253 587
1 253
587 1
587 253
1 587
333 1
333 253
333 587
586 333
586 333
252 333
252 586
252 586
1 252
586 1
586 252
1 586
333 1
333 252
333 586
585 333
585 333
251 333
251 585
251 585
1 251
585 1
585 251
1 585
333 1
333 251
333 585
584 333
584 333
250 333
250 584
250 584
1 250
584 1
584 250
1 584
333 1
333 250
333 584
583 333
583 333
249 333
249 583
249 583
1 249
583 1
583 249
1 583
333 1
333 249
333 583
582 333
582 333
248 333
248 582
248 582
1 248
582 1
582 248
1 582
333 1
333 248
333 582
581 333
581 333
247 333
247 581
247 581
1 247
581 1
581 247
1 581
333 1
333 247
333 581
580 333
580 333
246 333
246 580
246 580
1 246
580 1
580 246
1 580
333 1
333 246
333 580
579 333
579 333
245 333
245 579
245 579
1 245
579 1
579 245
1 579
333 1
333 245
333 579
578 333
578 333
244 333
244 578
244 578
1 244
578 1
578 244
1 578
333 1
333 244
333 578
577 333
577 333
243 333
243 577
243 577
1 243
577 1
577 243
1 577
333 1
333 243
333 577
576 333
576 333
242 333
242 576
242 576
1 242
576 1
576 242
1 576
333 1
333 242
333 576
575 333
575 333
241 333
241 575
241 575
1 241
575 1
575 241
1 575
333 1
333 241
333 575
574 333
574 333
240 333
240 574
240 574
1 240
574 1
574 240
1 574
333 1
333 240
333 574
573 333
573 333
239 333
239 573
239 573
1 239
573 1
573 239
1 573
333 1
333 239
333 573
572 333
572 333
238 333
238 572
238 572
1 238
572 1
572 238
1 572
333 1
333 238
333 572
571 333
571 333
237 333
237 571
237 571
1 237
571 1
571 237
1 571
333 1
333 237
333 571
570 333
570 333
236 333
236 570
236 570
1 236
570 1
570 236
1 570
333 1
333 236
333 570
569 333
569 333
235 333
235 569
235 569
1 235
569 1
569 235
1 569
333 1
333 235
333 569
568 333
568 333
234 333
234 568
234 568
1 234
568 1
568 234
1 568
333 1
333 234
333 568
567 333
567 333
233 333
233 567
233 567
1 233
567 1
567 233
1 567
333 1
333 233
333 567
566 333
566 333
232 333
232 566
232 566
1 232
566 1
566 232
1 566
333 1
333 232
333 566
565 333
565 333
231 333
231 565
231 565
1 231
565 1
565 231
1 565
333 1
333 231
333 565
564 333
564 333
230 333
230 564
230 564
1 230
564 1
564 230
1 564
333 1
333 230
333 564
563 333
563 333
229 333
229 563
229 563
1 229
563 1
563 229
1 563
333 1
333 229
333 563
562 333
562 333
228 333
228 562
228 562
1 228
562 1
562 228
1 562
333 1
333 228
333 562
561 333
561 333
227 333
227 561
227 561
1 227
561 1
561 227
1 561
333 1
333 227
333 561
560 333
560 333
226 333
226 560
226 560
1 226
560 1
560 226
1 560
333 1
333 226
333 560
559 333
559 333
225 333
225 559
225 559
1 225
559 1
559 225
1 559
333 1
333 225
333 559
558 333
558 333
224 333
224 558
224 558
1 224
558 1
558 224
1 558
333 1
333 224
333 558
557 333
557 333
223 333
223 557
223 557
1 223
557 1
557 223
1 557
333 1
333 223
333 557
556 333
556 333
222 333
222 556
222 556
1 222
556 1
556 222
1 556
333 1
333 222
333 556
555 333
555 333
221 333
221 555
221 555
1 221
555 1
555 221
1 555
333 1
333 221
333 555
554 333
554 333
220 333
220 554
220 554
1 220
554 1
554 220
1 554
333 1
333 220
333 554
553 333
553 333
219 333
219 553
219 553
1 219
553 1
553 219
1 553
333 1
333 219
333 553
552 333
552 333
218 333
218 552
218 552
1 218
552 1
552 218
1 552
333 1
333 218
333 552
551 333
551 333
217 333
217 551
217 551
1 217
551 1
551 217
1 551
333 1
333 217
333 551
550 333
550 333
216 333
216 550
216 550
1 216
550 1
550 216
1 550
333 1
333 216
333 550
549 333
549 333
215 333
215 549
215 549
1 215
549 1
549 215
1 549
333 1
333 215
333 549
548 333
548 333
214 333
214 548
214 548
1 214
548 1
548 214
1 548
333 1
333 214
333 548
547 333
547 333
213 333
213 547
213 547
1 213
547 1
547 213
1 547
333 1
333 213
333 547
546 333
546 333
212 333
212 546
212 546
1 212
546 1
546 212
1 546
333 1
333 212
333 546
545 333
545 333
211 333
211 545
211 545
1 211
545 1
545 211
1 545
333 1
333 211
333 545
544 333
544 333
210 333
210 544
210 544
1 210
544 1
544 210
1 544
333 1
333 210
333 544
543 333
543 333
209 333
209 543
209 543
1 209
543 1
543 209
1 543
333 1
333 209
333 543
542 333
542 333
208 333
208 542
208 542
1 208
542 1
542 208
1 542
333 1
333 208
333 542
541 333
541 333
207 333
207 541
207 541
1 207
541 1
541 207
1 541
333 1
333 207
333 541
540 333
540 333
206 333
206 540
206 540
1 206
540 1
540 206
1 540
333 1
333 206
333 540
539 333
539 333
205 333
205 539
205 539
1 205
539 1
539 205
1 539
333 1
333 205
333 539
538 333
538 333
204 333
204 538
204 538
1 204
538 1
538 204
1 538
333 1
333 204
333 538
537 333
537 333
203 333
203 537
203 537
1 203
537 1
537 203
1 537
333 1
333 203
333 537
536 333
536 333
202 333
202 536
202 536
1 202
536 1
536 202
1 536
333 1
333 202
333 536
535 333
535 333
201 333
201 535
201 535
1 201
535 1
535 201
1 535
333 1
333 201
333 535
534 333
534 333
200 333
200 534
200 534
1 200
534 1
534 200
1 534
333 1
333 200
333 534
533 333
533 333
199 333
199 533
199 533
1 199
533 1
533 199
1 533
333 1
333 199
333 533
532 333
532 333
198 333
198 532
198 532
1 198
532 1
532 198
1 532
333 1
333 198
333 532
531 333
531 333
197 333
197 531
197 531
1 197
531 1
531 197
1 531
333 1
333 197
333 531
530 333
530 333
196 333
196 530
196 530
1 196
530 1
530 196
1 530
333 1
333 196
333 530
529 333
529 333
195 333
195 529
195 529
1 195
529 1
529 195
1 529
333 1
333 195
333 529
528 333
528 333
194 333
194 528
194 528
1 194
528 1
528 194
1 528
333 1
333 194
333 528
527 333
527 333
193 333
193 527
193 527
1 193
527 1
527 193
1 527
333 1
333 193
333 527
526 333
526 333
192 333
192 526
192 526
1 192
526 1
526 192
1 526
333 1
333 192
333 526
525 333
525 333
191 333
191 525
191 525
1 191
525 1
525 191
1 525
333 1
333 191
333 525
524 333
524 333
190 333
190 524
190 524
1 190
524 1
524 190
1 524
333 1
333 190
333 524
523 333
523 333
189 333
189 523
189 523
1 189
523 1
523 189
1 523
333 1
333 189
333 523
522 333
522 333
188 333
188 522
188 522
1 188
522 1
522 188
1 522
333 1
333 188
333 522
521 333
521 333
187 333
187 521
187 521
1 187
521 1
521 187
1 521
333 1
333 187
333 521
520 333
520 333
186 333
186 520
186 520
1 186
520 1
520 186
1 520
333 1
333 186
333 520
519 333
519 333
185 333
185 519
185 519
1 185
519 1
519 185
1 519
333 1
333 185
333 519
518 333
518 333
184 333
184 518
184 518
1 184
518 1
518 184
1 518
333 1
333 184
333 518
517 333
517 333
183 333
183 517
183 517
1 183
517 1
517 183
1 517
333 1
333 183
333 517
516 333
516 333
182 333
182 516
182 516
1 182
516 1
516 182
1 516
333 1
333 182
333 516
515 333
515 333
181 333
181 515
181 515
1 181
515 1
515 181
1 515
333 1
333 181
333 515
514 333
514 333
180 333
180 514
180 514
1 180
514 1
514 180
1 514
333 1
333 180
333 514
513 333
513 333
179 333
179 513
179 513
1 179
513 1
513 179
1 513
333 1
333 179
333 513
512 333
512 333
178 333
178 512
178 512
1 178
512 1
512 178
1 512
333 1
333 178
333 512
511 333
511 333
177 333
177 511
177 511
1 177
511 1
511 177
1 511
333 1
333 177
333 511
510 333
510 333
176 333
176 510
176 510
1 176
510 1
510 176
1 510
333 1
333 176
333 510
509 333
509 333
175 333
175 509
175 509
1 175
509 1
509 175
1 509
333 1
333 175
333 509
508 333
508 333
174 333
174 508
174 508
1 174
508 1
508 174
1 508
333 1
333 174
333 508
507 333
507 333
173 333
173 507
173 507
1 173
507 1
507 173
1 507
333 1
333 173
333 507
506 333
506 333
172 333
172 506
172 506
1 172
506 1
506 172
1 506
333 1
333 172
333 506
505 333
505 333
171 333
171 505
171 505
1 171
505 1
505 171
1 505
333 1
333 171
333 505
504 333
504 333
170 333
170 504
170 504
1 170
504 1
504 170
1 504
333 1
333 170
333 504
503 333
503 333
169 333
169 503
169 503
1 169
503 1
503 169
1 503
333 1
333 169
333 503
502 333
502 333
168 333
168 502
168 502
1 168
502 1
502 168
1 502
333 1
333 168
333 502
501 333
501 333
167 333
167 501
167 501
1 167
501 1
501 167
1 501
333 1
333 167
333 501
500 333
500 333
166 333
166 500
166 500
1 166
500 1
500 166
1 500
333 1
333 166
333 500
499 333
499 333
165 333
165 499
165 499
1 165
499 1
499 165
1 499
333 1
333 165
333 499
498 333
498 333
164 333
164 498
164 498
1 164
498 1
498 164
1 498
333 1
333 164
333 498
497 333
497 333
163 333
163 497
163 497
1 163
497 1
497 163
1 497
333 1
333 163
333 497
496 333
496 333
162 333
162 496
162 496
1 162
496 1
496 162
1 496
333 1
333 162
333 496
495 333
495 333
161 333
161 495
161 495
1 161
495 1
495 161
1 495
333 1
333 161
333 495
494 333
494 333
160 333
160 494
160 494
1 160
494 1
494 160
1 494
333 1
333 160
333 494
493 333
493 333
159 333
159 493
159 493
1 159
493 1
493 159
1 493
333 1
333 159
333 493
492 333
492 333
158 333
158 492
158 492
1 158
492 1
492 158
1 492
333 1
333 158
333 492
491 333
491 333
157 333
157 491
157 491
1 157
491 1
491 157
1 491
333 1
333 157
333 491
490 333
490 333
156 333
156 490
156 490
1 156
490 1
490 156
1 490
333 1
333 156
333 490
489 333
489 333
155 333
155 489
155 489
1 155
489 1
489 155
1 489
333 1
333 155
333 489
488 333
488 333
154 333
154 488
154 488
1 154
488 1
488 154
1 488
333 1
333 154
333 488
487 333
487 333
153 333
153 487
153 487
1 153
487 1
487 153
1 487
333 1
333 153
333 487
486 333
486 333
152 333
152 486
152 486
1 152
486 1
486 152
1 486
333 1
333 152
333 486
485 333
485 333
151 333
151 485
151 485
1 151
485 1
485 151
1 485
333 1
333 151
333 485
484 333
484 333
150 333
150 484
150 484
1 150
484 1
484 150
1 484
333 1
333 150
333 484
483 333
483 333
149 333
149 483
149 483
1 149
483 1
483 149
1 483
333 1
333 149
333 483
482 333
482 333
148 333
148 482
148 482
1 148
482 1
482 148
1 482
333 1
333 148
333 482
481 333
481 333
147 333
147 481
147 481
1 147
481 1
481 147
1 481
333 1
333 147
333 481
480 333
480 333
146 333
146 480
146 480
1 146
480 1
480 146
1 480
333 1
333 146
333 480
479 333
479 333
145 333
145 479
145 479
1 145
479 1
479 145
1 479
333 1
333 145
333 479
478 333
478 333
144 333
144 478
144 478
1 144
478 1
478 144
1 478
333 1
333 144
333 478
477 333
477 333
143 333
143 477
143 477
1 143
477 1
477 143
1 477
333 1
333 143
333 477
476 333
476 333
142 333
142 476
142 476
1 142
476 1
476 142
1 476
333 1
333 142
333 476
475 333
475 333
141 333
141 475
141 475
1 141
475 1
475 141
1 475
333 1
333 141
333 475
474 333
474 333
140 333
140 474
140 474
1 140
474 1
474 140
1 474
333 1
333 140
333 474
473 333
473 333
139 333
139 473
139 473
1 139
473 1
473 139
1 473
333 1
333 139
333 473
472 333
472 333
138 333
138 472
138 472
1 138
472 1
472 138
1 472
333 1
333 138
333 472
471 333
471 333
137 333
137 471
137 471
1 137
471 1
471 137
1 471
333 1
333 137
333 471
470 333
470 333
136 333
136 470
136 470
1 136
470 1
470 136
1 470
333 1
333 136
333 470
469 333
469 333
135 333
135 469
135 469
1 135
469 1
469 135
1 469
333 1
333 135
333 469
468 333
468 333
134 333
134 468
134 468
1 134
468 1
468 134
1 468
333 1
333 134
333 468
467 333
467 333
133 333
133 467
133 467
1 133
467 1
467 133
1 467
333 1
333 133
333 467
466 333
466 333
132 333
132 466
132 466
1 132
466 1
466 132
1 466
333 1
333 132
333 466
465 333
465 333
131 333
131 465
131 465
1 131
465 1
465 131
1 465
333 1
333 131
333 465
464 333
464 333
130 333
130 464
130 464
1 130
464 1
464 130
1 464
333 1
333 130
333 464
463 333
463 333
129 333
129 463
129 463
1 129
463 1
463 129
1 463
333 1
333 129
333 463
462 333
462 333
128 333
128 462
128 462
1 128
462 1
462 128
1 462
333 1
333 128
333 462
461 333
461 333
127 333
127 461
127 461
1 127
461 1
461 127
1 461
333 1
333 127
333 461
460 333
460 333
126 333
126 460
126 460
1 126
460 1
460 126
1 460
333 1
333 126
333 460
459 333
459 333
125 333
125 459
125 459
1 125
459 1
459 125
1 459
333 1
333 125
333 459
458 333
458 333
124 333
124 458
124 458
1 124
458 1
458 124
1 458
333 1
333 124
333 458
457 333
457 333
123 333
123 457
123 457
1 123
457 1
457 123
1 457
333 1
333 123
333 457
456 333
456 333
122 333
122 456
122 456
1 122
456 1
456 122
1 456
333 1
333 122
333 456
455 333
455 333
121 333
121 455
121 455
1 121
455 1
455 121
1 455
333 1
333 121
333 455
454 333
454 333
120 333
120 454
120 454
1 120
454 1
454 120
1 454
333 1
333 120
333 454
453 333
453 333
119 333
119 453
119 453
1 119
453 1
453 119
1 453
333 1
333 119
333 453
452 333
452 333
118 333
118 452
118 452
1 118
452 1
452 118
1 452
333 1
333 118
333 452
451 333
451 333
117 333
117 451
117 451
1 117
451 1
451 117
1 451
333 1
333 117
333 451
450 333
450 333
116 333
116 450
116 450
1 116
450 1
450 116
1 450
333 1
333 116
333 450
449 333
449 333
115 333
115 449
115 449
1 115
449 1
449 115
1 449
333 1
333 115
333 449
448 333
448 333
114 333
114 448
114 448
1 114
448 1
448 114
1 448
333 1
333 114
333 448
447 333
447 333
113 333
113 447
113 447
1 113
447 1
447 113
1 447
333 1
333 113
333 447
446 333
446 333
112 333
112 446
112 446
1 112
446 1
446 112
1 446
333 1
333 112
333 446
445 333
445 333
111 333
111 445
111 445
1 111
445 1
445 111
1 445
333 1
333 111
333 445
444 333
444 333
110 333
110 444
110 444
1 110
444 1
444 110
1 444
333 1
333 110
333 444
443 333
443 333
109 333
109 443
109 443
1 109
443 1
443 109
1 443
333 1
333 109
333 443
442 333
442 333
108 333
108 442
108 442
1 108
442 1
442 108
1 442
333 1
333 108
333 442
441 333
441 333
107 333
107 441
107 441
1 107
441 1
441 107
1 441
333 1
333 107
333 441
440 333
440 333
106 333
106 440
106 440
1 106
440 1
440 106
1 440
333 1
333 106
333 440
439 333
439 333
105 333
105 439
105 439
1 105
439 1
439 105
1 439
333 1
333 105
333 439
438 333
438 333
104 333
104 438
104 438
1 104
438 1
438 104
1 438
333 1
333 104
333 438
437 333
437 333
103 333
103 437
103 437
1 103
437 1
437 103
1 437
333 1
333 103
333 437
436 333
436 333
102 333
102 436
102 436
1 102
436 1
436 102
1 436
333 1
333 102
333 436
435 333
435 333
101 333
101 435
101 435
1 101
435 1
435 101
1 435
333 1
333 101
333 435
434 333
434 333
100 333
100 434
100 434
1 100
434 1
434 100
1 434
333 1
333 100
333 434
433 333
433 333
99 333
99 433
99 433
1 99
433 1
433 99
1 433
333 1
333 99
333 433
432 333
432 333
98 333
98 432
98 432
1 98
432 1
432 98
1 432
333 1
333 98
333 432
431 333
431 333
97 333
97 431
97 431
1 97
431 1
431 97
1 431
333 1
333 97
333 431
430 333
430 333
96 333
96 430
96 430
1 96
430 1
430 96
1 430
333 1
333 96
333 430
429 333
429 333
95 333
95 429
95 429
1 95
429 1
429 95
1 429
333 1
333 95
333 429
428 333
428 333
94 333
94 428
94 428
1 94
428 1
428 94
1 428
333 1
333 94
333 428
427 333
427 333
93 333
93 427
93 427
1 93
427 1
427 93
1 427
333 1
333 93
333 427
426 333
426 333
92 333
92 426
92 426
1 92
426 1
426 92
1 426
333 1
333 92
333 426
425 333
425 333
91 333
91 425
91 425
1 91
425 1
425 91
1 425
333 1
333 91
333 425
424 333
424 333
90 333
90 424
90 424
1 90
424 1
424 90
1 424
333 1
333 90
333 424
423 333
423 333
89 333
89 423
89 423
1 89
423 1
423 89
1 423
333 1
333 89
333 423
422 333
422 333
88 333
88 422
88 422
1 88
422 1
422 88
1 422
333 1
333 88
333 422
421 333
421 333
87 333
87 421
87 421
1 87
421 1
421 87
1 421
333 1
333 87
333 421
420 333
420 333
86 333
86 420
86 420
1 86
420 1
420 86
1 420
333 1
333 86
333 420
419 333
419 333
85 333
85 419
85 419
1 85
419 1
419 85
1 419
333 1
333 85
333 419
418 333
418 333
84 333
84 418
84 418
1 84
418 1
418 84
1 418
333 1
333 84
333 418
417 333
417 333
83 333
83 417
83 417
1 83
417 1
417 83
1 417
333 1
333 83
333 417
416 333
416 333
82 333
82 416
82 416
1 82
416 1
416 82
1 416
333 1
333 82
333 416
415 333
415 333
81 333
81 415
81 415
1 81
415 1
415 81
1 415
333 1
333 81
333 415
414 333
414 333
80 333
80 414
80 414
1 80
414 1
414 80
1 414
333 1
333 80
333 414
413 333
413 333
79 333
79 413
79 413
1 79
413 1
413 79
1 413
333 1
333 79
333 413
412 333
412 333
78 333
78 412
78 412
1 78
412 1
412 78
1 412
333 1
333 78
333 412
411 333
411 333
77 333
77 411
77 411
1 77
411 1
411 77
1 411
333 1
333 77
333 411
410 333
410 333
76 333
76 410
76 410
1 76
410 1
410 76
1 410
333 1
333 76
333 410
409 333
409 333
75 333
75 409
75 409
1 75
409 1
409 75
1 409
333 1
333 75
333 409
408 333
408 333
74 333
74 408
74 408
1 74
408 1
408 74
1 408
333 1
333 74
333 408
407 333
407 333
73 333
73 407
73 407
1 73
407 1
407 73
1 407
333 1
333 73
333 407
406 333
406 333
72 333
72 406
72 406
1 72
406 1
406 72
1 406
333 1
333 72
333 406
405 333
405 333
71 333
71 405
71 405
1 71
405 1
405 71
1 405
333 1
333 71
333 405
404 333
404 333
70 333
70 404
70 404
1 70
404 1
404 70
1 404
333 1
333 70
333 404
403 333
403 333
69 333
69 403
69 403
1 69
403 1
403 69
1 403
333 1
333 69
333 403
402 333
402 333
68 333
68 402
68 402
1 68
402 1
402 68
1 402
333 1
333 68
333 402
401 333
401 333
67 333
67 401
67 401
1 67
401 1
401 67
1 401
333 1
333 67
333 401
400 333
400 333
66 333
66 400
66 400
1 66
400 1
400 66
1 400
333 1
333 66
333 400
399 333
399 333
65 333
65 399
65 399
1 65
399 1
399 65
1 399
333 1
333 65
333 399
398 333
398 333
64 333
64 398
64 398
1 64
398 1
398 64
1 398
333 1
333 64
333 398
397 333
397 333
63 333
63 397
63 397
1 63
397 1
397 63
1 397
333 1
333 63
333 397
396 333
396 333
62 333
62 396
62 396
1 62
396 1
396 62
1 396
333 1
333 62
333 396
395 333
395 333
61 333
61 395
61 395
1 61
395 1
395 61
1 395
333 1
333 61
333 395
394 333
394 333
60 333
60 394
60 394
1 60
394 1
394 60
1 394
333 1
333 60
333 394
393 333
393 333
59 333
59 393
59 393
1 59
393 1
393 59
1 393
333 1
333 59
333 393
392 333
392 333
58 333
58 392
58 392
1 58
392 1
392 58
1 392
333 1
333 58
333 392
391 333
391 333
57 333
57 391
57 391
1 57
391 1
391 57
1 391
333 1
333 57
333 391
390 333
390 333
56 333
56 390
56 390
1 56
390 1
390 56
1 390
333 1
333 56
333 390
389 333
389 333
55 333
55 389
55 389
1 55
389 1
389 55
1 389
333 1
333 55
333 389
388 333
388 333
54 333
54 388
54 388
1 54
388 1
388 54
1 388
333 1
333 54
333 388
387 333
387 333
53 333
53 387
53 387
1 53
387 1
387 53
1 387
333 1
333 53
333 387
386 333
386 333
52 333
52 386
52 386
1 52
386 1
386 52
1 386
333 1
333 52
333 386
385 333
385 333
51 333
51 385
51 385
1 51
385 1
385 51
1 385
333 1
333 51
333 385
384 333
384 333
50 333
50 384
50 384
1 50
384 1
384 50
1 384
333 1
333 50
333 384
383 333
383 333
49 333
49 383
49 383
1 49
383 1
383 49
1 383
333 1
333 49
333 383
382 333
382 333
48 333
48 382
48 382
1 48
382 1
382 48
1 382
333 1
333 48
333 382
381 333
381 333
47 333
47 381
47 381
1 47
381 1
381 47
1 381
333 1
333 47
333 381
380 333
380 333
46 333
46 380
46 380
1 46
380 1
380 46
1 380
333 1
333 46
333 380
379 333
379 333
45 333
45 379
45 379
1 45
379 1
379 45
1 379
333 1
333 45
333 379
378 333
378 333
44 333
44 378
44 378
1 44
378 1
378 44
1 378
333 1
333 44
333 378
377 333
377 333
43 333
43 377
43 377
1 43
377 1
377 43
1 377
333 1
333 43
333 377
376 333
376 333
42 333
42 376
42 376
1 42
376 1
376 42
1 376
333 1
333 42
333 376
375 333
375 333
41 333
41 375
41 375
1 41
375 1
375 41
1 375
333 1
333 41
333 375
374 333
374 333
40 333
40 374
40 374
1 40
374 1
374 40
1 374
333 1
333 40
333 374
373 333
373 333
39 333
39 373
39 373
1 39
373 1
373 39
1 373
333 1
333 39
333 373
372 333
372 333
38 333
38 372
38 372
1 38
372 1
372 38
1 372
333 1
333 38
333 372
371 333
371 333
37 333
37 371
37 371
1 37
371 1
371 37
1 371
333 1
333 37
333 371
370 333
370 333
36 333
36 370
36 370
1 36
370 1
370 36
1 370
333 1
333 36
333 370
369 333
369 333
35 333
35 369
35 369
1 35
369 1
369 35
1 369
333 1
333 35
333 369
368 333
368 333
34 333
34 368
34 368
1 34
368 1
368 34
1 368
333 1
333 34
333 368
367 333
367 333
33 333
33 367
33 367
1 33
367 1
367 33
1 367
333 1
333 33
333 367
366 333
366 333
32 333
32 366
32 366
1 32
366 1
366 32
1 366
333 1
333 32
333 366
365 333
365 333
31 333
31 365
31 365
1 31
365 1
365 31
1 365
333 1
333 31
333 365
364 333
364 333
30 333
30 364
30 364
1 30
364 1
364 30
1 364
333 1
333 30
333 364
363 333
363 333
29 333
29 363
29 363
1 29
363 1
363 29
1 363
333 1
333 29
333 363
362 333
362 333
28 333
28 362
28 362
1 28
362 1
362 28
1 362
333 1
333 28
333 362
361 333
361 333
27 333
27 361
27 361
1 27
361 1
361 27
1 361
333 1
333 27
333 361
360 333
360 333
26 333
26 360
26 360
1 26
360 1
360 26
1 360
333 1
333 26
333 360
359 333
359 333
25 333
25 359
25 359
1 25
359 1
359 25
1 359
333 1
333 25
333 359
358 333
358 333
24 333
24 358
24 358
1 24
358 1
358 24
1 358
333 1
333 24
333 358
357 333
357 333
23 333
23 357
23 357
1 23
357 1
357 23
1 357
333 1
333 23
333 357
356 333
356 333
22 333
22 356
22 356
1 22
356 1
356 22
1 356
333 1
333 22
333 356
355 333
355 333
21 333
21 355
21 355
1 21
355 1
355 21
1 355
333 1
333 21
333 355
354 333
354 333
20 333
20 354
20 354
1 20
354 1
354 20
1 354
333 1
333 20
333 354
353 333
353 333
19 333
19 353
19 353
1 19
353 1
353 19
1 353
333 1
333 19
333 353
352 333
352 333
18 333
18 352
18 352
1 18
352 1
352 18
1 352
333 1
333 18
333 352
351 333
351 333
17 333
17 351
17 351
1 17
351 1
351 17
1 351
333 1
333 17
333 351
350 333
350 333
16 333
16 350
16 350
1 16
350 1
350 16
1 350
333 1
333 16
333 350
349 333
349 333
15 333
15 349
15 349
1 15
349 1
349 15
1 349
333 1
333 15
333 349
348 333
348 333
14 333
14 348
14 348
1 14
348 1
348 14
1 348
333 1
333 14
333 348
347 333
347 333
13 333
13 347
13 347
1 13
347 1
347 13
1 347
333 1
333 13
333 347
346 333
346 333
12 333
12 346
12 346
1 12
346 1
346 12
1 346
333 1
333 12
333 346
345 333
345 333
11 333
11 345
11 345
1 11
345 1
345 11
1 345
333 1
333 11
333 345
344 333
344 333
10 333
10 344
10 344
1 10
344 1
344 10
1 344
333 1
333 10
333 344
343 333
343 333
9 333
9 343
9 343
1 9
343 1
343 9
1 343
333 1
333 9
333 343
342 333
342 333
8 333
8 342
8 342
1 8
342 1
342 8
1 342
333 1
333 8
333 342
341 333
341 333
7 333
7 341
7 341
1 7
341 1
341 7
1 341
333 1
333 7
333 341
340 333
340 333
6 333
6 340
6 340
1 6
340 1
340 6
1 340
333 1
333 6
333 340
339 333
339 333
5 333
5 339
5 339
1 5
339 1
339 5
1 339
333 1
333 5
333 339
338 333
338 333
4 333
4 338
4 338
1 4
338 1
338 4
1 338
333 1
333 4
333 338
337 333
337 333
3 333
3 337
3 337
1 3
337 1
337 3
1 337
333 1
333 3
333 337
336 333
336 333
2 333
2 336
2 336
1 2
336 1
336 2
1 336
333 1
333 2
333 336
335 333
335 333
333 335
333 335
1 333
335 1
335 333
1 335
334 335
334 1
331 333
331 334
331 334
1 331
334 1
334 331
1 334
332 1
332 331
332 334
333 332
333 332
1 332
1 333
331 1
331 1
331 333
332 331
332 331
1 332
330 332
331 1
1 330
1 331
330 1
330 1
330 331
1 330
329 330
329 1
329 330
1 329
328 329
328 1
328 329
1 328
327 328
327 1
327 328
1 327
326 327
326 1
326 327
1 326
325 326
325 1
325 326
1 325
324 325
324 1
324 325
1 324
323 324
323 1
323 324
1 323
322 323
322 1
322 323
1 322
321 322
321 1
321 322
1 321
320 321
320 1
320 321
1 320
319 320
319 1
319 320
1 319
318 319
318 1
318 319
1 318
317 318
317 1
317 318
1 317
316 317
316 1
316 317
1 316
315 316
315 1
315 316
1 315
314 315
314 1
314 315
1 314
313 314
313 1
313 314
1 313
312 313
312 1
312 313
1 312
311 312
311 1
311 312
1 311
310 311
310 1
310 311
1 310
309 310
309 1
309 310
1 309
308 309
308 1
308 309
1 308
307 308
307 1
307 308
1 307
306 307
306 1
306 307
1 306
305 306
305 1
305 306
1 305
304 305
304 1
304 305
1 304
303 304
303 1
303 304
1 303
302 303
302 1
302 303
1 302
301 302
301 1
301 302
1 301
300 301
300 1
300 301
1 300
299 300
299 1
299 300
1 299
298 299
298 1
298 299
1 298
297 298
297 1
297 298
1 297
296 297
296 1
296 297
1 296
295 296
295 1
295 296
1 295
294 295
294 1
294 295
1 294
293 294
293 1
293 294
1 293
292 293
292 1
292 293
1 292
291 292
291 1
291 292
1 291
290 291
290 1
290 291
1 290
289 290
289 1
289 290
1 289
288 289
288 1
288 289
1 288
287 288
287 1
287 288
1 287
286 287
286 1
286 287
1 286
285 286
285 1
285 286
1 285
284 285
284 1
284 285
1 284
283 284
283 1
283 284
1 283
282 283
282 1
282 283
1 282
281 282
281 1
281 282
1 281
280 281
280 1
280 281
1 280
279 280
279 1
279 280
1 279
278 279
278 1
278 279
1 278
277 278
277 1
277 278
1 277
276 277
276 1
276 277
1 276
275 276
275 1
275 276
1 275
274 275
274 1
274 275
1 274
273 274
273 1
273 274
1 273
272 273
272 1
272 273
1 272
271 272
271 1
271 272
1 271
270 271
270 1
270 271
1 270
269 270
269 1
269 270
1 269
268 269
268 1
268 269
1 268
267 268
267 1
267 268
1 267
266 267
266 1
266 267
1 266
265 266
265 1
265 266
1 265
264 265
264 1
264 265
1 264
263 264
263 1
263 264
1 263
262 263
262 1
262 263
1 262
261 262
261 1
261 262
1 261
260 261
260 1
260 261
1 260
259 260
259 1
259 260
1 259
258 259
258 1
258 259
1 258
257 258
257 1
257 258
1 257
256 257
256 1
256 257
1 256
255 256
255 1
255 256
1 255
254 255
254 1
254 255
1 254
253 254
253 1
253 254
1 253
252 253
252 1
252 253
1 252
251 252
251 1
251 252
1 251
250 251
250 1
250 251
1 250
249 250
249 1
249 250
1 249
248 249
248 1
248 249
1 248
247 248
247 1
247 248
1 247
246 247
246 1
246 247
1 246
245 246
245 1
245 246
1 245
244 245
244 1
244 245
1 244
243 244
243 1
243 244
1 243
242 243
242 1
242 243
1 242
241 242
241 1
241 242
1 241
240 241
240 1
240 241
1 240
239 240
239 1
239 240
1 239
238 239
238 1
238 239
1 238
237 238
237 1
237 238
1 237
236 237
236 1
236 237
1 236
235 236
235 1
235 236
1 235
234 235
234 1
234 235
1 234
233 234
233 1
233 234
1 233
232 233
232 1
232 233
1 232
231 232
231 1
231 232
1 231
230 231
230 1
230 231
1 230
229 230
229 1
229 230
1 229
228 229
228 1
228 229
1 228
227 228
227 1
227 228
1 227
226 227
226 1
226 227
1 226
225 226
225 1
225 226
1 225
224 225
224 1
224 225
1 224
223 224
223 1
223 224
1 223
222 223
222 1
222 223
1 222
221 222
221 1
221 222
1 221
220 221
220 1
220 221
1 220
219 220
219 1
219 220
1 219
218 219
218 1
218 219
1 218
217 218
217 1
217 218
1 217
216 217
216 1
216 217
1 216
215 216
215 1
215 216
1 215
214 215
214 1
214 215
1 214
213 214
213 1
213 214
1 213
212 213
212 1
212 213
1 212
211 212
211 1
211 212
1 211
210 211
210 1
210 211
1 210
209 210
209 1
209 210
1 209
208 209
208 1
208 209
1 208
207 208
207 1
207 208
1 207
206 207
206 1
206 207
1 206
205 206
205 1
205 206
1 205
204 205
204 1
204 205
1 204
203 204
203 1
203 204
1 203
202 203
202 1
202 203
1 202
201 202
201 1
201 202
1 201
200 201
200 1
200 201
1 200
199 200
199 1
199 200
1 199
198 199
198 1
198 199
1 198
197 198
197 1
197 198
1 197
196 197
196 1
196 197
1 196
195 196
195 1
195 196
1 195
194 195
194 1
194 195
1 194
193 194
193 1
193 194
1 193
192 193
192 1
192 193
1 192
191 192
191 1
191 192
1 191
190 191
190 1
190 191
1 190
189 190
189 1
189 190
1 189
188 189
188 1
188 189
1 188
187 188
187 1
187 188
1 187
186 187
186 1
186 187
1 186
185 186
185 1
185 186
1 185
184 185
184 1
184 185
1 184
183 184
183 1
183 184
1 183
182 183
182 1
182 183
1 182
181 182
181 1
181 182
1 181
180 181
180 1
180 181
1 180
179 180
179 1
179 180
1 179
178 179
178 1
178 179
1 178
177 178
177 1
177 178
1 177
176 177
176 1
176 177
1 176
175 176
175 1
175 176
1 175
174 175
174 1
174 175
1 174
173 174
173 1
173 174
1 173
172 173
172 1
172 173
1 172
171 172
171 1
171 172
1 171
170 171
170 1
170 171
1 170
169 170
169 1
169 170
1 169
168 169
168 1
168 169
1 168
167 168
167 1
167 168
1 167
166 167
166 1
166 167
1 166
165 166
165 1
165 166
1 165
164 165
164 1
164 165
1 164
163 164
163 1
163 164
1 163
162 163
162 1
162 163
1 162
161 162
161 1
161 162
1 161
160 161
160 1
160 161
1 160
159 160
159 1
159 160
1 159
158 159
158 1
158 159
1 158
157 158
157 1
157 158
1 157
156 157
156 1
156 157
1 156
155 156
155 1
155 156
1 155
154 155
154 1
154 155
1 154
153 154
153 1
153 154
1 153
152 153
152 1
152 153
1 152
151 152
151 1
151 152
1 151
150 151
150 1
150 151
1 150
149 150
149 1
149 150
1 149
148 149
148 1
148 149
1 148
147 148
147 1
147 148
1 147
146 147
146 1
146 147
1 146
145 146
145 1
145 146
1 145
144 145
144 1
144 145
1 144
143 144
143 1
143 144
1 143
142 143
142 1
142 143
1 142
141 142
141 1
141 142
1 141
140 141
140 1
140 141
1 140
139 140
139 1
139 140
1 139
138 139
138 1
138 139
1 138
137 138
137 1
137 138
1 137
136 137
136 1
136 137
1 136
135 136
135 1
135 136
1 135
134 135
134 1
134 135
1 134
133 134
133 1
133 134
1 133
132 133
132 1
132 133
1 132
131 132
131 1
131 132
1 131
130 131
130 1
130 131
1 130
129 130
129 1
129 130
1 129
128 129
128 1
128 129
1 128
127 128
127 1
127 128
1 127
126 127
126 1
126 127
1 126
125 126
125 1
125 126
1 125
124 125
124 1
124 125
1 124
123 124
123 1
123 124
1 123
122 123
122 1
122 123
1 122
121 122
121 1
121 122
1 121
120 121
120 1
120 121
1 120
119 120
119 1
119 120
1 119
118 119
118 1
118 119
1 118
117 118
117 1
117 118
1 117
116 117
116 1
116 117
1 116
115 116
115 1
115 116
1 115
114 115
114 1
114 115
1 114
113 114
113 1
113 114
1 113
112 113
112 1
112 113
1 112
111 112
111 1
111 112
1 111
110 111
110 1
110 111
1 110
109 110
109 1
109 110
1 109
108 109
108 1
108 109
1 108
107 108
107 1
107 108
1 107
106 107
106 1
106 107
1 106
105 106
105 1
105 106
1 105
104 105
104 1
104 105
1 104
103 104
103 1
103 104
1 103
102 103
102 1
102 103
1 102
101 102
101 1
101 102
1 101
100 101
100 1
100 101
1 100
99 100
99 1
99 100
1 99
98 99
98 1
98 99
1 98
97 98
97 1
97 98
1 97
96 97
96 1
96 97
1 96
95 96
95 1
95 96
1 95
94 95
94 1
94 95
1 94
93 94
93 1
93 94
1 93
92 93
92 1
92 93
1 92
91 92
91 1
91 92
1 91
90 91
90 1
90 91
1 90
89 90
89 1
89 90
1 89
88 89
88 1
88 89
1 88
87 88
87 1
87 88
1 87
86 87
86 1
86 87
1 86
85 86
85 1
85 86
1 85
84 85
84 1
84 85
1 84
83 84
83 1
83 84
1 83
82 83
82 1
82 83
1 82
81 82
81 1
81 82
1 81
80 81
80 1
80 81
1 80
79 80
79 1
79 80
1 79
78 79
78 1
78 79
1 78
77 78
77 1
77 78
1 77
76 77
76 1
76 77
1 76
75 76
75 1
75 76
1 75
74 75
74 1
74 75
1 74
73 74
73 1
73 74
1 73
72 73
72 1
72 73
1 72
71 72
71 1
71 72
1 71
70 71
70 1
70 71
1 70
69 70
69 1
69 70
1 69
68 69
68 1
68 69
1 68
67 68
67 1
67 68
1 67
66 67
66 1
66 67
1 66
65 66
65 1
65 66
1 65
64 65
64 1
64 65
1 64
63 64
63 1
63 64
1 63
62 63
62 1
62 63
1 62
61 62
61 1
61 62
1 61
60 61
60 1
60 61
1 60
59 60
59 1
59 60
1 59
58 59
58 1
58 59
1 58
57 58
57 1
57 58
1 57
56 57
56 1
56 57
1 56
55 56
55 1
55 56
1 55
54 55
54 1
54 55
1 54
53 54
53 1
53 54
1 53
52 53
52 1
52 53
1 52
51 52
51 1
51 52
1 51
50 51
50 1
50 51
1 50
49 50
49 1
49 50
1 49
48 49
48 1
48 49
1 48
47 48
47 1
47 48
1 47
46 47
46 1
46 47
1 46
45 46
45 1
45 46
1 45
44 45
44 1
44 45
1 44
43 44
43 1
43 44
1 43
42 43
42 1
42 43
1 42
41 42
41 1
41 42
1 41
40 41
40 1
40 41
1 40
39 40
39 1
39 40
1 39
38 39
38 1
38 39
1 38
37 38
37 1
37 38
1 37
36 37
36 1
36 37
1 36
35 36
35 1
35 36
1 35
34 35
34 1
34 35
1 34
33 34
33 1
33 34
1 33
32 33
32 1
32 33
1 32
31 32
31 1
31 32
1 31
30 31
30 1
30 31
1 30
29 30
29 1
29 30
1 29
28 29
28 1
28 29
1 28
27 28
27 1
27 28
1 27
26 27
26 1
26 27
1 26
25 26
25 1
25 26
1 25
24 25
24 1
24 25
1 24
23 24
23 1
23 24
1 23
22 23
22 1
22 23
1 22
21 22
21 1
21 22
1 21
20 21
20 1
20 21
1 20
19 20
19 1
19 20
1 19
18 19
18 1
18 19
1 18
17 18
17 1
17 18
1 17
16 17
16 1
16 17
1 16
15 16
15 1
15 16
1 15
14 15
14 1
14 15
1 14
13 14
13 1
13 14
1 13
12 13
12 1
12 13
1 12
11 12
11 1
11 12
1 11
10 11
10 1
10 11
1 10
9 10
9 1
9 10
1 9
8 9
8 1
8 9
1 8
7 8
7 1
7 8
1 7
6 7
6 1
6 7
1 6
5 6
5 1
5 6
1 5
4 5
4 1
4 5
1 4
3 4
3 1
3 4
1 3
2 3
2 1
2 3
1 2
1 2
1 2
