4645
1 996
333 1
333 996
665 333
665 333
665 996
995 665
995 665
331 995
663 331
663 995
994 663
994 663
330 994
662 330
662 994
993 662
993 662
329 993
661 329
661 993
992 661
992 661
328 992
660 328
660 992
991 660
991 660
327 991
659 327
659 991
990 659
990 659
326 990
658 326
658 990
989 658
989 658
325 989
657 325
657 989
988 657
988 657
324 988
656 324
656 988
987 656
987 656
323 987
655 323
655 987
986 655
986 655
322 986
654 322
654 986
985 654
985 654
321 985
653 321
653 985
984 653
984 653
320 984
652 320
652 984
983 652
983 652
319 983
651 319
651 983
982 651
982 651
318 982
650 318
650 982
981 650
981 650
317 981
649 317
649 981
980 649
980 649
316 980
648 316
648 980
979 648
979 648
315 979
647 315
647 979
978 647
978 647
314 978
646 314
646 978
977 646
977 646
313 977
645 313
645 977
976 645
976 645
312 976
644 312
644 976
975 644
975 644
311 975
643 311
643 975
974 643
974 643
310 974
642 310
642 974
973 642
973 642
309 973
641 309
641 973
972 641
972 641
308 972
640 308
640 972
971 640
971 640
307 971
639 307
639 971
970 639
970 639
306 970
638 306
638 970
969 638
969 638
305 969
637 305
637 969
968 637
968 637
304 968
636 304
636 968
967 636
967 636
303 967
635 303
635 967
966 635
966 635
302 966
634 302
634 966
965 634
965 634
301 965
633 301
633 965
964 633
964 633
300 964
632 300
632 964
963 632
963 632
299 963
631 299
631 963
962 631
962 631
298 962
630 298
630 962
961 630
961 630
297 961
629 297
629 961
960 629
960 629
296 960
628 296
628 960
959 628
959 628
295 959
627 295
627 959
958 627
958 627
294 958
626 294
626 958
957 626
957 626
293 957
625 293
625 957
956 625
956 625
292 956
624 292
624 956
955 624
955 624
291 955
623 291
623 955
954 623
954 623
290 954
622 290
622 954
953 622
953 622
289 953
621 289
621 953
952 621
952 621
288 952
620 288
620 952
951 620
951 620
287 951
619 287
619 951
950 619
950 619
286 950
618 286
618 950
949 618
949 618
285 949
617 285
617 949
948 617
948 617
284 948
616 284
616 948
947 616
947 616
283 947
615 283
615 947
946 615
946 615
282 946
614 282
614 946
945 614
945 614
281 945
613 281
613 945
944 613
944 613
280 944
612 280
612 944
943 612
943 612
279 943
611 279
611 943
942 611
942 611
278 942
610 278
610 942
941 610
941 610
277 941
609 277
609 941
940 609
940 609
276 940
608 276
608 940
939 608
939 608
275 939
607 275
607 939
938 607
938 607
274 938
606 274
606 938
937 606
937 606
273 937
605 273
605 937
936 605
936 605
272 936
604 272
604 936
935 604
935 604
271 935
603 271
603 935
934 603
934 603
270 934
602 270
602 934
933 602
933 602
269 933
601 269
601 933
932 601
932 601
268 932
600 268
600 932
931 600
931 600
267 931
599 267
599 931
930 599
930 599
266 930
598 266
598 930
929 598
929 598
265 929
597 265
597 929
928 597
928 597
264 928
596 264
596 928
927 596
927 596
263 927
595 263
595 927
926 595
926 595
262 926
594 262
594 926
925 594
925 594
261 925
593 261
593 925
924 593
924 593
260 924
592 260
592 924
923 592
923 592
259 923
591 259
591 923
922 591
922 591
258 922
590 258
590 922
921 590
921 590
257 921
589 257
589 921
920 589
920 589
256 920
588 256
588 920
919 588
919 588
255 919
587 255
587 919
918 587
918 587
254 918
586 254
586 918
917 586
917 586
253 917
585 253
585 917
916 585
916 585
252 916
584 252
584 916
915 584
915 584
251 915
583 251
583 915
914 583
914 583
250 914
582 250
582 914
913 582
913 582
249 913
581 249
581 913
912 581
912 581
248 912
580 248
580 912
911 580
911 580
247 911
579 247
579 911
910 579
910 579
246 910
578 246
578 910
909 578
909 578
245 909
577 245
577 909
908 577
908 577
244 908
576 244
576 908
907 576
907 576
243 907
575 243
575 907
906 575
906 575
242 906
574 242
574 906
905 574
905 574
241 905
573 241
573 905
904 573
904 573
240 904
572 240
572 904
903 572
903 572
239 903
571 239
571 903
902 571
902 571
238 902
570 238
570 902
901 570
901 570
237 901
569 237
569 901
900 569
900 569
236 900
568 236
568 900
899 568
899 568
235 899
567 235
567 899
898 567
898 567
234 898
566 234
566 898
897 566
897 566
233 897
565 233
565 897
896 565
896 565
232 896
564 232
564 896
895 564
895 564
231 895
563 231
563 895
894 563
894 563
230 894
562 230
562 894
893 562
893 562
229 893
561 229
561 893
892 561
892 561
228 892
560 228
560 892
891 560
891 560
227 891
559 227
559 891
890 559
890 559
226 890
558 226
558 890
889 558
889 558
225 889
557 225
557 889
888 557
888 557
224 888
556 224
556 888
887 556
887 556
223 887
555 223
555 887
886 555
886 555
222 886
554 222
554 886
885 554
885 554
221 885
553 221
553 885
884 553
884 553
220 884
552 220
552 884
883 552
883 552
219 883
551 219
551 883
882 551
882 551
218 882
550 218
550 882
881 550
881 550
217 881
549 217
549 881
880 549
880 549
216 880
548 216
548 880
879 548
879 548
215 879
547 215
547 879
878 547
878 547
214 878
546 214
546 878
877 546
877 546
213 877
545 213
545 877
876 545
876 545
212 876
544 212
544 876
875 544
875 544
211 875
543 211
543 875
874 543
874 543
210 874
542 210
542 874
873 542
873 542
209 873
541 209
541 873
872 541
872 541
208 872
540 208
540 872
871 540
871 540
207 871
539 207
539 871
870 539
870 539
206 870
538 206
538 870
869 538
869 538
205 869
537 205
537 869
868 537
868 537
204 868
536 204
536 868
867 536
867 536
203 867
535 203
535 867
866 535
866 535
202 866
534 202
534 866
865 534
865 534
201 865
533 201
533 865
864 533
864 533
200 864
532 200
532 864
863 532
863 532
199 863
531 199
531 863
862 531
862 531
198 862
530 198
530 862
861 530
861 530
197 861
529 197
529 861
860 529
860 529
196 860
528 196
528 860
859 528
859 528
195 859
527 195
527 859
858 527
858 527
194 858
526 194
526 858
857 526
857 526
193 857
525 193
525 857
856 525
856 525
192 856
524 192
524 856
855 524
855 524
191 855
523 191
523 855
854 523
854 523
190 854
522 190
522 854
853 522
853 522
189 853
521 189
521 853
852 521
852 521
188 852
520 188
520 852
851 520
851 520
187 851
519 187
519 851
850 519
850 519
186 850
518 186
518 850
849 518
849 518
185 849
517 185
517 849
848 517
848 517
184 848
516 184
516 848
847 516
847 516
183 847
515 183
515 847
846 515
846 515
182 846
514 182
514 846
845 514
845 514
181 845
513 181
513 845
844 513
844 513
180 844
512 180
512 844
843 512
843 512
179 843
511 179
511 843
842 511
842 511
178 842
510 178
510 842
841 510
841 510
177 841
509 177
509 841
840 509
840 509
176 840
508 176
508 840
839 508
839 508
175 839
507 175
507 839
838 507
838 507
174 838
506 174
506 838
837 506
837 506
173 837
505 173
505 837
836 505
836 505
172 836
504 172
504 836
835 504
835 504
171 835
503 171
503 835
834 503
834 503
170 834
502 170
502 834
833 502
833 502
169 833
501 169
501 833
832 501
832 501
168 832
500 168
500 832
831 500
831 500
167 831
499 167
499 831
830 499
830 499
166 830
498 166
498 830
829 498
829 498
165 829
497 165
497 829
828 497
828 497
164 828
496 164
496 828
827 496
827 496
163 827
495 163
495 827
826 495
826 495
162 826
494 162
494 826
825 494
825 494
161 825
493 161
493 825
824 493
824 493
160 824
492 160
492 824
823 492
823 492
159 823
491 159
491 823
822 491
822 491
158 822
490 158
490 822
821 490
821 490
157 821
489 157
489 821
820 489
820 489
156 820
488 156
488 820
819 488
819 488
155 819
487 155
487 819
818 487
818 487
154 818
486 154
486 818
817 486
817 486
153 817
485 153
485 817
816 485
816 485
152 816
484 152
484 816
815 484
815 484
151 815
483 151
483 815
814 483
814 483
150 814
482 150
482 814
813 482
813 482
149 813
481 149
481 813
812 481
812 481
148 812
480 148
480 812
811 480
811 480
147 811
479 147
479 811
810 479
810 479
146 810
478 146
478 810
809 478
809 478
145 809
477 145
477 809
808 477
808 477
144 808
476 144
476 808
807 476
807 476
143 807
475 143
475 807
806 475
806 475
142 806
474 142
474 806
805 474
805 474
141 805
473 141
473 805
804 473
804 473
140 804
472 140
472 804
803 472
803 472
139 803
471 139
471 803
802 471
802 471
138 802
470 138
470 802
801 470
801 470
137 801
469 137
469 801
800 469
800 469
136 800
468 136
468 800
799 468
799 468
135 799
467 135
467 799
798 467
798 467
134 798
466 134
466 798
797 466
797 466
133 797
465 133
465 797
796 465
796 465
132 796
464 132
464 796
795 464
795 464
131 795
463 131
463 795
794 463
794 463
130 794
462 130
462 794
793 462
793 462
129 793
461 129
461 793
792 461
792 461
128 792
460 128
460 792
791 460
791 460
127 791
459 127
459 791
790 459
790 459
126 790
458 126
458 790
789 458
789 458
125 789
457 125
457 789
788 457
788 457
124 788
456 124
456 788
787 456
787 456
123 787
455 123
455 787
786 455
786 455
122 786
454 122
454 786
785 454
785 454
121 785
453 121
453 785
784 453
784 453
120 784
452 120
452 784
783 452
783 452
119 783
451 119
451 783
782 451
782 451
118 782
450 118
450 782
781 450
781 450
117 781
449 117
449 781
780 449
780 449
116 780
448 116
448 780
779 448
779 448
115 779
447 115
447 779
778 447
778 447
114 778
446 114
446 778
777 446
777 446
113 777
445 113
445 777
776 445
776 445
112 776
444 112
444 776
775 444
775 444
111 775
443 111
443 775
774 443
774 443
110 774
442 110
442 774
773 442
773 442
109 773
441 109
441 773
772 441
772 441
108 772
440 108
440 772
771 440
771 440
107 771
439 107
439 771
770 439
770 439
106 770
438 106
438 770
769 438
769 438
105 769
437 105
437 769
768 437
768 437
104 768
436 104
436 768
767 436
767 436
103 767
435 103
435 767
766 435
766 435
102 766
434 102
434 766
765 434
765 434
101 765
433 101
433 765
764 433
764 433
100 764
432 100
432 764
763 432
763 432
99 763
431 99
431 763
762 431
762 431
98 762
430 98
430 762
761 430
761 430
97 761
429 97
429 761
760 429
760 429
96 760
428 96
428 760
759 428
759 428
95 759
427 95
427 759
758 427
758 427
94 758
426 94
426 758
757 426
757 426
93 757
425 93
425 757
756 425
756 425
92 756
424 92
424 756
755 424
755 424
91 755
423 91
423 755
754 423
754 423
90 754
422 90
422 754
753 422
753 422
89 753
421 89
421 753
752 421
752 421
88 752
420 88
420 752
751 420
751 420
87 751
419 87
419 751
750 419
750 419
86 750
418 86
418 750
749 418
749 418
85 749
417 85
417 749
748 417
748 417
84 748
416 84
416 748
747 416
747 416
83 747
415 83
415 747
746 415
746 415
82 746
414 82
414 746
745 414
745 414
81 745
413 81
413 745
744 413
744 413
80 744
412 80
412 744
743 412
743 412
79 743
411 79
411 743
742 411
742 411
78 742
410 78
410 742
741 410
741 410
77 741
409 77
409 741
740 409
740 409
76 740
408 76
408 740
739 408
739 408
75 739
407 75
407 739
738 407
738 407
74 738
406 74
406 738
737 406
737 406
73 737
405 73
405 737
736 405
736 405
72 736
404 72
404 736
735 404
735 404
71 735
403 71
403 735
734 403
734 403
70 734
402 70
402 734
733 402
733 402
69 733
401 69
401 733
732 401
732 401
68 732
400 68
400 732
731 400
731 400
67 731
399 67
399 731
730 399
730 399
66 730
398 66
398 730
729 398
729 398
65 729
397 65
397 729
728 397
728 397
64 728
396 64
396 728
727 396
727 396
63 727
395 63
395 727
726 395
726 395
62 726
394 62
394 726
725 394
725 394
61 725
393 61
393 725
724 393
724 393
60 724
392 60
392 724
723 392
723 392
59 723
391 59
391 723
722 391
722 391
58 722
390 58
390 722
721 390
721 390
57 721
389 57
389 721
720 389
720 389
56 720
388 56
388 720
719 388
719 388
55 719
387 55
387 719
718 387
718 387
54 718
386 54
386 718
717 386
717 386
53 717
385 53
385 717
716 385
716 385
52 716
384 52
384 716
715 384
715 384
51 715
383 51
383 715
714 383
714 383
50 714
382 50
382 714
713 382
713 382
49 713
381 49
381 713
712 381
712 381
48 712
380 48
380 712
711 380
711 380
47 711
379 47
379 711
710 379
710 379
46 710
378 46
378 710
709 378
709 378
45 709
377 45
377 709
708 377
708 377
44 708
376 44
376 708
707 376
707 376
43 707
375 43
375 707
706 375
706 375
42 706
374 42
374 706
705 374
705 374
41 705
373 41
373 705
704 373
704 373
40 704
372 40
372 704
703 372
703 372
39 703
371 39
371 703
702 371
702 371
38 702
370 38
370 702
701 370
701 370
37 701
369 37
369 701
700 369
700 369
36 700
368 36
368 700
699 368
699 368
35 699
367 35
367 699
698 367
698 367
34 698
366 34
366 698
697 366
697 366
33 697
365 33
365 697
696 365
696 365
32 696
364 32
364 696
695 364
695 364
31 695
363 31
363 695
694 363
694 363
30 694
362 30
362 694
693 362
693 362
29 693
361 29
361 693
692 361
692 361
28 692
360 28
360 692
691 360
691 360
27 691
359 27
359 691
690 359
690 359
26 690
358 26
358 690
689 358
689 358
25 689
357 25
357 689
688 357
688 357
24 688
356 24
356 688
687 356
687 356
23 687
355 23
355 687
686 355
686 355
22 686
354 22
354 686
685 354
685 354
21 685
353 21
353 685
684 353
684 353
20 684
352 20
352 684
683 352
683 352
19 683
351 19
351 683
682 351
682 351
18 682
350 18
350 682
681 350
681 350
17 681
349 17
349 681
680 349
680 349
16 680
348 16
348 680
679 348
679 348
15 679
347 15
347 679
678 347
678 347
14 678
346 14
346 678
677 346
677 346
13 677
345 13
345 677
676 345
676 345
12 676
344 12
344 676
675 344
675 344
11 675
343 11
343 675
674 343
674 343
10 674
342 10
342 674
673 342
673 342
9 673
341 9
341 673
672 341
672 341
8 672
340 8
340 672
671 340
671 340
7 671
339 7
339 671
670 339
670 339
6 670
338 6
338 670
669 338
669 338
5 669
337 5
337 669
668 337
668 337
4 668
336 4
336 668
667 336
667 336
3 667
335 3
335 667
666 335
666 335
2 666
334 2
334 666
665 334
332 334
332 665
664 332
664 332
664 665
1 664
2 1
2 664
2 664
1 2
664 1
664 2
1 664
333 664
663 1
663 2
2 663
331 2
331 663
662 331
662 331
330 333
330 662
331 662
661 330
661 330
329 331
329 661
330 661
660 329
660 329
328 330
328 660
329 660
659 328
659 328
327 329
327 659
328 659
658 327
658 327
326 328
326 658
327 658
657 326
657 326
325 327
325 657
326 657
656 325
656 325
324 326
324 656
325 656
655 324
655 324
323 325
323 655
324 655
654 323
654 323
322 324
322 654
323 654
653 322
653 322
321 323
321 653
322 653
652 321
652 321
320 322
320 652
321 652
651 320
651 320
319 321
319 651
320 651
650 319
650 319
318 320
318 650
319 650
649 318
649 318
317 319
317 649
318 649
648 317
648 317
316 318
316 648
317 648
647 316
647 316
315 317
315 647
316 647
646 315
646 315
314 316
314 646
315 646
645 314
645 314
313 315
313 645
314 645
644 313
644 313
312 314
312 644
313 644
643 312
643 312
311 313
311 643
312 643
642 311
642 311
310 312
310 642
311 642
641 310
641 310
309 311
309 641
310 641
640 309
640 309
308 310
308 640
309 640
639 308
639 308
307 309
307 639
308 639
638 307
638 307
306 308
306 638
307 638
637 306
637 306
305 307
305 637
306 637
636 305
636 305
304 306
304 636
305 636
635 304
635 304
303 305
303 635
304 635
634 303
634 303
302 304
302 634
303 634
633 302
633 302
301 303
301 633
302 633
632 301
632 301
300 302
300 632
301 632
631 300
631 300
299 301
299 631
300 631
630 299
630 299
298 300
298 630
299 630
629 298
629 298
297 299
297 629
298 629
628 297
628 297
296 298
296 628
297 628
627 296
627 296
295 297
295 627
296 627
626 295
626 295
294 296
294 626
295 626
625 294
625 294
293 295
293 625
294 625
624 293
624 293
292 294
292 624
293 624
623 292
623 292
291 293
291 623
292 623
622 291
622 291
290 292
290 622
291 622
621 290
621 290
289 291
289 621
290 621
620 289
620 289
288 290
288 620
289 620
619 288
619 288
287 289
287 619
288 619
618 287
618 287
286 288
286 618
287 618
617 286
617 286
285 287
285 617
286 617
616 285
616 285
284 286
284 616
285 616
615 284
615 284
283 285
283 615
284 615
614 283
614 283
282 284
282 614
283 614
613 282
613 282
281 283
281 613
282 613
612 281
612 281
280 282
280 612
281 612
611 280
611 280
279 281
279 611
280 611
610 279
610 279
278 280
278 610
279 610
609 278
609 278
277 279
277 609
278 609
608 277
608 277
276 278
276 608
277 608
607 276
607 276
275 277
275 607
276 607
606 275
606 275
274 276
274 606
275 606
605 274
605 274
273 275
273 605
274 605
604 273
604 273
272 274
272 604
273 604
603 272
603 272
271 273
271 603
272 603
602 271
602 271
270 272
270 602
271 602
601 270
601 270
269 271
269 601
270 601
600 269
600 269
268 270
268 600
269 600
599 268
599 268
267 269
267 599
268 599
598 267
598 267
266 268
266 598
267 598
597 266
597 266
265 267
265 597
266 597
596 265
596 265
264 266
264 596
265 596
595 264
595 264
263 265
263 595
264 595
594 263
594 263
262 264
262 594
263 594
593 262
593 262
261 263
261 593
262 593
592 261
592 261
260 262
260 592
261 592
591 260
591 260
259 261
259 591
260 591
590 259
590 259
258 260
258 590
259 590
589 258
589 258
257 259
257 589
258 589
588 257
588 257
256 258
256 588
257 588
587 256
587 256
255 257
255 587
256 587
586 255
586 255
254 256
254 586
255 586
585 254
585 254
253 255
253 585
254 585
584 253
584 253
252 254
252 584
253 584
583 252
583 252
251 253
251 583
252 583
582 251
582 251
250 252
250 582
251 582
581 250
581 250
249 251
249 581
250 581
580 249
580 249
248 250
248 580
249 580
579 248
579 248
247 249
247 579
248 579
578 247
578 247
246 248
246 578
247 578
577 246
577 246
245 247
245 577
246 577
576 245
576 245
244 246
244 576
245 576
575 244
575 244
243 245
243 575
244 575
574 243
574 243
242 244
242 574
243 574
573 242
573 242
241 243
241 573
242 573
572 241
572 241
240 242
240 572
241 572
571 240
571 240
239 241
239 571
240 571
570 239
570 239
238 240
238 570
239 570
569 238
569 238
237 239
237 569
238 569
568 237
568 237
236 238
236 568
237 568
567 236
567 236
235 237
235 567
236 567
566 235
566 235
234 236
234 566
235 566
565 234
565 234
233 235
233 565
234 565
564 233
564 233
232 234
232 564
233 564
563 232
563 232
231 233
231 563
232 563
562 231
562 231
230 232
230 562
231 562
561 230
561 230
229 231
229 561
230 561
560 229
560 229
228 230
228 560
229 560
559 228
559 228
227 229
227 559
228 559
558 227
558 227
226 228
226 558
227 558
557 226
557 226
225 227
225 557
226 557
556 225
556 225
224 226
224 556
225 556
555 224
555 224
223 225
223 555
224 555
554 223
554 223
222 224
222 554
223 554
553 222
553 222
221 223
221 553
222 553
552 221
552 221
220 222
220 552
221 552
551 220
551 220
219 221
219 551
220 551
550 219
550 219
218 220
218 550
219 550
549 218
549 218
217 219
217 549
218 549
548 217
548 217
216 218
216 548
217 548
547 216
547 216
215 217
215 547
216 547
546 215
546 215
214 216
214 546
215 546
545 214
545 214
213 215
213 545
214 545
544 213
544 213
212 214
212 544
213 544
543 212
543 212
211 213
211 543
212 543
542 211
542 211
210 212
210 542
211 542
541 210
541 210
209 211
209 541
210 541
540 209
540 209
208 210
208 540
209 540
539 208
539 208
207 209
207 539
208 539
538 207
538 207
206 208
206 538
207 538
537 206
537 206
205 207
205 537
206 537
536 205
536 205
204 206
204 536
205 536
535 204
535 204
203 205
203 535
204 535
534 203
534 203
202 204
202 534
203 534
533 202
533 202
201 203
201 533
202 533
532 201
532 201
200 202
200 532
201 532
531 200
531 200
199 201
199 531
200 531
530 199
530 199
198 200
198 530
199 530
529 198
529 198
197 199
197 529
198 529
528 197
528 197
196 198
196 528
197 528
527 196
527 196
195 197
195 527
196 527
526 195
526 195
194 196
194 526
195 526
525 194
525 194
193 195
193 525
194 525
524 193
524 193
192 194
192 524
193 524
523 192
523 192
191 193
191 523
192 523
522 191
522 191
190 192
190 522
191 522
521 190
521 190
189 191
189 521
190 521
520 189
520 189
188 190
188 520
189 520
519 188
519 188
187 189
187 519
188 519
518 187
518 187
186 188
186 518
187 518
517 186
517 186
185 187
185 517
186 517
516 185
516 185
184 186
184 516
185 516
515 184
515 184
183 185
183 515
184 515
514 183
514 183
182 184
182 514
183 514
513 182
513 182
181 183
181 513
182 513
512 181
512 181
180 182
180 512
181 512
511 180
511 180
179 181
179 511
180 511
510 179
510 179
178 180
178 510
179 510
509 178
509 178
177 179
177 509
178 509
508 177
508 177
176 178
176 508
177 508
507 176
507 176
175 177
175 507
176 507
506 175
506 175
174 176
174 506
175 506
505 174
505 174
173 175
173 505
174 505
504 173
504 173
172 174
172 504
173 504
503 172
503 172
171 173
171 503
172 503
502 171
502 171
170 172
170 502
171 502
501 170
501 170
169 171
169 501
170 501
500 169
500 169
168 170
168 500
169 500
499 168
499 168
167 169
167 499
168 499
498 167
498 167
166 168
166 498
167 498
497 166
497 166
165 167
165 497
166 497
496 165
496 165
164 166
164 496
165 496
495 164
495 164
163 165
163 495
164 495
494 163
494 163
162 164
162 494
163 494
493 162
493 162
161 163
161 493
162 493
492 161
492 161
160 162
160 492
161 492
491 160
491 160
159 161
159 491
160 491
490 159
490 159
158 160
158 490
159 490
489 158
489 158
157 159
157 489
158 489
488 157
488 157
156 158
156 488
157 488
487 156
487 156
155 157
155 487
156 487
486 155
486 155
154 156
154 486
155 486
485 154
485 154
153 155
153 485
154 485
484 153
484 153
152 154
152 484
153 484
483 152
483 152
151 153
151 483
152 483
482 151
482 151
150 152
150 482
151 482
481 150
481 150
149 151
149 481
150 481
480 149
480 149
148 150
148 480
149 480
479 148
479 148
147 149
147 479
148 479
478 147
478 147
146 148
146 478
147 478
477 146
477 146
145 147
145 477
146 477
476 145
476 145
144 146
144 476
145 476
475 144
475 144
143 145
143 475
144 475
474 143
474 143
142 144
142 474
143 474
473 142
473 142
141 143
141 473
142 473
472 141
472 141
140 142
140 472
141 472
471 140
471 140
139 141
139 471
140 471
470 139
470 139
138 140
138 470
139 470
469 138
469 138
137 139
137 469
138 469
468 137
468 137
136 138
136 468
137 468
467 136
467 136
135 137
135 467
136 467
466 135
466 135
134 136
134 466
135 466
465 134
465 134
133 135
133 465
134 465
464 133
464 133
132 134
132 464
133 464
463 132
463 132
131 133
131 463
132 463
462 131
462 131
130 132
130 462
131 462
461 130
461 130
129 131
129 461
130 461
460 129
460 129
128 130
128 460
129 460
459 128
459 128
127 129
127 459
128 459
458 127
458 127
126 128
126 458
127 458
457 126
457 126
125 127
125 457
126 457
456 125
456 125
124 126
124 456
125 456
455 124
455 124
123 125
123 455
124 455
454 123
454 123
122 124
122 454
123 454
453 122
453 122
121 123
121 453
122 453
452 121
452 121
120 122
120 452
121 452
451 120
451 120
119 121
119 451
120 451
450 119
450 119
118 120
118 450
119 450
449 118
449 118
117 119
117 449
118 449
448 117
448 117
116 118
116 448
117 448
447 116
447 116
115 117
115 447
116 447
446 115
446 115
114 116
114 446
115 446
445 114
445 114
113 115
113 445
114 445
444 113
444 113
112 114
112 444
113 444
443 112
443 112
111 113
111 443
112 443
442 111
442 111
110 112
110 442
111 442
441 110
441 110
109 111
109 441
110 441
440 109
440 109
108 110
108 440
109 440
439 108
439 108
107 109
107 439
108 439
438 107
438 107
106 108
106 438
107 438
437 106
437 106
105 107
105 437
106 437
436 105
436 105
104 106
104 436
105 436
435 104
435 104
103 105
103 435
104 435
434 103
434 103
102 104
102 434
103 434
433 102
433 102
101 103
101 433
102 433
432 101
432 101
100 102
100 432
101 432
431 100
431 100
99 101
99 431
100 431
430 99
430 99
98 100
98 430
99 430
429 98
429 98
97 99
97 429
98 429
428 97
428 97
96 98
96 428
97 428
427 96
427 96
95 97
95 427
96 427
426 95
426 95
94 96
94 426
95 426
425 94
425 94
93 95
93 425
94 425
424 93
424 93
92 94
92 424
93 424
423 92
423 92
91 93
91 423
92 423
422 91
422 91
90 92
90 422
91 422
421 90
421 90
89 91
89 421
90 421
420 89
420 89
88 90
88 420
89 420
419 88
419 88
87 89
87 419
88 419
418 87
418 87
86 88
86 418
87 418
417 86
417 86
85 87
85 417
86 417
416 85
416 85
84 86
84 416
85 416
415 84
415 84
83 85
83 415
84 415
414 83
414 83
82 84
82 414
83 414
413 82
413 82
81 83
81 413
82 413
412 81
412 81
80 82
80 412
81 412
411 80
411 80
79 81
79 411
80 411
410 79
410 79
78 80
78 410
79 410
409 78
409 78
77 79
77 409
78 409
408 77
408 77
76 78
76 408
77 408
407 76
407 76
75 77
75 407
76 407
406 75
406 75
74 76
74 406
75 406
405 74
405 74
73 75
73 405
74 405
404 73
404 73
72 74
72 404
73 404
403 72
403 72
71 73
71 403
72 403
402 71
402 71
70 72
70 402
71 402
401 70
401 70
69 71
69 401
70 401
400 69
400 69
68 70
68 400
69 400
399 68
399 68
67 69
67 399
68 399
398 67
398 67
66 68
66 398
67 398
397 66
397 66
65 67
65 397
66 397
396 65
396 65
64 66
64 396
65 396
395 64
395 64
63 65
63 395
64 395
394 63
394 63
62 64
62 394
63 394
393 62
393 62
61 63
61 393
62 393
392 61
392 61
60 62
60 392
61 392
391 60
391 60
59 61
59 391
60 391
390 59
390 59
58 60
58 390
59 390
389 58
389 58
57 59
57 389
58 389
388 57
388 57
56 58
56 388
57 388
387 56
387 56
55 57
55 387
56 387
386 55
386 55
54 56
54 386
55 386
385 54
385 54
53 55
53 385
54 385
384 53
384 53
52 54
52 384
53 384
383 52
383 52
51 53
51 383
52 383
382 51
382 51
50 52
50 382
51 382
381 50
381 50
49 51
49 381
50 381
380 49
380 49
48 50
48 380
49 380
379 48
379 48
47 49
47 379
48 379
378 47
378 47
46 48
46 378
47 378
377 46
377 46
45 47
45 377
46 377
376 45
376 45
44 46
44 376
45 376
375 44
375 44
43 45
43 375
44 375
374 43
374 43
42 44
42 374
43 374
373 42
373 42
41 43
41 373
42 373
372 41
372 41
40 42
40 372
41 372
371 40
371 40
39 41
39 371
40 371
370 39
370 39
38 40
38 370
39 370
369 38
369 38
37 39
37 369
38 369
368 37
368 37
36 38
36 368
37 368
367 36
367 36
35 37
35 367
36 367
366 35
366 35
34 36
34 366
35 366
365 34
365 34
33 35
33 365
34 365
364 33
364 33
32 34
32 364
33 364
363 32
363 32
31 33
31 363
32 363
362 31
362 31
30 32
30 362
31 362
361 30
361 30
29 31
29 361
30 361
360 29
360 29
28 30
28 360
29 360
359 28
359 28
27 29
27 359
28 359
358 27
358 27
26 28
26 358
27 358
357 26
357 26
25 27
25 357
26 357
356 25
356 25
24 26
24 356
25 356
355 24
355 24
23 25
23 355
24 355
354 23
354 23
22 24
22 354
23 354
353 22
353 22
21 23
21 353
22 353
352 21
352 21
20 22
20 352
21 352
351 20
351 20
19 21
19 351
20 351
350 19
350 19
18 20
18 350
19 350
349 18
349 18
17 19
17 349
18 349
348 17
348 17
16 18
16 348
17 348
347 16
347 16
15 17
15 347
16 347
346 15
346 15
14 16
14 346
15 346
345 14
345 14
13 15
13 345
14 345
344 13
344 13
12 14
12 344
13 344
343 12
343 12
11 13
11 343
12 343
342 11
342 11
10 12
10 342
11 342
341 10
341 10
9 11
9 341
10 341
340 9
340 9
8 10
8 340
9 340
339 8
339 8
7 9
7 339
8 339
338 7
338 7
6 8
6 338
7 338
337 6
337 6
5 7
5 337
6 337
336 5
336 5
4 6
4 336
5 336
335 4
335 4
3 5
3 335
4 335
334 3
334 3
2 4
2 334
333 2
333 334
1 2
1 333
332 1
332 333
3 332
4 332
331 1
331 3
2 331
2 331
330 2
330 2
1 330
3 330
329 1
329 3
2 329
2 329
328 2
328 2
1 328
3 328
327 1
327 3
2 327
2 327
326 2
326 2
1 326
3 326
325 1
325 3
2 325
2 325
324 2
324 2
1 324
3 324
323 1
323 3
2 323
2 323
322 2
322 2
1 322
3 322
321 1
321 3
2 321
2 321
320 2
320 2
1 320
3 320
319 1
319 3
2 319
2 319
318 2
318 2
1 318
3 318
317 1
317 3
2 317
2 317
316 2
316 2
1 316
3 316
315 1
315 3
2 315
2 315
314 2
314 2
1 314
3 314
313 1
313 3
2 313
2 313
312 2
312 2
1 312
3 312
311 1
311 3
2 311
2 311
310 2
310 2
1 310
3 310
309 1
309 3
2 309
2 309
308 2
308 2
1 308
3 308
307 1
307 3
2 307
2 307
306 2
306 2
1 306
3 306
305 1
305 3
2 305
2 305
304 2
304 2
1 304
3 304
303 1
303 3
2 303
2 303
302 2
302 2
1 302
3 302
301 1
301 3
2 301
2 301
300 2
300 2
1 300
3 300
299 1
299 3
2 299
2 299
298 2
298 2
1 298
3 298
297 1
297 3
2 297
2 297
296 2
296 2
1 296
3 296
295 1
295 3
2 295
2 295
294 2
294 2
1 294
3 294
293 1
293 3
2 293
2 293
292 2
292 2
1 292
3 292
291 1
291 3
2 291
2 291
290 2
290 2
1 290
3 290
289 1
289 3
2 289
2 289
288 2
288 2
1 288
3 288
287 1
287 3
2 287
2 287
286 2
286 2
1 286
3 286
285 1
285 3
2 285
2 285
284 2
284 2
1 284
3 284
283 1
283 3
2 283
2 283
282 2
282 2
1 282
3 282
281 1
281 3
2 281
2 281
280 2
280 2
1 280
3 280
279 1
279 3
2 279
2 279
278 2
278 2
1 278
3 278
277 1
277 3
2 277
2 277
276 2
276 2
1 276
3 276
275 1
275 3
2 275
2 275
274 2
274 2
1 274
3 274
273 1
273 3
2 273
2 273
272 2
272 2
1 272
3 272
271 1
271 3
2 271
2 271
270 2
270 2
1 270
3 270
269 1
269 3
2 269
2 269
268 2
268 2
1 268
3 268
267 1
267 3
2 267
2 267
266 2
266 2
1 266
3 266
265 1
265 3
2 265
2 265
264 2
264 2
1 264
3 264
263 1
263 3
2 263
2 263
262 2
262 2
1 262
3 262
261 1
261 3
2 261
2 261
260 2
260 2
1 260
3 260
259 1
259 3
2 259
2 259
258 2
258 2
1 258
3 258
257 1
257 3
2 257
2 257
256 2
256 2
1 256
3 256
255 1
255 3
2 255
2 255
254 2
254 2
1 254
3 254
253 1
253 3
2 253
2 253
252 2
252 2
1 252
3 252
251 1
251 3
2 251
2 251
250 2
250 2
1 250
3 250
249 1
249 3
2 249
2 249
248 2
248 2
1 248
3 248
247 1
247 3
2 247
2 247
246 2
246 2
1 246
3 246
245 1
245 3
2 245
2 245
244 2
244 2
1 244
3 244
243 1
243 3
2 243
2 243
242 2
242 2
1 242
3 242
241 1
241 3
2 241
2 241
240 2
240 2
1 240
3 240
239 1
239 3
2 239
2 239
238 2
238 2
1 238
3 238
237 1
237 3
2 237
2 237
236 2
236 2
1 236
3 236
235 1
235 3
2 235
2 235
234 2
234 2
1 234
3 234
233 1
233 3
2 233
2 233
232 2
232 2
1 232
3 232
231 1
231 3
2 231
2 231
230 2
230 2
1 230
3 230
229 1
229 3
2 229
2 229
228 2
228 2
1 228
3 228
227 1
227 3
2 227
2 227
226 2
226 2
1 226
3 226
225 1
225 3
2 225
2 225
224 2
224 2
1 224
3 224
223 1
223 3
2 223
2 223
222 2
222 2
1 222
3 222
221 1
221 3
2 221
2 221
220 2
220 2
1 220
3 220
219 1
219 3
2 219
2 219
218 2
218 2
1 218
3 218
217 1
217 3
2 217
2 217
216 2
216 2
1 216
3 216
215 1
215 3
2 215
2 215
214 2
214 2
1 214
3 214
213 1
213 3
2 213
2 213
212 2
212 2
1 212
3 212
211 1
211 3
2 211
2 211
210 2
210 2
1 210
3 210
209 1
209 3
2 209
2 209
208 2
208 2
1 208
3 208
207 1
207 3
2 207
2 207
206 2
206 2
1 206
3 206
205 1
205 3
2 205
2 205
204 2
204 2
1 204
3 204
203 1
203 3
2 203
2 203
202 2
202 2
1 202
3 202
201 1
201 3
2 201
2 201
200 2
200 2
1 200
3 200
199 1
199 3
2 199
2 199
198 2
198 2
1 198
3 198
197 1
197 3
2 197
2 197
196 2
196 2
1 196
3 196
195 1
195 3
2 195
2 195
194 2
194 2
1 194
3 194
193 1
193 3
2 193
2 193
192 2
192 2
1 192
3 192
191 1
191 3
2 191
2 191
190 2
190 2
1 190
3 190
189 1
189 3
2 189
2 189
188 2
188 2
1 188
3 188
187 1
187 3
2 187
2 187
186 2
186 2
1 186
3 186
185 1
185 3
2 185
2 185
184 2
184 2
1 184
3 184
183 1
183 3
2 183
2 183
182 2
182 2
1 182
3 182
181 1
181 3
2 181
2 181
180 2
180 2
1 180
3 180
179 1
179 3
2 179
2 179
178 2
178 2
1 178
3 178
177 1
177 3
2 177
2 177
176 2
176 2
1 176
3 176
175 1
175 3
2 175
2 175
174 2
174 2
1 174
3 174
173 1
173 3
2 173
2 173
172 2
172 2
1 172
3 172
171 1
171 3
2 171
2 171
170 2
170 2
1 170
3 170
169 1
169 3
2 169
2 169
168 2
168 2
1 168
3 168
167 1
167 3
2 167
2 167
166 2
166 2
1 166
3 166
165 1
165 3
2 165
2 165
164 2
164 2
1 164
3 164
163 1
163 3
2 163
2 163
162 2
162 2
1 162
3 162
161 1
161 3
2 161
2 161
160 2
160 2
1 160
3 160
159 1
159 3
2 159
2 159
158 2
158 2
1 158
3 158
157 1
157 3
2 157
2 157
156 2
156 2
1 156
3 156
155 1
155 3
2 155
2 155
154 2
154 2
1 154
3 154
153 1
153 3
2 153
2 153
152 2
152 2
1 152
3 152
151 1
151 3
2 151
2 151
150 2
150 2
1 150
3 150
149 1
149 3
2 149
2 149
148 2
148 2
1 148
3 148
147 1
147 3
2 147
2 147
146 2
146 2
1 146
3 146
145 1
145 3
2 145
2 145
144 2
144 2
1 144
3 144
143 1
143 3
2 143
2 143
142 2
142 2
1 142
3 142
141 1
141 3
2 141
2 141
140 2
140 2
1 140
3 140
139 1
139 3
2 139
2 139
138 2
138 2
1 138
3 138
137 1
137 3
2 137
2 137
136 2
136 2
1 136
3 136
135 1
135 3
2 135
2 135
134 2
134 2
1 134
3 134
133 1
133 3
2 133
2 133
132 2
132 2
1 132
3 132
131 1
131 3
2 131
2 131
130 2
130 2
1 130
3 130
129 1
129 3
2 129
2 129
128 2
128 2
1 128
3 128
127 1
127 3
2 127
2 127
126 2
126 2
1 126
3 126
125 1
125 3
2 125
2 125
124 2
124 2
1 124
3 124
123 1
123 3
2 123
2 123
122 2
122 2
1 122
3 122
121 1
121 3
2 121
2 121
120 2
120 2
1 120
3 120
119 1
119 3
2 119
2 119
118 2
118 2
1 118
3 118
117 1
117 3
2 117
2 117
116 2
116 2
1 116
3 116
115 1
115 3
2 115
2 115
114 2
114 2
1 114
3 114
113 1
113 3
2 113
2 113
112 2
112 2
1 112
3 112
111 1
111 3
2 111
2 111
110 2
110 2
1 110
3 110
109 1
109 3
2 109
2 109
108 2
108 2
1 108
3 108
107 1
107 3
2 107
2 107
106 2
106 2
1 106
3 106
105 1
105 3
2 105
2 105
104 2
104 2
1 104
3 104
103 1
103 3
2 103
2 103
102 2
102 2
1 102
3 102
101 1
101 3
2 101
2 101
100 2
100 2
1 100
3 100
99 1
99 3
2 99
2 99
98 2
98 2
1 98
3 98
97 1
97 3
2 97
2 97
96 2
96 2
1 96
3 96
95 1
95 3
2 95
2 95
94 2
94 2
1 94
3 94
93 1
93 3
2 93
2 93
92 2
92 2
1 92
3 92
91 1
91 3
2 91
2 91
90 2
90 2
1 90
3 90
89 1
89 3
2 89
2 89
88 2
88 2
1 88
3 88
87 1
87 3
2 87
2 87
86 2
86 2
1 86
3 86
85 1
85 3
2 85
2 85
84 2
84 2
1 84
3 84
83 1
83 3
2 83
2 83
82 2
82 2
1 82
3 82
81 1
81 3
2 81
2 81
80 2
80 2
1 80
3 80
79 1
79 3
2 79
2 79
78 2
78 2
1 78
3 78
77 1
77 3
2 77
2 77
76 2
76 2
1 76
3 76
75 1
75 3
2 75
2 75
74 2
74 2
1 74
3 74
73 1
73 3
2 73
2 73
72 2
72 2
1 72
3 72
71 1
71 3
2 71
2 71
70 2
70 2
1 70
3 70
69 1
69 3
2 69
2 69
68 2
68 2
1 68
3 68
67 1
67 3
2 67
2 67
66 2
66 2
1 66
3 66
65 1
65 3
2 65
2 65
64 2
64 2
1 64
3 64
63 1
63 3
2 63
2 63
62 2
62 2
1 62
3 62
61 1
61 3
2 61
2 61
60 2
60 2
1 60
3 60
59 1
59 3
2 59
2 59
58 2
58 2
1 58
3 58
57 1
57 3
2 57
2 57
56 2
56 2
1 56
3 56
55 1
55 3
2 55
2 55
54 2
54 2
1 54
3 54
53 1
53 3
2 53
2 53
52 2
52 2
1 52
3 52
51 1
51 3
2 51
2 51
50 2
50 2
1 50
3 50
49 1
49 3
2 49
2 49
48 2
48 2
1 48
3 48
47 1
47 3
2 47
2 47
46 2
46 2
1 46
3 46
45 1
45 3
2 45
2 45
44 2
44 2
1 44
3 44
43 1
43 3
2 43
2 43
42 2
42 2
1 42
3 42
41 1
41 3
2 41
2 41
40 2
40 2
1 40
3 40
39 1
39 3
2 39
2 39
38 2
38 2
1 38
3 38
37 1
37 3
2 37
2 37
36 2
36 2
1 36
3 36
35 1
35 3
2 35
2 35
34 2
34 2
1 34
3 34
33 1
33 3
2 33
2 33
32 2
32 2
1 32
3 32
31 1
31 3
2 31
2 31
30 2
30 2
1 30
3 30
29 1
29 3
2 29
2 29
28 2
28 2
1 28
3 28
27 1
27 3
2 27
2 27
26 2
26 2
1 26
3 26
25 1
25 3
2 25
2 25
24 2
24 2
1 24
3 24
23 1
23 3
2 23
2 23
22 2
22 2
1 22
3 22
21 1
21 3
2 21
2 21
20 2
20 2
1 20
3 20
19 1
19 3
2 19
2 19
18 2
18 2
1 18
3 18
17 1
17 3
2 17
2 17
16 2
16 2
1 16
3 16
15 1
15 3
2 15
2 15
14 2
14 2
1 14
3 14
13 1
13 3
2 13
2 13
12 2
12 2
1 12
3 12
11 1
11 3
2 11
2 11
10 2
10 2
1 10
3 10
9 1
9 3
2 9
2 9
8 2
8 2
1 8
3 8
7 1
7 3
2 7
2 7
6 2
6 2
1 6
3 6
5 1
5 3
2 5
2 5
4 2
1 4
3 4
3 1
2 3
2 3
1 2
1 2
1 2
