999
31 91 684
373 494 505
31 722 935
29 405 601
816 965 956
633 67 506
671 800 906
49 529 987
957 452 551
485 640 887
327 576 140
633 762 945
574 49 855
692 378 420
351 421 708
570 623 602
306 601 266
735 343 280
257 808 256
377 925 518
435 447 790
173 444 478
853 71 296
67 585 558
355 647 198
83 703 631
679 788 793
654 194 360
63 516 821
21 46 620
526 554 611
848 376 877
48 865 363
225 703 784
221 658 366
348 781 859
915 309 403
159 642 575
670 972 965
254 225 388
486 527 716
462 880 934
13 342 630
47 253 590
673 615 433
330 612 991
480 608 934
882 980 372
427 208 714
59 374 755
160 641 502
136 328 349
535 763 732
698 194 542
428 237 185
259 332 500
796 412 646
348 127 520
387 262 353
150 468 313
605 290 874
902 831 921
88 745 474
26 510 962
632 754 216
2 399 882
663 33 842
699 300 883
430 669 729
274 665 458
413 643 819
19 282 933
498 18 739
152 285 682
501 675 303
320 265 583
346 450 517
947 557 652
34 589 849
127 642 451
250 427 499
245 961 963
582 851 168
191 363 219
47 637 953
544 585 943
676 784 852
667 756 26
544 63 917
128 952 442
124 493 924
721 857 453
269 510 885
543 578 723
307 514 799
693 42 796
612 301 877
897 35 173
488 550 501
256 565 901
982 464 794
434 186 539
674 233 675
352 884 675
803 167 758
156 176 742
316 742 983
329 912 750
407 324 983
217 372 472
778 62 125
14 41 553
557 876 919
211 793 926
844 355 142
68 444 733
514 764 851
56 315 317
971 116 329
180 367 755
101 298 473
249 530 101
822 27 849
591 121 313
216 4 663
447 696 754
747 984 202
661 790 267
869 214 468
469 830 858
452 563 103
289 37 365
408 866 659
398 97 253
100 922 189
5 955 316
393 900 990
98 749 292
89 580 69
981 436 546
878 60 589
725 920 697
240 411 387
745 21 20
110 602 905
95 624 961
177 985 616
448 688 223
350 384 700
427 177 981
297 614 954
489 409 549
4 539 759
42 345 523
118 203 786
111 231 584
820 304 725
627 786 1
188 594 915
930 540 242
392 598 771
52 679 525
102 399 11
129 926 685
457 177 591
499 536 872
25 850 489
227 587 99
74 154 129
566 430 641
537 59 814
222 846 630
610 163 232
567 829 773
311 839 892
415 706 895
326 790 891
383 132 838
40 717 201
687 205 573
622 749 888
880 946 0
358 492 422
701 348 671
242 477 141
117 87 606
370 135 845
433 647 647
610 651 667
825 162 447
18 872 605
576 65 772
487 686 40
186 652 485
429 928 151
333 763 444
629 645 107
638 831 379
473 22 566
325 904 126
93 802 599
200 299 49
146 616 944
660 236 73
889 341 396
183 354 320
303 72 291
284 381 847
974 105 393
793 636 729
592 67 189
159 265 668
235 747 728
560 89 927
321 884 496
46 419 122
489 320 955
534 196 377
502 394 600
734 681 35
342 356 165
588 807 181
142 555 255
222 671 463
310 207 197
712 813 818
29 232 596
120 281 965
700 828 362
382 748 565
804 7 450
903 269 959
236 990 278
563 571 776
238 461 948
976 96 991
252 506 564
883 939 120
291 518 588
39 360 881
550 945 838
553 858 731
34 254 426
98 389 340
190 169 690
388 736 968
175 181 741
378 385 955
19 215 876
403 433 979
541 765 739
228 738 950
672 938 53
281 933 865
394 706 531
590 553 270
151 95 123
375 93 551
9 84 785
758 600 729
216 443 592
238 677 829
597 885 437
648 653 242
166 798 908
264 164 980
874 503 85
285 474 33
701 312 429
403 996 41
279 188 544
527 823 975
148 911 58
223 454 524
371 410 752
77 264 563
685 864 586
335 835 287
338 443 878
859 806 691
364 846 689
870 809 413
394 310 795
524 636 988
500 483 879
558 789 913
438 366 995
161 158 453
159 368 481
78 333 767
494 79 511
309 499 940
738 22 715
134 233 663
347 551 532
55 491 864
740 780 613
569 695 580
327 361 124
741 144 809
241 212 424
873 642 666
508 650 962
672 893 902
302 317 975
168 319 631
263 270 477
60 655 860
61 150 314
201 346 911
147 726 106
131 162 875
688 108 512
643 783 593
259 282 236
476 381 866
121 792 946
545 607 949
69 414 930
890 373 382
635 241 516
340 180 373
812 705 812
934 234 747
543 761 155
24 554 669
300 432 335
953 6 281
522 950 148
60 449 971
87 295 367
449 603 547
172 633 472
82 104 247
172 871 994
195 255 931
735 80 295
322 814 445
228 439 832
405 573 478
653 10 745
3 622 45
190 424 713
318 467 318
868 702 561
20 652 869
813 276 533
521 781 840
645 932 744
587 246 850
609 861 211
192 782 0
921 396 456
30 471 898
299 820 864
416 709 820
832 408 692
552 535 825
467 515 193
765 920 308
356 215 460
517 731 870
927 693 772
145 254 540
92 648 65
103 722 750
815 956 398
43 143 128
95 458 665
305 557 894
78 497 730
678 138 584
166 209 515
967 526 768
370 852 970
145 504 659
428 8 930
901 777 343
389 131 776
136 568 221
137 854 397
144 858 706
181 565 956
247 986 466
497 534 36
54 69 620
369 50 217
709 28 506
66 87 696
402 511 780
212 137 845
94 634 719
93 839 48
534 597 937
696 958 680
258 335 724
559 914 109
229 319 581
775 844 996
737 581 595
8 665 569
720 92 310
830 684 998
300 994 118
860 486 824
167 805 298
873 628 970
720 835 855
298 911 336
417 743 330
22 20 143
32 833 847
1 564 252
70 498 501
676 455 893
430 797 803
39 276 656
293 976 860
718 405 465
51 916 768
614 728 564
418 623 325
896 515 791
397 577 45
344 597 777
784 740 830
73 317 912
469 294 609
480 862 914
248 704 221
833 293 152
617 694 966
949 108 714
722 857 918
267 683 810
555 916 889
210 572 726
391 246 462
189 396 964
326 52 896
455 690 113
10 693 82
368 465 795
206 972 469
219 351 775
704 730 804
251 637 117
449 648 789
708 467 658
613 899 707
774 72 479
978 561 979
173 400 559
743 863 774
172 609 870
268 6 423
205 155 206
76 579 466
116 203 527
25 240 587
213 140 223
184 566 742
130 929 748
535 158 617
479 867 578
295 421 853
176 894 651
440 262 382
371 490 701
126 778 822
650 875 923
602 810 999
193 491 936
450 439 916
559 682 133
102 247 686
375 723 521
76 841 96
948 171 960
36 437 632
169 165 753
893 842 79
37 112 895
58 419 337
874 496 890
639 228 635
90 459 386
132 819 505
973 753 656
798 397 808
113 495 217
483 635 570
938 250 676
250 342 973
684 106 257
101 304 538
683 139 517
813 774 880
153 546 575
379 157 549
57 562 942
185 752 487
845 556 574
862 13 102
113 935 404
512 898 314
341 879 881
323 473 491
286 600 336
260 305 364
32 111 227
456 441 763
328 923 760
323 539 556
961 70 567
603 900 31
963 720 971
420 711 761
399 442 967
593 613 346
350 401 697
736 767 827
33 697 533
363 995 109
620 689 175
251 519 482
523 737 268
84 230 644
406 964 703
617 239 390
319 436 85
733 670 854
12 273 590
904 668 868
138 525 129
75 691 483
6 714 931
24 261 807
579 959 44
374 322 531
61 76 289
538 111 195
488 947 484
106 837 924
723 922 972
200 321 504
209 733 188
827 84 805
204 546 167
516 62 100
80 816 958
182 446 699
75 769 23
243 27 371
301 710 0
125 948 212
668 294 861
110 610 932
205 390 429
1 856 998
451 540 187
85 158 853
270 280 376
960 81 198
680 935 958
959 966 435
999 104 211
37 124 73
572 118 411
626 710 135
637 116 243
606 186 312
139 169 285
30 381 886
369 324 536
435 187 332
81 919 866
552 15 152
417 638 834
634 283 957
769 859 213
507 604 338
386 843 922
198 709 815
219 260 726
362 201 717
629 644 146
441 855 662
630 801 616
112 951 904
942 974 273
365 837 974
754 717 892
23 626 929
496 599 611
457 715 949
261 771 18
493 503 818
865 428 669
286 380 700
140 621 787
646 311 833
421 529 952
910 541 237
135 127 522
445 16 418
197 591 807
105 325 150
485 561 120
62 291 926
868 968 395
380 795 88
301 932 322
963 570 416
811 762 636
114 883 487
824 151 383
184 425 183
453 991 713
292 475 977
819 15 758
850 986 649
840 274 339
366 757 730
30 598 463
266 434 389
214 823 287
365 64 792
882 296 997
202 431 524
149 802 383
362 901 708
138 97 137
724 997 349
917 475 593
954 736 837
639 179 898
199 336 482
782 409 91
119 622 147
767 996 750
586 987 785
464 578 81
401 537 628
229 439 249
783 977 604
702 210 568
744 776 332
305 828 203
404 40 601
276 766 59
825 115 801
51 156 951
821 258 808
376 82 989
104 817 814
902 16 168
330 454 398
265 166 416
50 498 704
513 288 508
141 794 605
237 933 822
268 364 572
160 393 251
282 867 654
786 436 245
331 943 946
358 573 662
246 292 945
349 905 737
263 653 695
528 764 199
178 288 797
520 307 555
611 691 960
318 74 923
852 966 277
511 357 863
796 229 471
65 615 940
174 386 721
207 431 806
90 339 705
100 204 508
174 582 724
11 909 190
354 681 43
192 432 800
952 390 887
61 672 990
664 455 492
909 278 569
105 163 746
618 836 897
753 818 867
141 984 995
315 272 259
133 493 969
278 359 42
232 751 871
950 607 495
153 361 454
146 476 361
275 521 114
463 56 410
533 164 185
886 19 153
490 333 699
35 260 24
97 154 86
273 160 799
785 519 826
962 214 595
86 89 134
86 770 944
306 713 550
17 420 847
162 927 227
99 718 41
58 121 702
218 226 792
165 817 674
925 39 344
716 886 149
256 415 670
164 627 12
372 374 606
244 248 494
36 520 690
788 856 997
64 175 654
812 851 391
887 156 913
9 895 939
756 836 993
53 885 130
941 271 821
48 434 560
910 928 184
526 297 419
114 99 732
921 341 446
528 543 694
432 28 178
762 649 345
171 328 588
631 303 937
937 778 392
584 789 788
445 356 746
705 284 673
519 542 327
197 759 846
280 891 90
170 541 688
843 734 827
294 277 532
337 581 388
594 645 939
465 275 334
492 234 685
838 264 446
123 132 179
772 831 823
907 992 134
863 191 718
286 451 992
54 308 257
340 782 910
811 448 769
14 528 727
5 369 982
115 589 440
993 614 856
760 68 985
339 548 925
202 936 545
119 604 352
45 618 757
907 802 804
791 512 907
206 345 415
422 272 835
641 801 884
133 562 263
644 894 275
161 329 698
740 66 567
13 171 182
183 969 235
283 460 941
224 760 779
547 800 639
23 504 8
149 518 38
187 411 899
2 649 917
857 240 640
628 877 476
423 344 716
422 334 438
777 441 507
347 379 68
426 192 509
979 10 252
707 78 843
57 170 55
387 678 199
255 505 484
309 238 457
66 72 204
271 331 619
448 692 347
442 244 912
122 523 941
872 953 316
481 148 482
21 914 56
438 734 115
510 970 456
431 817 875
462 658 940
27 689 542
721 452 810
981 302 612
395 741 903
231 634 881
321 770 12
77 529 666
787 83 931
234 598 967
110 840 2
712 892 944
11 392 484
50 418 664
404 337 503
502 869 660
471 308 375
277 279 283
888 218 488
583 844 920
530 766 993
324 661 470
998 302 54
88 147 655
424 711 794
402 77 783
80 957 145
975 377 841
624 3 17
834 220 900
267 176 707
805 759 908
79 929 243
196 715 417
230 83 984
368 353 384
215 253 38
384 55 661
480 982 592
123 125 905
266 585 854
262 755 980
470 973 5
695 731 258
274 380 200
826 677 682
155 646 710
7 608 98
179 395 766
224 583 936
44 659 261
770 992 619
779 293 915
51 756 986
385 486 532
353 460 765
122 987 988
38 70 509
29 64 193
401 549 799
556 848 906
107 272 131
314 836 143
245 459 208
338 608 621
626 618 976
413 478 773
244 751 989
103 279 629
220 988 978
660 154 577
94 359 385
312 531 596
315 497 157
761 903 222
509 136 873
643 391 426
656 75 999
15 437 757
580 727 594
562 896 918
664 725 829
313 9 798
425 666 681
809 942 828
130 891 568
687 913 657
96 57 954
16 719 683
878 951 811
994 226 552
412 423 978
46 241 728
667 888 331
400 459 548
599 749 816
507 306 615
352 577 748
157 969 34
400 119 475
109 233 899
194 443 607
458 780 170
479 414 226
230 538 461
287 525 513
297 806 603
906 307 406
357 862 25
208 655 112
239 545 350
44 107 74
472 481 985
571 63 355
269 161 370
289 712 751
640 815 832
826 579 803
367 918 879
311 775 964
290 210 781
871 414 678
711 470 406
271 248 876
43 623 657
26 142 231
834 358 928
296 91 947
213 627 791
849 407 554
574 207 514
288 841 195
677 752 938
360 662 989
536 71 638
680 650 977
575 787 299
547 548 53
440 735 743
409 968 674
191 218 522
698 220 47
530 621 571
466 595 4
108 924 490
410 943 408
625 3 779
727 182 407
334 679 225
619 94 178
7 842 738
126 657 983
144 249 326
71 719 771
209 174 425
52 378 495
477 92 889
117 196 848
128 768 824
461 596 359
582 897 17
28 343 919
732 139 586
412 464 764
624 304 687
558 744 180
402 625 839
468 14 354
513 746 323
739 163 500
773 890 861
560 651 32
537 576 686
474 673 909
797 625 224
694 632 351
239 908 290
235 357 284
