7058
1000 182
1000 352
213 555
213 1000
213 1000
1 213
1000 1
1000 213
1 1000
791 1000
999 1
999 213
530 791
530 999
933 530
933 530
933 999
998 933
998 933
432 933
432 998
744 998
997 432
997 432
416 744
416 997
674 997
996 416
996 416
63 996
268 63
268 996
995 268
995 268
171 674
171 995
171 995
1 171
995 1
995 171
1 995
644 1
644 995
994 171
994 644
214 644
214 994
214 994
1 214
994 1
994 214
1 994
739 994
993 1
993 214
174 993
889 993
992 174
992 739
73 992
251 992
991 73
991 251
661 889
661 991
661 991
1 661
991 1
991 661
1 991
928 991
990 1
990 661
60 928
60 990
129 990
989 60
989 60
390 129
390 989
390 989
1 390
989 1
989 390
1 989
848 1
848 390
848 989
988 848
988 848
24 988
286 24
286 848
286 988
987 286
987 286
146 286
146 987
851 146
851 146
851 987
986 851
986 851
57 851
57 986
914 57
914 57
914 986
985 914
985 914
53 985
742 985
984 53
984 742
388 914
388 984
745 388
745 984
983 388
983 745
83 745
83 983
83 983
1 83
983 1
983 83
1 983
686 1
686 983
982 83
982 686
235 686
235 982
927 982
981 235
981 235
90 927
90 981
90 981
1 90
981 1
981 90
1 981
368 981
980 1
980 90
186 368
186 980
186 980
1 186
980 1
980 186
1 980
447 980
979 1
979 186
185 447
185 979
307 979
978 185
978 185
162 307
162 978
162 978
1 162
978 1
978 162
1 978
440 1
440 978
977 162
977 440
373 440
373 977
547 373
547 373
547 977
976 547
976 547
23 547
23 976
957 23
957 976
975 23
975 957
300 957
300 975
382 300
382 300
382 975
974 382
974 382
200 974
470 200
470 382
470 974
973 470
973 470
231 470
231 973
870 231
870 231
870 973
972 870
972 870
813 972
874 972
971 813
971 870
761 971
802 761
802 971
970 802
970 802
772 970
902 772
902 970
969 874
969 902
60 969
432 969
968 60
968 432
275 902
275 968
706 968
967 275
967 275
313 706
313 967
433 313
433 967
966 313
966 433
384 966
458 966
965 384
965 433
122 458
122 965
843 122
843 122
843 965
964 843
964 843
54 843
54 964
54 964
1 54
964 1
964 54
1 964
788 964
963 1
963 54
84 788
84 963
84 963
1 84
963 1
963 84
1 963
767 1
767 963
962 84
962 767
152 767
152 962
639 152
639 962
961 152
961 639
468 639
468 961
468 961
1 468
961 1
961 468
1 961
774 961
960 1
960 468
332 960
794 332
794 774
794 960
959 794
959 794
38 959
499 959
958 38
958 499
395 958
565 395
565 794
565 958
957 565
957 565
166 565
166 957
575 957
956 166
956 166
28 956
240 28
240 956
955 240
955 240
262 575
262 955
868 262
868 955
954 262
954 868
661 868
661 954
674 661
674 954
953 661
953 674
13 674
13 953
13 953
1 13
953 1
953 13
1 953
503 953
952 1
952 13
79 952
123 952
951 79
951 123
461 503
461 951
461 951
1 461
951 1
951 461
1 951
581 951
950 1
950 461
547 950
629 547
629 950
949 581
949 629
579 949
852 579
852 629
852 949
948 852
948 852
64 852
64 948
64 948
1 64
948 1
948 64
1 948
88 948
947 1
947 64
368 88
368 947
368 947
1 368
947 1
947 368
1 947
688 947
946 1
946 368
738 688
738 946
813 738
813 738
813 946
945 813
945 813
518 813
518 945
847 518
847 945
944 518
944 847
335 847
335 944
701 944
943 335
943 335
61 701
61 943
171 61
171 61
171 943
942 171
942 171
175 171
175 942
175 942
1 175
942 1
942 175
1 942
602 1
602 942
941 175
941 602
120 602
120 941
331 941
940 120
940 120
713 940
868 331
868 713
868 940
939 868
939 868
10 868
10 939
799 939
938 10
938 10
132 799
132 938
132 938
1 132
938 1
938 132
1 938
541 938
937 1
937 132
93 541
93 937
93 937
1 93
937 1
937 93
1 937
232 1
232 937
936 93
936 232
234 232
234 936
384 936
935 234
935 234
110 935
333 935
934 110
934 333
539 934
873 384
873 539
873 934
933 873
933 873
15 873
15 933
15 933
1 15
933 1
933 15
1 933
445 1
445 933
932 15
932 445
49 445
49 932
886 932
931 49
931 49
352 931
679 352
679 931
930 679
930 679
7 930
883 930
929 7
929 883
151 886
151 929
151 929
1 151
929 1
929 151
1 929
741 1
741 929
928 151
928 741
278 928
627 928
927 278
927 627
528 741
528 927
857 528
857 528
857 927
926 857
926 857
451 926
465 451
465 857
465 926
925 465
925 465
70 925
369 70
369 925
924 369
924 369
28 465
28 924
54 28
54 924
923 28
923 54
397 923
524 923
922 54
922 397
453 524
453 922
917 453
917 453
917 922
921 917
921 917
500 917
500 921
896 921
920 500
920 500
104 896
104 920
104 920
1 104
920 1
920 104
1 920
779 920
919 1
919 104
582 779
582 919
582 919
1 582
919 1
919 582
1 919
803 919
918 1
918 582
201 918
595 201
595 918
917 595
917 595
79 803
79 917
79 917
1 79
917 1
917 79
1 917
243 1
243 79
243 917
916 243
916 243
88 243
88 916
88 916
1 88
916 1
916 88
1 916
189 916
915 1
915 88
30 189
30 915
216 30
216 30
216 915
914 216
914 216
277 914
642 216
642 277
642 914
913 642
913 642
404 642
404 913
847 913
912 404
912 404
141 847
141 912
141 912
1 141
912 1
912 141
1 912
279 912
911 1
911 141
606 279
606 911
657 606
657 911
910 606
910 657
236 657
236 910
478 910
909 236
909 236
180 478
180 909
180 909
1 180
909 1
909 180
1 909
286 1
286 180
286 909
908 286
908 286
463 286
463 908
463 908
1 463
908 1
908 463
1 908
737 908
907 1
907 463
282 737
282 907
565 282
565 282
565 907
906 565
906 565
162 906
618 162
618 906
905 565
905 618
124 905
151 905
904 124
904 151
692 618
692 904
692 904
1 692
904 1
904 692
1 904
836 904
903 1
903 692
501 836
501 903
786 501
786 903
902 501
902 786
139 786
139 902
298 902
901 139
901 139
578 298
578 901
621 578
621 901
900 578
900 621
417 900
489 900
899 417
899 489
71 621
71 899
314 71
314 71
314 899
898 314
898 314
805 898
880 898
897 314
897 805
325 880
325 897
813 897
896 325
896 325
118 813
118 896
698 118
698 118
698 896
895 698
895 698
269 698
269 895
572 895
894 269
894 269
392 572
392 894
392 894
1 392
894 1
894 392
1 894
870 1
870 894
893 392
893 870
204 870
204 893
204 893
1 204
893 1
893 204
1 893
838 893
892 1
892 204
629 892
843 629
843 892
891 838
891 843
131 891
366 131
366 843
366 891
890 366
890 366
729 366
729 890
729 890
1 729
890 1
890 729
1 890
815 1
815 890
889 729
889 815
71 815
71 889
71 889
1 71
889 1
889 71
1 889
737 889
888 1
888 71
570 737
570 888
570 888
1 570
888 1
888 570
1 888
594 1
594 888
887 570
887 594
279 594
279 887
279 887
1 279
887 1
887 279
1 887
779 887
886 1
886 279
82 779
82 886
82 886
1 82
886 1
886 82
1 886
667 886
885 1
885 82
309 885
506 885
884 309
884 506
197 884
333 884
883 197
883 333
503 667
503 883
514 883
882 503
882 503
521 514
521 882
644 521
644 521
644 882
881 644
881 644
4 644
4 881
4 881
1 4
881 1
881 4
1 881
227 1
227 4
227 881
880 227
880 227
796 880
859 880
879 227
879 796
30 859
30 879
816 30
816 30
816 879
878 816
878 816
59 878
858 59
858 878
877 816
877 858
248 858
248 877
269 248
269 877
876 248
876 269
420 269
420 876
420 876
1 420
876 1
876 420
1 876
653 1
653 420
653 876
875 653
875 653
793 875
874 875
874 653
716 793
716 874
829 716
829 874
873 716
873 829
566 829
566 873
678 566
678 873
872 566
872 678
432 678
432 872
793 432
793 432
793 872
871 793
871 793
637 793
637 871
764 871
870 637
870 637
388 764
388 870
674 388
674 388
674 870
869 674
869 674
227 674
227 869
227 869
1 227
869 1
869 227
1 869
457 1
457 869
868 227
868 457
339 868
357 339
357 457
357 868
867 357
867 357
70 357
70 867
70 867
1 70
867 1
867 70
1 867
623 1
623 867
866 70
866 623
298 623
298 866
672 866
865 298
865 298
813 672
813 865
844 865
864 813
864 813
59 844
59 864
468 59
468 864
863 59
863 468
17 863
626 17
626 468
626 863
862 626
862 626
257 862
764 257
764 626
764 862
861 764
861 764
47 764
47 861
47 861
1 47
861 1
861 47
1 861
429 1
429 47
429 861
860 429
860 429
149 429
149 860
844 860
859 149
859 149
249 844
249 859
361 249
361 859
858 249
858 361
289 361
289 858
443 289
443 289
443 858
857 443
857 443
642 443
642 857
722 642
722 857
856 642
856 722
90 856
218 90
218 856
855 218
855 218
291 722
291 855
482 855
854 291
854 291
406 482
406 854
548 854
853 406
853 406
128 853
435 128
435 548
435 853
852 435
852 435
156 435
156 852
828 156
828 156
828 852
851 828
851 828
117 828
117 851
673 117
673 851
850 117
850 673
272 850
305 850
849 272
849 305
337 673
337 849
551 337
551 337
551 849
848 551
848 551
120 551
120 848
120 848
1 120
848 1
848 120
1 848
322 1
322 848
847 120
847 322
301 847
343 301
343 847
846 322
846 343
63 343
63 846
63 846
1 63
846 1
846 63
1 846
612 846
845 1
845 63
403 845
560 845
844 403
844 560
109 612
109 844
575 109
575 844
843 109
843 575
44 575
44 843
44 843
1 44
843 1
843 44
1 843
85 1
85 44
85 843
842 85
842 85
76 842
678 76
678 842
841 85
841 678
181 841
243 181
243 841
840 243
840 243
566 678
566 840
758 566
758 840
839 566
839 758
354 758
354 839
680 839
838 354
838 354
51 838
219 51
219 680
219 838
837 219
837 219
505 837
650 219
650 505
650 837
836 650
836 650
387 650
387 836
660 387
660 387
660 836
835 660
835 660
163 835
687 163
687 660
687 835
834 687
834 687
10 834
226 10
226 687
226 834
833 226
833 226
145 226
145 833
145 833
1 145
833 1
833 145
1 833
558 1
558 145
558 833
832 558
832 558
324 558
324 832
762 324
762 832
831 324
831 762
601 831
794 601
794 831
830 762
830 794
276 794
276 830
276 830
1 276
830 1
830 276
1 830
390 830
829 1
829 276
215 390
215 829
215 829
1 215
829 1
829 215
1 829
546 1
546 829
828 215
828 546
602 546
602 828
602 828
1 602
828 1
828 602
1 828
674 1
674 828
827 602
827 674
611 827
793 611
793 827
826 674
826 793
140 793
140 826
140 826
1 140
826 1
826 140
1 826
150 826
825 1
825 140
92 150
92 825
92 825
1 92
825 1
825 92
1 825
682 825
824 1
824 92
123 682
123 824
554 123
554 824
823 123
823 554
42 554
42 823
42 823
1 42
823 1
823 42
1 823
438 823
822 1
822 42
630 438
630 822
683 630
683 822
821 630
821 683
64 683
64 821
93 64
93 821
820 64
820 93
287 93
287 820
287 820
1 287
820 1
820 287
1 820
761 820
819 1
819 287
30 761
30 819
30 819
1 30
819 1
819 30
1 819
144 1
144 819
818 30
818 144
234 818
361 818
817 144
817 234
191 361
191 817
282 191
282 817
816 191
816 282
251 282
251 816
360 251
360 251
360 816
815 360
815 360
278 815
519 278
519 815
814 360
814 519
148 519
148 814
148 814
1 148
814 1
814 148
1 814
771 1
771 814
813 148
813 771
529 771
529 813
529 813
1 529
813 1
813 529
1 813
679 1
679 813
812 529
812 679
389 679
389 812
389 812
1 389
812 1
812 389
1 812
789 1
789 812
811 389
811 789
37 789
37 811
292 37
292 37
292 811
810 292
810 292
223 810
336 223
336 810
809 292
809 336
59 336
59 809
59 809
1 59
809 1
809 59
1 809
143 809
808 1
808 59
501 143
501 808
501 808
1 501
808 1
808 501
1 808
657 1
657 808
807 501
807 657
406 657
406 807
450 807
806 406
806 406
250 806
452 806
805 250
805 450
88 452
88 805
88 805
1 88
805 1
805 88
1 805
417 805
804 1
804 88
295 417
295 804
295 804
1 295
804 1
804 295
1 804
360 804
803 1
803 295
378 360
378 803
425 803
802 378
802 378
183 802
784 183
784 425
784 802
801 784
801 784
57 801
456 801
800 57
800 456
214 784
214 800
214 800
1 214
800 1
800 214
1 800
407 1
407 800
799 214
799 407
92 407
92 799
434 92
434 799
798 92
798 434
66 434
66 798
66 798
1 66
798 1
798 66
1 798
226 1
226 66
226 798
797 226
797 226
561 797
576 226
576 797
796 561
796 576
631 576
631 796
631 796
1 631
796 1
796 631
1 796
725 796
795 1
795 631
553 795
594 553
594 725
594 795
794 594
794 594
202 594
202 794
355 202
355 202
355 794
793 355
793 355
122 793
651 122
651 793
792 355
792 651
243 651
243 792
580 243
580 792
791 243
791 580
162 791
206 162
206 580
206 791
790 206
790 206
43 206
43 790
43 790
1 43
790 1
790 43
1 790
504 1
504 790
789 43
789 504
297 504
297 789
297 789
1 297
789 1
789 297
1 789
426 1
426 789
788 297
788 426
132 788
288 132
288 426
288 788
787 288
787 288
587 288
587 787
741 787
786 587
786 587
475 786
699 475
699 741
699 786
785 699
785 699
51 699
51 785
170 785
784 51
784 51
41 784
725 41
725 170
725 784
783 725
783 725
70 725
70 783
70 783
1 70
783 1
783 70
1 783
444 1
444 70
444 783
782 444
782 444
214 444
214 782
214 782
1 214
782 1
782 214
1 782
423 782
781 1
781 214
444 423
444 781
444 781
1 444
781 1
781 444
1 781
766 1
766 444
766 781
780 766
780 766
342 780
424 780
779 342
779 424
397 779
640 397
640 766
640 779
778 640
778 640
127 778
630 127
630 640
630 778
777 630
777 630
47 630
47 777
47 777
1 47
777 1
777 47
1 777
684 1
684 777
776 47
776 684
432 776
513 776
775 432
775 513
122 684
122 775
736 775
774 122
774 122
64 774
652 64
652 774
773 652
773 652
136 736
136 773
136 773
1 136
773 1
773 136
1 773
298 1
298 773
772 136
772 298
112 298
112 772
112 772
1 112
772 1
772 112
1 772
331 772
771 1
771 112
404 331
404 771
615 404
615 404
615 771
770 615
770 615
244 770
322 244
322 615
322 770
769 322
769 322
44 322
44 769
44 769
1 44
769 1
769 44
1 769
386 1
386 44
386 769
768 386
768 386
509 386
509 768
509 768
1 509
768 1
768 509
1 768
600 1
600 509
600 768
767 600
767 600
352 767
454 352
454 767
766 454
766 454
139 600
139 766
624 139
624 766
765 139
765 624
192 765
363 765
764 192
764 363
211 624
211 764
211 764
1 211
764 1
764 211
1 764
261 764
763 1
763 211
178 763
241 763
762 178
762 241
183 261
183 762
618 762
761 183
761 183
289 761
419 761
760 289
760 419
136 760
159 136
159 760
759 159
759 159
219 618
219 759
484 759
758 219
758 219
428 484
428 758
557 428
557 758
757 428
757 557
501 757
583 501
583 757
756 557
756 583
59 756
465 59
465 583
465 756
755 465
755 465
18 755
563 18
563 755
754 465
754 563
225 754
607 225
607 563
607 754
753 607
753 607
526 607
526 753
713 526
713 753
752 526
752 713
136 713
136 752
136 752
1 136
752 1
752 136
1 752
323 1
323 752
751 136
751 323
338 751
606 323
606 338
606 751
750 606
750 606
372 750
435 750
749 372
749 435
394 749
748 749
748 394
26 748
306 748
747 26
747 306
206 606
206 747
479 206
479 747
746 206
746 479
12 479
12 746
404 746
745 12
745 12
327 404
327 745
689 327
689 745
744 327
744 689
298 689
298 744
673 298
673 298
673 744
743 673
743 673
62 743
353 62
353 673
353 743
742 353
742 353
616 353
616 742
616 742
1 616
742 1
742 616
1 742
705 742
741 1
741 616
31 705
31 741
31 741
1 31
741 1
741 31
1 741
374 1
374 741
740 31
740 374
604 374
604 740
604 740
1 604
740 1
740 604
1 740
615 1
615 604
615 740
739 615
739 615
33 615
33 739
33 739
1 33
739 1
739 33
1 739
393 739
738 1
738 33
30 393
30 738
355 738
737 30
737 30
13 355
13 737
13 737
1 13
737 1
737 13
1 737
253 737
736 1
736 13
88 253
88 736
269 88
269 736
735 88
735 269
259 269
259 735
259 735
1 259
735 1
735 259
1 735
618 1
618 735
734 259
734 618
227 734
690 734
733 227
733 618
323 690
323 733
323 733
1 323
733 1
733 323
1 733
616 1
616 323
616 733
732 616
732 616
628 616
628 732
644 628
644 732
731 628
731 644
27 644
27 731
606 27
606 27
606 731
730 606
730 606
385 730
480 385
480 606
480 730
729 480
729 480
57 480
57 729
452 57
452 57
452 729
728 452
728 452
48 728
110 48
110 728
727 110
727 110
266 452
266 727
707 266
707 727
726 266
726 707
19 726
100 19
100 707
100 726
725 100
725 100
176 100
176 725
176 725
1 176
725 1
725 176
1 725
707 1
707 725
724 176
724 707
20 707
20 724
630 20
630 20
630 724
723 630
723 630
221 723
481 221
481 723
722 481
722 481
28 630
28 722
678 28
678 722
721 28
721 678
273 721
484 273
484 678
484 721
720 484
720 484
168 720
353 168
353 720
719 353
719 353
190 484
190 719
312 190
312 719
718 190
718 312
146 312
146 718
257 718
717 146
717 146
17 257
17 717
17 717
1 17
717 1
717 17
1 717
104 717
716 1
716 17
711 716
715 104
715 711
715 716
1 715
449 1
449 715
449 715
1 449
715 1
715 449
1 715
632 715
714 1
714 449
303 714
435 303
435 632
435 714
713 435
713 435
216 713
269 713
712 216
712 269
533 435
533 712
591 712
711 533
711 533
134 591
134 711
633 134
633 711
710 134
710 633
98 633
98 710
220 710
709 98
709 98
275 220
275 709
469 275
469 709
708 275
708 469
170 708
574 708
707 170
707 469
347 707
523 707
706 347
706 523
224 706
625 706
705 224
705 574
183 705
288 183
288 625
288 705
704 288
704 288
183 704
203 183
203 288
203 704
703 203
703 203
275 703
499 203
499 275
499 703
702 499
702 499
252 702
329 252
329 702
701 329
701 329
4 701
173 701
700 4
700 173
233 700
693 233
693 700
699 499
699 693
104 693
104 699
215 104
215 699
698 104
698 215
420 215
420 698
420 698
1 420
698 1
698 420
1 698
686 1
686 698
697 420
697 686
447 697
662 447
662 686
662 697
696 662
696 662
221 696
489 221
489 696
695 489
695 489
71 695
454 695
694 71
694 454
209 662
209 694
608 209
608 209
608 694
693 608
693 608
416 608
416 693
660 693
692 416
692 416
229 660
229 692
649 229
649 692
691 229
691 649
309 649
309 691
309 691
1 309
691 1
691 309
1 691
541 1
541 309
541 691
690 541
690 541
90 541
90 690
603 690
689 90
689 90
352 603
352 689
352 689
1 352
689 1
689 352
1 689
450 689
688 1
688 352
390 450
390 688
390 688
1 390
688 1
688 390
1 688
580 688
687 1
687 390
183 687
432 183
432 687
686 432
686 432
440 580
440 686
682 440
682 440
682 686
685 682
685 682
135 682
135 685
135 685
1 135
685 1
685 135
1 685
550 685
684 1
684 135
465 550
465 684
465 684
1 465
684 1
684 465
1 684
487 1
487 465
487 684
683 487
683 487
225 487
225 683
388 683
682 225
682 225
303 388
303 682
303 682
1 303
682 1
682 303
1 682
480 1
480 303
480 682
681 480
681 480
192 480
192 681
365 681
680 192
680 192
57 365
57 680
57 680
1 57
680 1
680 57
1 680
96 680
679 1
679 57
390 96
390 679
481 390
481 679
678 390
678 481
87 678
375 87
375 678
677 375
677 375
344 677
344 481
344 677
676 344
676 344
201 676
224 676
675 201
675 224
58 675
606 58
606 675
674 344
674 606
555 606
555 674
570 555
570 674
673 555
673 570
136 570
136 673
136 673
1 136
673 1
673 136
1 673
552 1
552 673
672 136
672 552
307 552
307 672
307 672
1 307
672 1
672 307
1 672
501 1
501 672
671 307
671 501
52 671
634 671
670 52
670 501
350 634
350 670
438 350
438 670
669 350
669 438
183 438
183 669
183 669
1 183
669 1
669 183
1 669
629 1
629 669
668 183
668 629
13 629
13 668
13 668
1 13
668 1
668 13
1 668
243 1
243 13
243 668
667 243
667 243
155 667
158 155
158 667
666 158
666 158
72 243
72 666
315 72
315 666
665 72
665 315
51 315
51 665
51 665
1 51
665 1
665 51
1 665
269 665
664 1
664 51
456 269
456 664
456 664
1 456
664 1
664 456
1 664
527 664
663 1
663 456
55 527
55 663
374 663
662 55
662 55
158 662
443 158
443 374
443 662
661 443
661 443
351 443
351 661
428 351
428 661
660 351
660 428
292 428
292 660
292 660
1 292
660 1
660 292
1 660
543 660
659 1
659 292
76 543
76 659
212 76
212 659
658 76
658 212
46 212
46 658
46 658
1 46
658 1
658 46
1 658
410 658
657 1
657 46
62 410
62 657
62 657
1 62
657 1
657 62
1 657
304 657
656 1
656 62
334 304
334 656
567 334
567 656
655 334
655 567
18 655
32 18
32 655
654 32
654 32
29 654
390 29
390 567
390 654
653 390
653 390
37 390
37 653
37 653
1 37
653 1
653 37
1 653
435 1
435 37
435 653
652 435
652 435
190 435
190 652
190 652
1 190
652 1
652 190
1 652
358 652
651 1
651 190
347 358
347 651
417 347
417 651
650 347
650 417
463 650
591 417
591 463
591 650
649 591
649 591
370 591
370 649
370 649
1 370
649 1
649 370
1 649
510 1
510 649
648 370
648 510
349 648
551 349
551 648
647 510
647 551
28 647
345 28
345 647
646 345
646 345
83 551
83 646
83 646
1 83
646 1
646 83
1 646
360 1
360 83
360 646
645 360
645 360
192 645
398 192
398 360
398 645
644 398
644 398
359 644
473 359
473 398
473 644
643 473
643 473
101 473
101 643
546 101
546 643
642 101
642 546
358 546
358 642
358 642
1 358
642 1
642 358
1 642
578 1
578 358
578 642
641 578
641 578
290 641
522 290
522 641
640 522
640 522
318 578
318 640
318 640
1 318
640 1
640 318
1 640
530 640
639 1
639 318
352 530
352 639
604 639
638 352
638 352
117 604
117 638
428 638
637 117
637 117
332 637
486 332
486 428
486 637
636 486
636 486
82 486
82 636
82 636
1 82
636 1
636 82
1 636
541 1
541 82
541 636
635 541
635 541
89 635
92 635
634 89
634 92
90 541
90 634
90 634
1 90
634 1
634 90
1 634
396 634
633 1
633 90
372 396
372 633
535 372
535 372
535 633
632 535
632 535
351 632
586 351
586 535
586 632
631 586
631 586
501 586
501 631
626 501
626 501
626 631
630 626
630 626
84 630
103 84
103 626
103 630
629 103
629 103
48 103
48 629
48 629
1 48
629 1
629 48
1 629
434 629
628 1
628 48
423 628
592 423
592 434
592 628
627 592
627 592
129 592
129 627
449 627
626 129
626 129
226 449
226 626
226 626
1 226
626 1
626 226
1 626
450 1
450 626
625 226
625 450
354 450
354 625
354 625
1 354
625 1
625 354
1 625
574 1
574 354
574 625
624 574
624 574
35 624
287 35
287 624
623 287
623 287
66 623
348 623
622 66
622 348
89 622
167 89
167 622
621 167
621 167
167 574
167 621
488 167
488 621
620 167
620 488
138 620
586 620
619 138
619 488
132 619
150 619
618 132
618 150
31 618
462 31
462 586
462 618
617 462
617 462
235 462
235 617
405 617
616 235
616 235
28 405
28 616
28 616
1 28
616 1
616 28
1 616
158 1
158 616
615 28
615 158
173 158
173 615
454 615
614 173
614 173
342 614
517 342
517 454
517 614
613 517
613 517
97 517
97 613
555 97
555 97
555 613
612 555
612 555
357 555
357 612
509 612
611 357
611 357
345 509
345 611
345 611
1 345
611 1
611 345
1 611
534 611
610 1
610 345
111 534
111 610
550 111
550 610
609 111
609 550
10 550
10 609
10 609
1 10
609 1
609 10
1 609
194 609
608 1
608 10
47 194
47 608
47 608
1 47
608 1
608 47
1 608
294 1
294 47
294 608
607 294
607 294
11 294
11 607
11 607
1 11
607 1
607 11
1 607
299 1
299 11
299 607
606 299
606 299
245 606
441 245
441 606
605 299
605 441
30 441
30 605
187 30
187 605
604 30
604 187
88 187
88 604
462 604
603 88
603 88
15 462
15 603
466 15
466 603
602 15
602 466
376 466
376 602
586 376
586 376
586 602
601 586
601 586
294 601
461 294
461 601
600 461
600 461
503 600
595 503
595 600
599 586
599 595
33 595
33 599
254 599
598 33
598 33
31 254
31 598
31 598
1 31
598 1
598 31
1 598
91 1
91 598
597 31
597 91
384 597
538 91
538 597
596 384
596 538
165 538
165 596
165 596
1 165
596 1
596 165
1 596
389 596
595 1
595 165
354 389
354 595
354 595
1 354
595 1
595 354
1 595
485 1
485 595
594 354
594 485
131 485
131 594
234 131
234 131
234 594
593 234
593 234
65 234
65 593
126 593
592 65
592 65
496 592
542 126
542 496
542 592
591 542
591 542
312 542
312 591
312 591
1 312
591 1
591 312
1 591
379 1
379 591
590 312
590 379
462 590
483 379
483 590
589 462
589 483
27 483
27 589
172 589
588 27
588 27
295 588
512 172
512 588
587 295
587 512
197 512
197 587
197 587
1 197
587 1
587 197
1 587
354 1
354 587
586 197
586 354
3 586
505 3
505 586
585 354
585 505
297 585
445 297
445 505
445 585
584 445
584 445
25 584
564 584
583 25
583 445
303 564
303 583
303 583
1 303
583 1
583 303
1 583
440 583
582 1
582 303
45 440
45 582
480 45
480 582
581 45
581 480
529 480
529 581
529 581
1 529
581 1
581 529
1 581
553 1
553 581
580 529
580 553
156 580
392 156
392 580
579 392
579 392
101 579
410 101
410 553
410 579
578 410
578 410
108 578
485 578
577 108
577 410
473 485
473 577
473 577
1 473
577 1
577 473
1 577
564 1
564 577
576 473
576 564
21 564
21 576
21 576
1 21
576 1
576 21
1 576
215 1
215 21
215 576
575 215
575 215
387 215
387 575
387 575
1 387
575 1
575 387
1 575
435 1
435 387
435 575
574 435
574 435
225 435
225 574
439 225
439 225
439 574
573 439
573 439
216 439
216 573
497 216
497 573
572 216
572 497
181 572
452 181
452 497
452 572
571 452
571 452
322 571
447 322
447 571
570 447
570 447
236 452
236 570
236 570
1 236
570 1
570 236
1 570
418 1
418 570
569 236
569 418
437 418
437 569
456 437
456 437
456 569
568 456
568 456
132 456
132 568
483 132
483 132
483 568
567 483
567 483
318 483
318 567
318 567
1 318
567 1
567 318
1 567
472 567
566 1
566 318
15 472
15 566
15 566
1 15
566 1
566 15
1 566
539 1
539 566
565 15
565 539
220 539
220 565
530 565
564 220
564 220
206 530
206 564
344 206
344 206
344 564
563 344
563 344
256 563
307 256
307 563
562 307
562 307
267 562
531 562
561 267
561 344
80 561
386 80
386 561
560 386
560 386
155 560
413 155
413 531
413 560
559 413
559 413
180 413
180 559
457 180
457 180
457 559
558 457
558 457
278 558
374 278
374 457
374 558
557 374
557 374
76 374
76 557
534 76
534 557
556 76
556 534
76 534
76 556
501 556
555 76
555 76
107 555
382 107
382 501
382 555
554 382
554 382
218 382
218 554
452 218
452 218
452 554
553 452
553 452
435 452
435 553
435 553
1 435
553 1
553 435
1 553
536 1
536 435
536 553
552 536
552 536
206 536
206 552
206 552
1 206
552 1
552 206
1 552
378 1
378 552
551 206
551 378
132 378
132 551
448 551
550 132
550 132
29 448
29 550
321 550
549 29
549 29
452 549
480 549
548 321
548 452
290 548
351 290
351 548
547 351
547 351
91 480
91 547
161 547
546 91
546 91
202 161
202 546
202 546
1 202
546 1
546 202
1 546
357 1
357 202
357 546
545 357
545 357
94 545
477 94
477 545
544 357
544 477
311 544
495 311
495 544
543 477
543 495
85 543
99 85
99 495
99 543
542 99
542 99
226 542
467 99
467 542
541 226
541 467
71 467
71 541
520 71
520 71
520 541
540 520
540 520
50 520
50 540
497 540
539 50
539 50
349 539
458 349
458 539
538 458
538 458
134 538
326 134
326 497
326 538
537 326
537 326
328 326
328 537
437 537
536 328
536 328
176 437
176 536
176 536
1 176
536 1
536 176
1 536
372 536
535 1
535 176
115 535
223 115
223 372
223 535
534 223
534 223
200 223
200 534
312 534
533 200
533 200
17 533
110 17
110 533
532 110
532 110
116 532
373 532
531 116
531 312
306 373
306 531
360 531
530 306
530 306
432 360
432 530
432 530
1 432
530 1
530 432
1 530
464 530
529 1
529 432
138 464
138 529
181 138
181 529
528 138
528 181
259 181
259 528
452 528
527 259
527 259
154 527
183 154
183 527
526 183
526 183
72 526
447 72
447 452
447 526
525 447
525 447
189 525
509 189
509 447
509 525
524 509
524 509
28 524
84 28
84 524
523 84
523 84
67 509
67 523
343 523
522 67
522 67
246 343
246 522
486 246
486 522
521 246
521 486
149 486
149 521
149 521
1 149
521 1
521 149
1 521
306 521
520 1
520 149
21 520
255 520
519 21
519 255
66 306
66 519
163 66
163 519
518 66
518 163
14 518
312 14
312 518
517 163
517 312
149 517
338 149
338 312
338 517
516 338
516 338
7 516
332 7
332 516
515 332
515 332
82 338
82 515
463 82
463 82
463 515
514 463
514 463
73 514
508 73
508 463
508 514
513 508
513 508
52 508
52 513
373 513
512 52
512 52
101 512
127 512
511 101
511 127
61 373
61 511
412 61
412 61
412 511
510 412
510 412
90 510
505 90
505 510
509 412
509 505
397 505
397 509
397 509
1 397
509 1
509 397
1 509
475 1
475 397
475 509
508 475
508 475
151 475
151 508
421 151
421 151
421 508
507 421
507 421
72 507
205 72
205 507
506 205
506 205
91 421
91 506
444 91
444 506
505 91
505 444
245 505
491 245
491 444
491 505
504 491
504 491
20 491
20 504
49 504
503 20
503 20
30 49
30 503
391 503
502 30
502 30
259 391
259 502
266 259
266 502
501 259
501 266
296 266
296 501
296 501
1 296
501 1
501 296
1 501
429 1
429 501
500 296
500 429
198 500
253 500
499 198
499 253
185 429
185 499
444 499
498 185
498 185
135 444
135 498
135 498
1 135
498 1
498 135
1 498
347 1
347 135
347 498
497 347
497 347
180 347
180 497
180 497
1 180
497 1
497 180
1 497
321 497
496 1
496 180
121 321
121 496
121 496
1 121
496 1
496 121
1 496
349 496
495 1
495 121
213 349
213 495
213 495
1 213
495 1
495 213
1 495
403 1
403 495
494 213
494 403
81 403
81 494
81 494
1 81
494 1
494 81
1 494
493 1
493 494
240 81
240 493
253 240
253 493
492 240
492 253
206 253
206 492
206 492
1 206
492 1
492 206
1 492
285 1
285 492
491 206
491 285
71 491
450 71
450 285
450 491
490 450
490 450
15 490
265 15
265 490
489 265
489 265
112 450
112 489
112 489
1 112
489 1
489 112
1 489
213 489
488 1
488 112
178 213
178 488
266 178
266 488
487 178
487 266
16 266
16 487
422 16
422 487
486 16
486 422
434 486
477 422
477 486
485 434
485 477
267 477
267 485
267 485
1 267
485 1
485 267
1 485
329 1
329 485
484 267
484 329
112 329
112 484
270 484
483 112
483 112
293 483
458 483
482 270
482 293
304 458
304 482
415 482
481 304
481 304
245 415
245 481
439 245
439 481
480 245
480 439
37 439
37 480
123 480
479 37
479 37
223 123
223 479
309 223
309 223
309 479
478 309
478 309
223 309
223 478
458 223
458 223
458 478
477 458
477 458
15 458
15 477
15 477
1 15
477 1
477 15
1 477
258 1
258 15
258 477
476 258
476 258
163 258
163 476
163 476
1 163
476 1
476 163
1 476
297 1
297 163
297 476
475 297
475 297
37 297
37 475
241 37
241 475
474 37
474 241
77 241
77 474
470 474
473 77
473 77
417 470
417 473
422 417
422 417
422 473
472 422
472 422
145 422
145 472
266 472
471 145
471 145
203 471
303 203
303 471
470 266
470 303
252 303
252 470
293 252
293 252
293 470
469 293
469 293
123 293
123 469
275 123
275 123
275 469
468 275
468 275
329 275
329 468
419 329
419 329
419 468
467 419
467 419
62 419
62 467
62 467
1 62
467 1
467 62
1 467
106 1
106 467
466 62
466 106
298 106
298 466
331 298
331 466
465 298
465 331
50 331
50 465
50 465
1 50
465 1
465 50
1 465
373 465
464 1
464 50
53 373
53 464
53 464
1 53
464 1
464 53
1 464
358 1
358 464
463 53
463 358
84 463
142 463
462 84
462 142
77 358
77 462
178 77
178 77
178 462
461 178
461 178
31 178
31 461
347 31
347 31
347 461
460 347
460 347
49 347
49 460
167 49
167 49
167 460
459 167
459 167
119 167
119 459
218 459
458 119
458 119
8 458
277 458
457 8
457 218
127 277
127 457
127 457
1 127
457 1
457 127
1 457
213 1
213 457
456 127
456 213
117 456
427 117
427 213
427 456
455 427
455 427
333 427
333 455
333 455
1 333
455 1
455 333
1 455
335 1
335 333
335 455
454 335
454 335
152 454
452 152
452 335
452 454
453 452
453 452
22 452
22 453
22 453
1 22
453 1
453 22
1 453
48 1
48 22
48 453
452 48
452 48
279 452
298 452
451 48
451 279
88 298
88 451
185 451
450 88
450 88
19 185
19 450
32 19
32 450
449 19
449 32
35 32
35 449
382 35
382 449
448 35
448 382
330 382
330 448
332 330
332 330
332 448
447 332
447 332
235 447
247 235
247 332
247 447
446 247
446 247
387 247
387 446
430 387
430 446
445 387
445 430
31 430
31 445
367 31
367 31
367 445
444 367
444 367
231 367
231 444
231 444
1 231
444 1
444 231
1 444
247 1
247 231
247 444
443 247
443 247
95 247
95 443
117 95
117 95
117 443
442 117
442 117
341 117
341 442
406 442
441 341
441 341
415 406
415 441
416 441
440 415
440 415
23 440
177 23
177 416
177 440
439 177
439 177
74 177
74 439
268 74
268 74
268 439
438 268
438 268
221 438
227 438
437 221
437 227
22 268
22 437
22 437
1 22
437 1
437 22
1 437
378 1
378 437
436 22
436 378
201 436
372 436
435 201
435 372
62 435
133 435
434 62
434 133
3 378
3 434
109 434
433 3
433 3
384 433
410 109
410 384
410 433
432 410
432 410
179 432
310 179
310 410
310 432
431 310
431 310
61 431
132 61
132 310
132 431
430 132
430 132
21 132
21 430
21 430
1 21
430 1
430 21
1 430
368 430
429 1
429 21
128 368
128 429
128 429
1 128
429 1
429 128
1 429
386 1
386 429
428 128
428 386
130 386
130 428
130 428
1 130
428 1
428 130
1 428
214 1
214 130
214 428
427 214
427 214
282 214
282 427
282 427
1 282
427 1
427 282
1 427
362 427
426 1
426 282
34 426
87 34
87 426
425 87
425 87
221 425
315 425
424 221
424 315
88 424
381 424
423 88
423 362
54 381
54 423
54 423
1 54
423 1
423 54
1 423
416 1
416 423
422 54
422 416
232 416
232 422
232 422
1 232
422 1
422 232
1 422
250 422
421 1
421 232
59 421
156 59
156 421
420 156
420 156
3 420
400 420
419 3
419 250
152 419
214 419
418 152
418 214
310 400
310 418
390 310
390 418
417 310
417 390
240 390
240 417
240 417
1 240
417 1
417 240
1 417
293 1
293 240
293 417
416 293
416 293
69 293
69 416
69 416
1 69
416 1
416 69
1 416
170 1
170 416
415 69
415 170
87 170
87 415
87 415
1 87
415 1
415 87
1 415
206 1
206 87
206 415
414 206
414 206
227 206
227 414
330 227
330 414
413 227
413 330
104 413
195 104
195 330
195 413
412 195
412 195
286 195
286 412
286 412
1 286
412 1
412 286
1 412
380 1
380 412
411 286
411 380
199 380
199 411
252 411
410 199
410 199
171 252
171 410
171 410
1 171
410 1
410 171
1 410
225 1
225 410
409 171
409 225
121 225
121 409
270 409
408 121
408 121
335 270
335 408
335 408
1 335
408 1
408 335
1 408
402 1
402 335
402 408
407 402
407 402
302 402
302 407
302 407
1 302
407 1
407 302
1 407
314 1
314 302
314 407
406 314
406 314
29 314
29 406
105 29
105 406
405 29
405 105
308 405
318 105
318 308
318 405
404 318
404 318
68 318
68 404
327 68
327 68
327 404
403 327
403 327
70 327
70 403
70 403
1 70
403 1
403 70
1 403
130 1
130 403
402 70
402 130
281 402
332 130
332 402
401 281
401 332
43 332
43 401
43 401
1 43
401 1
401 43
1 401
377 1
377 401
400 43
400 377
256 400
391 400
399 256
399 377
151 391
151 399
151 399
1 151
399 1
399 151
1 399
171 1
171 399
398 151
398 171
114 171
114 398
210 114
210 114
210 398
397 210
397 210
101 210
101 397
148 397
396 101
396 101
19 148
19 396
100 19
100 19
100 396
395 100
395 100
126 100
126 395
136 126
136 126
136 395
394 136
394 136
218 136
218 394
218 394
1 218
394 1
394 218
1 394
385 1
385 394
393 218
393 385
15 393
201 15
201 385
201 393
392 201
392 201
92 201
92 392
106 92
106 392
391 92
391 106
223 106
223 391
223 391
1 223
391 1
391 223
1 391
301 1
301 391
390 223
390 301
91 301
91 390
386 91
386 91
386 390
389 386
389 386
95 386
95 389
95 389
1 95
389 1
389 95
1 389
224 389
388 1
388 95
132 224
132 388
356 132
356 388
387 132
387 356
106 356
106 387
106 387
1 106
387 1
387 106
1 387
150 387
386 1
386 106
208 150
208 386
316 208
316 386
385 208
385 316
325 385
371 316
371 385
384 325
384 371
223 371
223 384
258 223
258 384
383 223
383 258
130 383
222 383
382 130
382 222
45 258
45 382
324 45
324 45
324 382
381 324
381 324
106 324
106 381
134 106
134 381
380 106
380 134
52 134
52 380
52 380
1 52
380 1
380 52
1 380
302 380
379 1
379 52
244 302
244 379
257 379
378 244
378 244
176 378
185 378
377 176
377 185
55 257
55 377
55 377
1 55
377 1
377 55
1 377
165 377
376 1
376 55
272 376
364 165
364 272
364 376
375 364
375 364
93 364
93 375
93 375
1 93
375 1
375 93
1 375
187 1
187 93
187 375
374 187
374 187
148 187
148 374
313 148
313 148
313 374
373 313
373 313
265 313
265 373
265 373
1 265
373 1
373 265
1 373
292 373
372 1
372 265
66 372
336 66
336 372
371 292
371 336
46 371
290 46
290 336
290 371
370 290
370 290
215 290
215 370
271 215
271 215
271 370
369 271
369 271
146 271
146 369
146 369
1 146
369 1
369 146
1 369
257 1
257 369
368 146
368 257
236 257
236 368
259 368
367 236
367 236
116 259
116 367
116 367
1 116
367 1
367 116
1 367
295 1
295 116
295 367
366 295
366 295
166 295
166 366
334 366
365 166
365 166
186 365
335 365
364 186
364 334
103 364
169 103
169 335
169 364
363 169
363 169
310 363
353 363
362 169
362 310
216 353
216 362
241 362
361 216
361 216
221 241
221 361
323 221
323 361
360 221
360 323
122 323
122 360
122 360
1 122
360 1
360 122
1 360
191 1
191 360
359 122
359 191
32 191
32 359
304 32
304 359
358 32
358 304
18 304
18 358
353 18
353 18
353 358
357 353
357 353
39 353
39 357
327 357
356 39
356 39
46 327
46 356
46 356
1 46
356 1
356 46
1 356
173 1
173 356
355 46
355 173
123 173
123 355
314 355
354 123
354 123
34 314
34 354
34 354
1 34
354 1
354 34
1 354
40 1
40 354
353 34
353 40
50 40
50 353
165 50
165 50
165 353
352 165
352 165
263 165
263 352
341 263
341 352
351 263
351 341
214 341
214 351
273 351
350 214
350 214
168 273
168 350
347 168
347 168
347 350
349 347
349 347
197 347
197 349
329 197
329 349
348 197
348 329
28 329
28 348
28 348
1 28
348 1
348 28
1 348
94 348
347 1
347 28
119 94
119 347
291 119
291 347
346 119
346 291
134 291
134 346
148 134
148 134
148 346
345 148
345 148
155 148
155 345
155 345
1 155
345 1
345 155
1 345
341 345
344 1
344 155
39 341
39 344
124 39
124 39
124 344
343 124
343 124
66 124
66 343
245 66
245 66
245 343
342 245
342 245
99 245
99 342
99 342
1 99
342 1
342 99
1 342
122 1
122 99
122 342
341 122
341 122
264 122
264 341
328 341
340 264
340 264
4 328
4 340
197 4
197 340
339 4
339 197
128 339
252 128
252 197
252 339
338 252
338 252
1 252
1 338
1 338
2 1
338 2
338 1
2 338
3 1
3 2
3 338
337 3
337 3
18 3
18 337
18 337
1 18
337 1
337 18
1 337
112 1
112 337
336 18
336 112
100 336
262 336
335 100
335 112
72 335
97 72
97 335
334 97
334 97
1 334
117 1
117 262
117 334
333 117
333 117
70 333
331 333
332 70
332 117
198 332
260 198
260 332
331 260
186 260
186 331
324 331
330 186
330 186
141 324
141 330
308 141
308 141
308 330
329 308
329 308
84 308
84 329
84 329
1 84
329 1
329 84
1 329
299 329
328 1
328 84
131 299
131 328
145 131
145 131
145 328
327 145
327 145
166 145
166 327
166 327
1 166
327 1
327 166
1 327
310 1
310 327
326 166
326 310
45 310
45 326
115 326
325 45
325 45
94 115
94 325
94 325
1 94
325 1
325 94
1 325
226 325
324 1
324 94
250 324
275 324
323 226
323 250
17 275
17 323
231 17
231 17
231 323
322 231
322 231
19 231
19 322
19 322
1 19
322 1
322 19
1 322
311 322
321 1
321 19
7 321
253 7
253 321
320 253
320 253
51 311
51 320
312 51
312 51
312 320
319 312
319 312
44 319
291 319
318 44
318 291
101 318
278 101
278 312
278 318
317 278
317 278
32 278
32 317
39 317
316 32
316 32
57 39
57 316
57 316
1 57
316 1
316 57
1 316
288 1
288 316
315 57
315 288
56 288
56 315
56 315
1 56
315 1
315 56
1 315
118 1
118 315
314 56
314 118
110 118
110 314
110 314
1 110
314 1
314 110
1 314
180 1
180 110
180 314
313 180
313 180
109 313
113 313
312 109
312 113
151 180
151 312
151 312
1 151
312 1
312 151
1 312
160 1
160 151
160 312
311 160
311 160
124 160
124 311
301 311
310 124
310 124
74 301
74 310
74 310
1 74
310 1
310 74
1 310
287 1
287 310
309 74
309 287
264 309
268 264
268 309
308 268
308 268
45 308
75 45
75 308
307 75
307 75
68 287
68 307
68 307
1 68
307 1
307 68
1 307
98 1
98 307
306 68
306 98
12 98
12 306
149 306
305 12
305 12
63 305
173 63
173 305
304 149
304 173
99 173
99 304
253 99
253 99
253 304
303 253
303 253
8 253
8 303
8 303
1 8
303 1
303 8
1 303
13 1
13 303
302 8
302 13
225 13
225 302
225 302
1 225
302 1
302 225
1 302
283 1
283 302
301 225
301 283
19 301
57 19
57 301
300 57
300 57
235 300
299 235
299 300
92 299
141 92
141 283
141 299
298 141
298 141
233 298
281 298
297 141
297 233
142 281
142 297
142 297
1 142
297 1
297 142
1 297
157 297
296 1
296 142
20 157
20 296
270 296
295 20
295 20
2 270
2 295
291 2
291 2
291 295
294 291
294 291
165 291
165 294
218 294
293 165
293 165
195 218
195 293
197 195
197 195
197 293
292 197
292 197
69 197
69 292
69 292
1 69
292 1
292 69
1 292
123 1
123 69
123 292
291 123
291 123
1 123
1 291
152 1
152 291
290 1
290 152
56 152
56 290
187 290
289 56
289 56
38 187
38 289
38 289
1 38
289 1
289 38
1 289
212 1
212 38
212 289
288 212
288 212
11 288
203 11
203 288
287 203
287 203
131 212
131 287
190 131
190 287
286 131
286 190
48 190
48 286
59 48
59 286
285 48
285 59
174 285
212 59
212 174
212 285
284 212
284 212
214 284
274 284
283 212
283 214
192 274
192 283
255 192
255 192
255 283
282 255
282 255
93 255
93 282
93 282
1 93
282 1
282 93
1 282
208 282
281 1
281 93
83 208
83 281
83 281
1 83
281 1
281 83
1 281
160 1
160 83
160 281
280 160
280 160
36 280
177 36
177 280
279 160
279 177
35 177
35 279
82 279
278 35
278 35
154 278
182 82
182 278
277 154
277 182
124 182
124 277
164 277
276 124
276 124
28 276
51 276
275 28
275 51
102 164
102 275
102 275
1 102
275 1
275 102
1 275
158 1
158 275
274 102
274 158
224 274
243 158
243 224
243 274
273 243
273 243
144 243
144 273
253 144
253 144
253 273
272 253
272 253
41 253
41 272
167 41
167 41
167 272
271 167
271 167
177 167
177 271
261 177
261 271
270 177
270 261
70 270
250 70
250 261
250 270
269 250
269 250
63 269
184 63
184 250
184 269
268 184
268 184
130 184
130 268
130 268
1 130
268 1
268 130
1 268
171 1
171 268
267 130
267 171
88 171
88 267
88 267
1 88
267 1
267 88
1 267
93 1
93 88
93 267
266 93
266 93
124 266
211 266
265 93
265 124
56 211
56 265
238 56
238 265
264 56
264 238
145 264
222 264
263 145
263 222
136 238
136 263
170 263
262 136
262 136
59 170
59 262
235 59
235 59
235 262
261 235
261 235
125 235
125 261
125 261
1 125
261 1
261 125
1 261
234 261
260 1
260 125
29 234
29 260
127 29
127 29
127 260
259 127
259 127
107 127
107 259
107 259
1 107
259 1
259 107
1 259
243 259
258 1
258 107
193 243
193 258
225 258
257 193
257 193
83 225
83 257
83 257
1 83
257 1
257 83
1 257
104 257
256 1
256 83
190 104
190 256
190 256
1 190
256 1
256 190
1 256
215 1
215 190
215 256
255 215
255 215
41 215
41 255
108 41
108 41
108 255
254 108
254 108
166 254
228 108
228 254
253 166
253 228
40 228
40 253
40 253
1 40
253 1
253 40
1 253
79 253
252 1
252 40
51 79
51 252
51 252
1 51
252 1
252 51
1 252
186 252
251 1
251 51
132 251
215 132
215 186
215 251
250 215
250 215
149 250
223 149
223 250
249 215
249 223
72 223
72 249
72 249
1 72
249 1
249 72
1 249
240 249
248 1
248 72
14 240
14 248
128 14
128 14
128 248
247 128
247 128
97 247
114 97
114 128
114 247
246 114
246 114
28 114
28 246
28 246
1 28
246 1
246 28
1 246
159 1
159 246
245 28
245 159
119 159
119 245
119 245
1 119
245 1
245 119
1 245
184 245
244 1
244 119
17 244
138 17
138 184
138 244
243 138
243 138
30 138
30 243
193 30
193 30
193 243
242 193
242 193
83 242
90 83
90 242
241 90
241 90
146 193
146 241
213 146
213 146
213 241
240 213
240 213
35 240
59 240
239 35
239 59
148 213
148 239
148 239
1 148
239 1
239 148
1 239
207 239
238 1
238 148
44 238
221 44
221 238
237 207
237 221
118 221
118 237
213 237
236 118
236 118
61 213
61 236
150 236
235 61
235 61
170 150
170 235
188 170
188 170
188 235
234 188
234 188
14 188
14 234
96 234
233 14
233 14
72 96
72 233
204 72
204 233
232 72
232 204
188 232
220 188
220 232
231 204
231 220
61 220
61 231
61 231
1 61
231 1
231 61
1 231
216 1
216 231
230 61
230 216
82 216
82 230
82 230
1 82
230 1
230 82
1 230
99 230
229 1
229 82
135 99
135 229
135 229
1 135
229 1
229 135
1 229
211 1
211 135
211 229
228 211
228 211
56 211
56 228
111 228
227 56
227 56
52 227
141 52
141 227
226 111
226 141
122 141
122 226
201 226
225 122
225 122
9 201
9 225
9 225
1 9
225 1
225 9
1 225
12 1
12 225
224 9
224 12
70 12
70 224
70 224
1 70
224 1
224 70
1 224
172 1
172 70
172 224
223 172
223 172
65 172
65 223
65 223
1 65
223 1
223 65
1 223
124 1
124 223
222 65
222 124
26 222
35 222
221 26
221 35
43 124
43 221
145 43
145 221
220 43
220 145
88 220
187 88
187 220
219 145
219 187
33 219
171 33
171 219
218 171
218 171
80 218
165 80
165 187
165 218
217 165
217 165
89 217
152 89
152 165
152 217
216 152
216 152
6 216
35 216
215 6
215 35
36 152
36 215
36 215
1 36
215 1
215 36
1 215
58 1
58 36
58 215
214 58
214 58
32 58
32 214
32 214
1 32
214 1
214 32
1 214
186 1
186 32
186 214
213 186
213 186
9 213
140 9
140 213
212 140
212 140
72 186
72 212
140 72
140 72
140 212
211 140
211 140
54 140
54 211
54 211
1 54
211 1
211 54
1 211
75 1
75 211
210 54
210 75
136 210
152 210
209 75
209 136
33 209
82 33
82 209
208 82
208 82
152 208
152 208
1 152
208 1
208 152
1 208
177 1
177 152
177 208
207 177
207 177
45 207
136 45
136 177
136 207
206 136
206 136
75 136
75 206
75 206
1 75
206 1
206 75
1 206
85 206
205 1
205 75
22 205
162 22
162 85
162 205
204 162
204 162
27 162
27 204
27 204
1 27
204 1
204 27
1 204
85 204
203 1
203 27
38 203
158 38
158 203
202 85
202 158
46 202
109 46
109 158
109 202
201 109
201 109
23 109
23 201
198 23
198 23
198 201
200 198
200 198
16 198
16 200
136 200
199 16
199 16
53 199
57 53
57 136
57 199
198 57
198 57
43 57
43 198
43 198
1 43
198 1
198 43
1 198
139 1
139 43
139 198
197 139
197 139
16 139
16 197
16 197
1 16
197 1
197 16
1 197
34 1
34 16
34 197
196 34
196 34
8 34
8 196
8 196
1 8
196 1
196 8
1 196
18 196
195 1
195 8
8 195
144 195
194 8
194 18
102 144
102 194
132 102
132 102
132 194
193 132
193 132
68 132
68 193
68 193
1 68
193 1
193 68
1 193
94 1
94 68
94 193
192 94
192 94
11 94
11 192
74 11
74 192
191 11
191 74
73 74
73 191
178 191
190 73
190 73
45 178
45 190
57 190
189 45
189 45
140 189
173 57
173 140
173 189
188 173
188 173
166 173
166 188
186 166
186 166
186 188
187 186
187 186
31 186
31 187
134 31
134 31
134 187
186 134
186 134
23 134
23 186
128 186
185 23
185 23
74 128
74 185
74 185
1 74
185 1
185 74
1 185
141 185
184 1
184 74
36 141
36 184
117 36
117 36
117 184
183 117
183 117
40 117
40 183
135 40
135 183
182 40
182 135
23 182
42 23
42 182
181 42
181 42
112 181
159 112
159 181
180 135
180 159
98 180
98 159
98 180
179 98
179 98
119 179
138 98
138 119
138 179
178 138
178 138
124 138
124 178
124 178
1 124
178 1
178 124
1 178
176 1
176 124
176 178
177 176
177 176
127 176
127 177
127 177
1 127
177 1
177 127
1 177
151 1
151 177
176 127
176 151
96 151
96 176
96 176
1 96
176 1
176 96
1 176
169 1
169 176
175 96
175 169
81 169
81 175
81 175
1 81
175 1
175 81
1 175
113 1
113 175
174 81
174 113
56 174
59 56
59 113
59 174
173 59
173 59
56 173
87 56
87 59
87 173
172 87
172 87
75 87
75 172
75 172
1 75
172 1
172 75
1 172
123 172
171 1
171 75
35 123
35 171
35 171
1 35
171 1
171 35
1 171
122 1
122 35
122 171
170 122
170 122
55 170
106 170
169 55
169 106
22 122
22 169
22 169
1 22
169 1
169 22
1 169
101 1
101 22
101 169
168 101
168 101
3 168
54 168
167 3
167 54
53 101
53 167
53 167
1 53
167 1
167 53
1 167
95 1
95 53
95 167
166 95
166 95
96 95
96 166
154 96
154 96
154 166
165 154
165 154
6 165
126 165
164 6
164 126
93 164
103 164
163 93
163 103
109 154
109 163
109 163
1 109
163 1
163 109
1 163
116 163
162 1
162 109
96 162
159 162
161 96
161 116
22 161
91 161
160 22
160 91
15 160
84 160
159 15
15 159
40 15
40 84
40 159
158 40
158 40
114 158
139 40
139 114
139 158
157 139
157 139
96 157
102 157
156 96
156 102
96 139
96 156
121 96
121 96
121 156
155 121
155 121
69 121
69 155
106 69
106 155
154 69
154 106
78 106
78 154
113 78
113 78
113 154
153 113
153 113
31 113
31 153
125 31
125 153
152 31
152 125
15 125
15 152
23 15
23 15
23 152
151 23
151 23
56 23
56 151
139 56
139 151
150 56
150 139
49 139
49 150
49 150
1 49
150 1
150 49
1 150
81 1
81 150
149 49
149 81
74 81
74 149
81 74
81 74
81 149
148 81
148 81
37 148
56 37
56 148
147 56
147 56
50 147
139 50
139 147
146 81
146 139
62 139
62 146
134 146
145 62
145 62
59 134
59 145
98 59
98 145
144 59
144 98
63 98
63 144
84 63
84 63
84 144
143 84
143 84
101 84
101 143
101 143
1 101
143 1
143 101
1 143
130 1
130 143
142 101
142 130
9 130
9 142
9 142
1 9
142 1
142 9
1 142
76 142
141 1
141 9
8 76
8 141
115 141
140 8
140 8
88 115
88 140
124 88
124 88
124 140
139 124
139 124
66 139
128 66
128 124
128 139
138 128
138 128
11 128
11 138
60 11
60 11
60 138
137 60
137 60
55 60
55 137
101 55
101 55
101 137
136 101
136 101
38 136
108 38
108 136
135 101
135 108
14 135
60 14
60 108
60 135
134 60
134 60
5 134
49 134
133 5
133 49
11 60
11 133
110 133
132 11
132 11
80 132
92 80
92 110
92 132
131 92
131 92
9 92
9 131
130 131
130 9
7 130
23 7
23 9
23 130
129 23
129 23
71 129
112 129
128 23
128 71
33 112
33 128
116 33
116 33
116 128
127 116
127 116
85 116
85 127
115 85
115 85
115 127
126 115
126 115
9 115
9 126
9 126
1 9
126 1
126 9
1 126
21 1
21 126
125 9
125 21
70 125
111 21
111 125
124 70
124 111
16 111
16 124
103 124
123 16
123 16
32 103
32 123
32 123
1 32
123 1
123 32
1 123
71 123
122 1
122 32
25 71
25 122
32 122
121 25
121 25
113 32
113 121
113 121
1 113
121 1
121 113
1 121
119 1
119 121
120 113
120 119
23 120
75 23
75 120
119 75
15 119
59 119
118 15
118 59
30 75
30 118
30 118
1 30
118 1
118 30
1 118
63 118
117 1
117 30
43 63
43 117
43 117
1 43
117 1
117 43
1 117
55 117
116 1
116 43
106 55
106 116
106 116
1 106
116 1
116 106
1 116
111 1
111 106
111 116
115 111
115 111
10 111
10 115
10 115
1 10
115 1
115 10
1 115
88 1
88 10
88 115
114 88
114 88
28 114
45 114
113 28
113 45
76 88
76 113
76 113
1 76
113 1
113 76
1 113
106 1
106 113
112 76
112 106
95 112
95 112
111 95
111 95
22 111
39 111
110 22
110 39
60 106
60 110
60 110
1 60
110 1
110 60
1 110
87 110
109 1
109 60
49 87
49 109
49 109
1 49
109 1
109 49
1 109
96 109
108 1
108 49
50 96
50 108
50 108
1 50
108 1
108 50
1 108
107 1
107 108
59 107
102 107
106 50
106 59
27 102
27 106
27 106
1 27
106 1
106 27
1 106
60 1
60 106
105 27
105 60
68 60
68 105
75 68
75 105
104 68
104 75
3 104
74 104
103 3
103 74
36 75
36 103
36 103
1 36
103 1
103 36
1 103
88 1
88 103
102 36
102 88
39 102
74 39
74 88
74 102
101 74
101 74
11 101
91 11
91 101
100 74
100 91
3 91
3 100
91 3
91 100
99 3
99 91
50 91
50 99
96 50
96 50
96 99
98 96
98 96
22 96
22 98
22 98
1 22
98 1
98 22
1 98
30 1
30 22
30 98
97 30
97 30
7 97
46 7
46 97
96 30
96 46
7 46
7 96
7 96
1 7
96 1
96 7
1 96
12 1
12 96
95 7
95 12
54 95
72 95
94 12
94 54
10 94
84 94
93 10
93 72
44 84
44 93
57 44
57 44
57 93
92 57
92 57
4 57
4 92
4 92
1 4
92 1
92 4
1 92
22 92
91 1
91 4
31 22
31 91
31 91
1 31
91 1
91 31
1 91
81 91
90 1
90 31
20 81
20 90
20 90
1 20
90 1
90 20
1 90
30 90
89 1
89 20
73 30
73 89
86 73
86 73
86 89
88 86
88 86
1 86
1 88
1 88
2 1
88 2
88 1
2 88
50 1
50 88
87 2
87 50
8 87
16 8
16 50
16 87
86 16
86 16
56 16
56 86
56 86
85 56
85 56
9 56
9 85
72 9
72 9
72 85
84 72
84 72
14 84
59 14
59 84
83 59
83 59
3 72
3 83
46 3
46 83
82 3
82 46
41 46
41 82
41 82
1 41
82 1
82 41
1 82
60 1
60 82
81 41
81 60
46 60
46 81
48 46
48 46
48 81
80 48
80 48
9 48
9 80
9 80
1 9
80 1
80 9
1 80
65 80
79 1
79 9
3 65
3 79
3 79
1 3
79 1
79 3
1 79
5 1
5 3
5 79
78 5
78 5
13 78
64 5
64 13
64 78
77 64
77 64
40 77
71 40
71 77
76 64
76 71
64 71
64 76
66 64
66 76
75 64
75 66
33 66
33 75
33 75
1 33
75 1
75 33
1 75
53 1
53 33
53 75
74 53
74 53
55 53
55 74
64 55
64 74
73 55
73 64
38 64
38 73
38 73
1 38
73 1
73 38
1 73
53 1
53 73
72 38
72 53
29 72
42 72
71 29
71 42
38 53
38 71
38 71
1 38
71 1
71 38
1 71
60 71
70 1
70 38
7 70
60 7
60 70
69 60
69 60
19 69
46 69
68 19
68 46
4 60
4 68
4 68
1 4
68 1
68 4
1 68
20 1
20 4
20 68
67 20
67 20
11 20
11 67
11 67
1 11
67 1
67 11
1 67
61 1
61 67
66 11
66 61
9 61
9 66
16 9
16 9
16 66
65 16
65 16
33 65
34 16
34 65
64 33
64 34
40 34
40 64
49 64
63 40
63 40
2 49
2 63
2 63
1 2
63 1
63 2
1 63
60 63
62 1
62 2
32 62
56 62
61 32
61 56
33 60
33 61
46 33
46 61
60 33
60 46
30 60
31 30
31 60
59 31
59 31
15 59
47 15
47 59
58 46
58 47
34 47
34 58
39 58
57 34
57 34
33 39
33 57
53 33
53 57
56 33
56 53
13 56
25 13
25 53
25 56
55 25
55 25
19 25
19 55
50 55
54 19
54 19
34 54
50 54
53 34
53 50
44 53
52 44
52 50
52 53
1 52
2 52
51 52
51 1
20 2
20 51
28 20
28 51
50 20
50 28
36 28
36 50
36 50
1 36
50 1
50 36
1 50
43 1
43 36
43 50
49 43
49 43
11 43
11 49
11 49
1 11
49 1
49 11
1 49
29 1
29 11
29 49
48 29
48 29
16 48
31 48
47 16
47 29
7 31
7 47
7 47
1 7
47 1
47 7
1 47
45 1
45 7
45 47
46 45
46 45
27 46
33 27
33 46
45 33
31 33
31 45
31 45
1 31
45 1
45 31
1 45
33 1
33 45
44 31
44 33
10 33
10 44
10 44
1 10
44 1
44 10
1 44
26 1
26 44
43 10
43 26
16 26
16 43
16 43
1 16
43 1
43 16
1 43
41 1
41 43
42 16
42 41
8 42
13 8
13 41
13 42
41 13
41 13
3 13
3 41
22 41
40 3
40 3
5 22
5 40
5 40
1 5
40 1
40 5
1 40
39 1
39 40
11 5
11 39
11 39
1 11
39 1
39 11
1 39
16 1
16 11
16 39
38 16
38 16
1 16
1 38
1 38
2 1
38 2
38 1
2 38
18 38
37 1
37 2
4 18
4 37
4 37
1 4
37 1
37 4
1 37
36 1
36 4
36 37
1 36
18 1
18 36
19 18
19 18
19 36
35 19
35 19
13 19
13 35
24 35
34 13
34 13
10 34
22 10
22 34
33 22
33 22
11 24
11 33
31 33
32 11
32 11
21 31
21 32
23 32
31 21
31 21
6 31
8 6
8 31
30 8
30 8
2 23
2 30
29 2
29 2
29 30
1 29
2 1
2 29
27 2
27 29
28 2
28 27
4 27
4 28
14 28
27 4
27 4
2 14
2 27
2 27
1 2
27 1
27 2
1 27
17 1
17 2
17 27
26 17
26 17
1 26
23 26
25 1
25 17
3 23
3 25
3 25
1 3
25 1
25 3
1 25
24 1
24 25
3 24
6 3
6 24
23 3
23 6
15 6
15 23
18 15
18 15
18 23
22 18
22 18
5 18
5 22
9 5
9 22
21 5
21 9
10 21
12 9
12 21
20 10
20 12
1 12
1 20
1 20
2 1
20 2
20 1
2 20
10 20
19 1
19 2
1 10
1 19
13 1
13 19
18 1
18 13
7 13
7 18
14 18
17 7
17 7
12 17
13 12
13 17
16 13
16 13
4 14
4 16
13 4
13 16
15 4
15 13
5 13
5 15
5 15
1 5
15 1
15 5
1 15
10 1
10 15
14 5
14 10
1 10
1 14
13 1
13 14
2 1
2 13
2 13
1 2
13 1
13 2
1 13
4 1
4 13
12 2
12 4
6 4
6 12
6 12
1 6
12 1
12 6
1 12
7 1
7 12
11 6
11 7
8 7
8 11
8 11
1 8
11 1
11 8
1 11
10 11
10 1
8 10
9 10
9 8
2 8
2 9
2 9
1 2
9 1
9 2
1 9
3 1
3 2
3 9
8 3
8 3
3 8
3 8
1 3
8 1
8 3
1 8
5 8
7 1
7 3
2 7
5 7
6 2
6 5
4 6
5 6
1 4
1 5
2 1
2 5
4 1
4 2
1 4
2 1
2 4
3 2
3 2
1 2
1 3
1 3
