998
403 274 880
335 442 110
700 907 503
970 826 929
512 194 326
82 646 366
35 509 601
637 226 451
204 285 474
81 176 639
501 536 967
806 495 671
681 799 306
921 142 219
874 145 454
910 410 903
507 210 359
362 790 258
592 579 625
542 336 838
255 515 372
153 114 452
532 660 478
819 942 954
324 265 572
982 745 642
406 476 486
488 764 46
365 297 731
140 848 29
245 991 582
68 815 753
198 468 447
894 719 936
910 938 373
701 847 647
608 885 953
117 813 908
657 642 782
207 906 947
354 506 557
292 10 780
947 537 955
963 226 719
300 547 596
320 793 359
920 707 807
159 294 702
69 689 140
165 73 950
306 163 495
75 690 952
751 956 958
661 580 759
23 235 52
556 751 851
110 257 65
461 853 509
588 684 145
691 527 541
267 647 776
636 379 922
703 41 60
11 76 925
839 975 437
801 481 470
221 422 594
312 650 895
557 276 946
458 610 182
882 150 197
477 559 841
254 380 237
180 278 170
916 188 234
481 510 589
524 555 675
290 348 103
259 959 19
386 129 721
47 370 398
186 197 251
173 490 626
164 593 729
625 350 883
430 237 746
837 209 665
842 221 591
708 503 193
349 186 288
784 351 777
200 844 309
620 14 343
663 133 396
501 508 259
890 623 303
578 173 791
4 165 393
521 570 134
402 600 748
113 168 682
980 114 793
813 305 831
421 700 997
541 462 625
125 269 301
142 615 924
798 483 949
527 177 397
498 335 571
56 48 448
217 219 61
426 731 324
6 218 997
825 81 520
483 618 506
183 342 454
255 216 202
467 641 328
727 232 433
645 403 598
459 130 513
7 373 800
504 693 765
462 351 414
274 134 612
156 729 827
880 346 877
203 744 881
935 96 66
390 927 844
10 566 144
551 671 960
643 905 837
952 58 823
330 373 2
223 229 334
506 539 864
193 143 951
945 488 311
236 245 394
252 525 603
492 804 931
32 95 90
673 939 622
4 102 365
2 912 797
393 168 986
329 750 856
431 433 978
609 668 88
198 417 850
509 566 522
484 186 567
68 92 40
18 287 190
688 760 892
340 31 151
419 745 223
649 458 718
785 272 312
139 590 954
478 34 70
620 753 810
424 889 988
247 956 65
68 107 833
52 631 38
67 783 973
143 788 188
408 839 855
451 876 456
150 111 268
201 599 607
609 809 967
385 372 374
650 126 825
577 133 418
170 267 477
296 42 85
353 316 894
934 894 733
446 716 53
45 49 116
206 994 905
182 155 937
229 241 672
275 704 785
107 109 998
149 236 525
449 476 902
750 796 806
150 474 979
414 882 904
605 370 617
191 688 913
387 433 870
394 613 428
811 218 762
822 561 770
539 505 901
924 367 579
25 872 601
455 818 924
958 207 961
3 13 627
881 370 810
544 631 695
239 897 235
125 178 890
811 779 821
75 137 524
526 676 569
619 843 389
602 813 856
205 867 936
253 782 869
308 600 115
558 659 205
185 195 585
353 419 697
599 283 432
901 220 840
438 214 287
240 712 992
212 547 737
292 971 530
886 892 271
758 700 722
410 555 123
435 730 408
546 980 685
517 615 775
404 516 476
480 922 251
237 496 553
539 227 843
549 932 669
155 579 734
125 200 981
425 859 460
586 851 398
164 629 814
44 530 562
210 135 486
610 950 616
8 248 300
836 385 516
258 269 655
93 484 969
726 563 644
24 90 184
410 72 624
914 868 252
203 236 493
39 296 780
29 482 983
42 864 560
251 789 846
640 97 160
321 232 940
87 717 724
366 724 327
244 445 412
60 528 716
875 112 206
379 652 53
70 898 466
157 887 923
338 969 538
76 571 118
11 781 459
756 852 804
364 573 473
580 91 385
126 256 582
451 154 941
175 30 256
571 767 923
133 777 375
397 174 756
463 739 435
697 779 345
138 102 686
400 802 944
361 328 211
588 877 523
623 83 872
584 883 439
814 35 691
127 943 670
543 866 62
802 103 480
558 54 482
392 728 964
136 382 827
685 648 971
285 4 264
119 199 490
140 469 611
146 170 395
989 44 541
984 137 489
521 423 726
818 344 393
865 295 361
307 338 3
219 375 394
98 689 910
211 118 828
371 82 487
445 228 805
222 914 988
250 423 36
725 310 739
425 427 577
41 756 518
633 715 662
444 331 519
5 661 578
313 738 356
32 281 517
350 496 829
532 329 162
401 472 138
878 28 991
817 949 47
622 79 302
959 325 933
194 306 736
670 27 988
705 769 12
526 621 206
678 178 818
602 590 858
491 565 921
73 85 639
325 837 801
192 254 120
513 998 653
587 224 479
351 407 952
5 970 668
753 117 350
189 70 112
167 383 934
870 469 603
927 464 376
123 736 494
898 765 431
856 243 313
864 460 911
291 247 250
166 33 965
682 21 867
258 341 215
654 832 641
418 450 997
241 84 613
596 871 499
493 419 47
91 885 263
515 899 570
601 296 514
556 763 800
49 459 661
612 800 45
962 612 684
3 680 475
357 499 938
172 72 279
93 124 420
778 427 298
363 833 869
57 777 497
505 511 637
272 626 773
184 830 595
403 912 197
713 805 64
845 909 809
96 25 143
201 562 622
487 591 477
511 735 914
301 117 752
619 835 220
66 317 489
531 801 646
819 13 610
482 701 968
552 572 533
343 683 261
810 289 488
100 667 673
122 311 766
933 46 165
554 487 576
808 429 943
232 480 730
567 746 353
229 147 781
189 499 945
141 692 979
280 318 604
941 138 156
508 535 632
48 455 713
43 611 320
500 121 155
142 577 591
51 835 23
113 491 603
416 199 772
174 282 244
429 607 412
653 79 491
794 949 774
280 899 745
330 104 844
734 284 762
17 18 139
108 215 703
470 942 891
208 993 56
103 630 512
71 135 74
685 561 678
698 369 976
361 283 739
548 397 559
299 377 80
695 623 636
204 340 486
720 973 260
381 468 391
803 481 873
77 119 183
536 430 868
545 637 743
40 96 778
651 279 185
213 717 291
188 376 337
874 179 439
593 322 775
828 493 706
184 717 976
708 62 502
760 177 835
33 406 584
262 388 160
850 648 225
99 159 449
831 407 709
374 965 382
322 357 51
183 452 948
751 887 987
405 764 852
472 589 294
786 809 247
721 115 301
89 519 940
448 674 181
659 608 820
67 684 644
323 561 861
987 742 989
126 634 599
169 352 789
485 567 497
372 943 696
196 485 738
378 763 951
632 925 57
534 94 790
569 573 618
425 264 770
175 841 402
293 315 314
692 519 262
22 15 574
356 568 404
973 879 975
720 699 875
710 964 682
641 490 647
538 768 358
447 29 902
683 77 161
228 996 754
362 514 725
578 871 994
268 382 701
679 840 863
784 240 754
872 450 895
478 250 355
733 655 440
618 418 852
86 278 400
888 928 551
857 196 512
257 263 384
779 276 364
12 354 405
121 163 330
9 442 773
376 960 727
614 57 200
877 17 415
858 523 16
654 885 975
611 365 535
704 926 998
776 238 663
742 483 542
814 120 628
968 961 912
668 560 747
59 930 817
360 9 21
402 465 614
17 913 918
983 108 932
455 854 651
413 807 927
239 847 974
43 148 845
174 584 61
137 181 909
377 803 811
390 441 649
495 689 785
916 257 318
15 151 396
332 549 564
107 239 926
884 7 710
37 307 445
16 769 793
114 860 268
516 908 89
387 616 878
712 986 939
442 917 736
657 543 597
460 987 23
20 432 444
26 371 741
91 406 916
76 537 540
358 479 411
80 374 525
766 838 876
158 820 630
693 504 711
217 965 367
352 732 889
545 816 889
713 198 876
915 415 547
220 242 605
595 360 416
265 266 662
185 241 457
54 118 388
369 287 573
105 678 830
179 498 769
583 377 380
207 157 472
416 857 58
97 162 360
190 273 428
524 542 468
969 740 39
275 608 692
652 532 854
429 807 605
88 554 54
59 639 822
242 246 888
356 286 799
976 900 928
821 795 865
699 995 964
470 322 980
116 266 364
134 285 848
650 358 884
63 367 39
339 593 702
443 782 204
359 421 205
46 437 893
897 866 0
873 456 606
714 902 535
298 310 677
632 67 879
328 977 652
345 944 156
333 830 129
624 540 690
436 288 741
514 917 278
304 452 340
723 812 192
461 849 620
187 808 710
423 474 379
164 191 596
342 896 130
866 12 796
656 865 586
676 508 897
656 529 723
624 267 907
86 409 530
215 75 281
182 634 667
401 780 147
436 517 827
94 523 792
413 457 938
904 10 414
696 953 794
787 552 996
161 568 686
320 673 995
98 309 908
283 955 485
667 228 73
391 7 898
546 20 859
88 679 742
755 797 845
314 760 819
553 131 675
564 761 888
36 774 991
522 907 816
42 383 565
146 522 581
887 178 587
181 248 336
128 421 122
53 50 640
315 378 937
104 737 431
958 728 409
129 520 223
443 657 945
616 941 693
790 132 292
277 528 537
347 778 461
226 849 6
399 475 911
862 161 559
279 791 230
162 319 823
131 11 347
796 218 664
687 722 36
298 748 747
467 816 832
697 443 658
450 529 587
64 119 273
84 643 875
772 546 857
711 440 737
363 583 763
467 703 699
101 158 463
151 407 291
890 453 853
115 540 705
227 8 767
15 127 420
66 905 659
152 974 254
828 784 839
503 344 381
646 568 707
565 212 963
384 409 128
677 325 381
901 808 915
457 500 862
900 666 883
269 492 556
253 439 471
581 711 208
62 824 438
994 101 850
201 434 932
497 227 996
375 870 833
355 380 698
14 327 387
829 52 312
74 794 993
252 662 558
629 37 362
332 788 972
836 92 592
422 787 948
284 543 628
441 413 993
286 453 13
963 60 82
264 597 977
277 831 928
192 698 826
249 189 899
331 627 99
28 466 708
979 314 315
925 597 706
598 293 687
202 861 562
345 892 277
216 705 144
502 948 966
65 276 392
631 27 748
395 752 613
851 41 674
651 863 985
299 446 585
300 681 55
120 533 249
629 762 873
334 346 102
797 626 363
951 225 230
169 110 694
415 536 732
238 274 334
804 592 789
171 464 545
112 727 942
284 213 266
2 726 669
61 444 395
152 321 966
132 202 847
259 124 645
473 199 867
918 24 420
141 619 917
335 424 906
79 986 63
55 262 806
9 501 534
921 308 575
783 71 400
271 526 788
71 574 575
978 108 743
209 316 740
337 454 681
176 735 554
891 6 217
146 436 802
230 630 733
1 594 305
224 224 842
135 549 691
37 166 195
744 304 404
479 886 83
139 846 465
569 95 815
270 93 209
621 466 0
773 233 167
895 190 304
396 426 734
352 141 570
903 475 679
528 825 446
144 826 749
43 290 757
94 245 984
915 333 607
795 16 982
248 655 723
740 971 563
128 417 282
78 225 640
820 369 798
391 167 552
389 858 355
124 154 533
305 98 862
339 672 795
707 180 498
324 645 984
738 158 955
502 59 309
714 829 86
553 930 849
972 323 768
383 665 853
666 721 989
494 560 767
764 939 824
471 614 527
246 113 297
83 654 848
179 242 982
834 638 974
297 880 87
408 606 656
484 104 940
308 213 995
437 879 688
881 463 836
686 40 244
195 824 834
50 992 428
757 695 295
316 815 531
859 968 633
55 95 729
38 338 786
922 384 715
464 670 255
265 494 962
771 846 286
572 28 750
136 936 913
317 709 805
775 926 920
749 411 231
957 606 718
132 327 187
799 758 861
318 792 680
116 635 855
81 231 677
240 348 424
716 990 453
31 947 959
64 731 933
575 715 860
458 621 696
747 19 180
934 441 683
212 706 342
159 69 434
34 585 550
302 671 946
405 635 51
919 87 321
168 663 891
100 422 357
149 510 834
221 821 78
333 903 511
770 307 749
505 855 302
148 582 636
841 238 882
261 263 548
295 303 920
109 919 638
465 944 44
967 153 289
644 672 417
469 638 33
642 990 399
550 812 868
874 919 970
270 435 521
130 176 313
48 203 665
234 896 931
366 187 768
160 741 430
326 648 18
544 935 14
649 977 643
574 586 551
529 854 22
604 758 106
282 344 904
368 471 860
77 310 957
294 496 755
72 675 687
563 817 343
90 884 609
759 635 32
576 548 0
781 50 152
985 191 222
56 24 341
581 121 438
145 323 329
149 256 515
392 504 89
69 214 787
893 752 216
74 398 660
211 783 761
954 961 272
25 34 583
5 172 766
26 520 111
923 929 8
368 106 354
427 634 937
694 193 957
243 896 978
432 449 233
658 293 462
30 966 840
728 771 714
412 63 210
166 260 983
981 290 720
743 99 956
598 757 371
776 871 317
147 724 935
863 101 566
386 92 153
84 399 401
105 759 555
909 326 1
97 791 175
627 35 303
336 448 744
27 518 931
434 319 746
832 960 246
289 518 214
946 172 725
669 950 962
761 208 234
440 426 576
111 341 595
735 822 972
617 194 386
664 869 513
45 249 38
148 349 658
628 604 712
911 507 990
617 798 299
531 580 812
311 754 163
1 273 653
58 80 709
136 510 918
21 500 666
337 109 602
492 557 30
243 378 792
78 893 157
123 105 732
19 456 550
261 633 755
564 838 231
544 615 674
981 22 390
177 878 985
730 196 388
489 803 339
106 288 275
680 331 929
270 389 280
20 538 349
690 590 368
154 131 127
319 930 953
222 411 886
719 704 100
346 171 348
718 347 772
171 85 660
281 774 906
507 694 271
594 786 169
473 589 447
49 233 122
534 332 676
722 588 600
260 173 771
702 26 842
235 664 823
31 992 900
765 843 253
