6879
999 598
999 780
124 999
350 124
350 999
998 350
998 350
158 900
158 998
849 158
849 158
849 998
997 849
997 849
55 849
55 997
209 997
996 55
996 55
48 996
594 996
995 48
995 209
435 995
926 435
926 995
994 594
994 926
229 994
667 229
667 994
993 667
993 667
477 926
477 993
477 993
1 477
993 1
993 477
1 993
759 993
992 1
992 477
184 759
184 992
366 184
366 184
366 992
991 366
991 366
274 991
753 274
753 366
753 991
990 753
990 753
67 990
771 67
771 990
989 753
989 771
17 771
17 989
17 989
1 17
989 1
989 17
1 989
955 1
955 989
988 17
988 955
322 955
322 988
622 988
987 322
987 322
745 622
745 987
745 987
1 745
987 1
987 745
1 987
985 1
985 987
986 745
986 985
160 986
841 986
985 160
128 841
128 985
738 128
738 985
984 128
984 738
34 738
34 984
44 984
983 34
983 34
313 44
313 983
313 983
1 313
983 1
983 313
1 983
902 983
982 1
982 313
664 902
664 982
941 664
941 982
981 664
981 941
277 941
277 981
799 277
799 981
980 277
980 799
52 799
52 980
606 980
979 52
979 52
550 606
550 979
550 979
1 550
979 1
979 550
1 979
637 1
637 979
978 550
978 637
779 637
779 978
779 978
1 779
978 1
978 779
1 978
880 1
880 779
880 978
977 880
977 880
369 880
369 977
844 977
976 369
976 369
891 976
917 844
917 976
975 891
975 917
303 975
388 975
974 303
974 388
231 917
231 974
400 974
973 231
973 231
109 400
109 973
450 109
450 973
972 109
972 450
240 972
927 240
927 450
927 972
971 927
971 927
208 927
208 971
208 971
1 208
971 1
971 208
1 971
887 1
887 208
887 971
970 887
970 887
538 970
642 538
642 887
642 970
969 642
969 642
393 969
870 393
870 642
870 969
968 870
968 870
79 968
853 79
853 968
967 853
967 853
230 967
349 230
349 870
349 967
966 349
966 349
795 349
795 966
795 966
1 795
966 1
966 795
1 966
864 966
965 1
965 795
351 864
351 965
920 351
920 351
920 965
964 920
964 920
143 920
143 964
143 964
1 143
964 1
964 143
1 964
695 1
695 964
963 143
963 695
444 963
766 444
766 695
766 963
962 766
962 766
355 766
355 962
523 962
961 355
961 355
296 523
296 961
296 961
1 296
961 1
961 296
1 961
837 1
837 296
837 961
960 837
960 837
135 837
135 960
574 960
959 135
959 135
771 574
771 959
771 959
1 771
959 1
959 771
1 959
936 959
958 1
958 771
140 958
396 140
396 958
957 396
957 396
389 936
389 957
389 957
1 389
957 1
957 389
1 957
828 957
956 1
956 389
195 956
950 195
950 828
950 956
955 950
955 950
352 955
661 955
954 352
954 661
519 954
712 954
953 519
953 712
530 950
530 953
868 530
868 530
868 953
952 868
952 868
184 868
184 952
184 952
1 184
952 1
952 184
1 952
367 952
951 1
951 184
666 951
849 367
849 951
950 666
950 849
233 849
233 950
233 950
1 233
950 1
950 233
1 950
625 1
625 950
949 233
949 625
385 625
385 949
767 385
767 949
948 385
948 767
173 767
173 948
915 948
947 173
947 173
500 947
675 500
675 947
946 675
946 675
887 946
911 946
945 887
945 911
238 945
748 945
944 238
944 748
69 944
858 944
943 69
943 858
394 915
394 943
874 943
942 394
942 394
357 874
357 942
669 942
941 357
941 357
700 669
700 941
856 941
940 700
940 700
331 856
331 940
730 331
730 940
939 331
939 730
20 730
20 939
648 939
938 20
938 20
206 938
720 206
720 938
937 648
937 720
260 720
260 937
575 260
575 260
575 937
936 575
936 575
381 575
381 936
532 936
935 381
935 381
570 532
570 935
570 935
1 570
935 1
935 570
1 935
853 935
934 1
934 570
359 853
359 934
673 359
673 359
673 934
933 673
933 673
80 673
80 933
80 933
1 80
933 1
933 80
1 933
195 933
932 1
932 80
496 932
733 195
733 932
931 496
931 733
402 733
402 931
624 931
930 402
930 402
61 930
517 61
517 624
517 930
929 517
929 517
121 929
724 121
724 517
724 929
928 724
928 724
440 928
764 928
927 440
927 724
465 764
465 927
732 927
926 465
926 465
354 732
354 926
354 926
1 354
926 1
926 354
1 926
774 1
774 926
925 354
925 774
264 925
416 925
924 264
924 416
295 774
295 924
653 295
653 924
923 295
923 653
278 653
278 923
920 278
920 278
920 923
922 920
922 920
519 922
670 922
921 519
921 670
222 921
550 222
550 921
920 550
105 550
105 920
125 105
125 105
125 920
919 125
919 125
741 919
771 125
771 919
918 741
918 771
316 771
316 918
373 316
373 918
917 316
917 373
277 917
893 277
893 373
893 917
916 893
916 893
269 916
279 916
915 269
915 279
55 915
551 55
551 893
551 915
914 551
914 551
320 551
320 914
320 914
1 320
914 1
914 320
1 914
343 1
343 320
343 914
913 343
913 343
203 343
203 913
203 913
1 203
913 1
913 203
1 913
382 1
382 913
912 203
912 382
24 912
162 912
911 24
911 162
286 911
310 286
310 382
310 911
910 310
910 310
427 910
706 310
706 427
706 910
909 706
909 706
349 706
349 909
597 909
908 349
908 349
49 597
49 908
49 908
1 49
908 1
908 49
1 908
856 1
856 908
907 49
907 856
295 856
295 907
295 907
1 295
907 1
907 295
1 907
729 907
906 1
906 295
190 729
190 906
190 906
1 190
906 1
906 190
1 906
863 1
863 190
863 906
905 863
905 863
15 863
15 905
59 905
904 15
904 15
646 904
697 59
697 646
697 904
903 697
903 697
111 697
111 903
111 903
1 111
903 1
903 111
1 903
425 903
902 1
902 111
195 902
231 195
231 902
901 231
901 231
272 425
272 901
733 901
900 272
900 272
173 733
173 900
398 900
899 173
899 173
54 899
381 899
898 54
898 381
144 898
252 144
252 898
897 252
897 252
251 398
251 897
793 897
896 251
896 251
253 793
253 896
371 253
371 896
895 253
895 371
48 371
48 895
461 895
894 48
894 48
438 461
438 894
438 894
1 438
894 1
894 438
1 894
491 1
491 894
893 438
893 491
247 491
247 893
247 893
1 247
893 1
893 247
1 893
682 1
682 893
892 247
892 682
415 682
415 892
794 892
891 415
891 415
405 891
661 891
890 405
890 661
619 794
619 890
671 619
671 890
889 619
889 671
483 889
763 483
763 889
888 671
888 763
160 763
160 888
160 888
1 160
888 1
888 160
1 888
534 888
887 1
887 160
840 887
846 534
846 887
886 840
886 846
5 886
575 5
575 886
885 575
885 575
452 885
720 885
884 452
884 720
6 884
263 6
263 846
263 884
883 263
883 263
75 883
675 75
675 883
882 263
882 675
111 675
111 882
408 111
408 111
408 882
881 408
881 408
122 408
122 881
615 881
880 122
880 122
4 880
491 4
491 880
879 491
879 491
15 615
15 879
15 879
1 15
879 1
879 15
1 879
445 1
445 15
445 879
878 445
878 445
857 878
870 445
870 857
870 878
877 870
877 870
26 877
39 26
39 877
876 39
876 39
300 870
300 876
347 300
347 876
875 300
875 347
398 875
467 875
874 347
874 398
11 874
175 874
873 11
873 175
524 467
524 873
777 873
872 524
872 524
189 777
189 872
695 189
695 872
871 189
871 695
306 695
306 871
827 871
870 306
870 306
570 870
661 570
661 827
661 870
869 661
869 661
72 869
480 72
480 869
868 480
868 480
168 868
831 168
831 661
831 868
867 831
867 831
201 831
201 867
376 201
376 201
376 867
866 376
866 376
200 866
479 866
865 200
865 376
605 479
605 865
605 865
1 605
865 1
865 605
1 865
790 1
790 865
864 605
864 790
67 790
67 864
67 864
1 67
864 1
864 67
1 864
88 1
88 864
863 67
863 88
149 88
149 863
149 863
1 149
863 1
863 149
1 863
324 1
324 863
862 149
862 324
128 862
395 128
395 324
395 862
861 395
861 395
101 395
101 861
148 101
148 861
860 101
860 148
491 860
524 860
859 148
859 491
460 524
460 859
460 859
1 460
859 1
859 460
1 859
507 859
858 1
858 460
328 858
831 328
831 507
831 858
857 831
857 831
163 831
163 857
343 163
343 857
856 163
856 343
48 343
48 856
48 856
1 48
856 1
856 48
1 856
454 1
454 856
855 48
855 454
226 454
226 855
226 855
1 226
855 1
855 226
1 855
689 1
689 855
854 226
854 689
182 689
182 854
182 854
1 182
854 1
854 182
1 854
346 854
853 1
853 182
521 853
668 853
852 346
852 521
70 668
70 852
70 852
1 70
852 1
852 70
1 852
160 1
160 852
851 70
851 160
483 851
760 851
850 160
850 483
380 850
672 380
672 760
672 850
849 672
849 672
438 672
438 849
438 849
1 438
849 1
849 438
1 849
837 849
848 1
848 438
183 837
183 848
265 848
847 183
847 183
225 265
225 847
225 847
1 225
847 1
847 225
1 847
497 1
497 847
846 225
846 497
10 497
10 846
10 846
1 10
846 1
846 10
1 846
115 1
115 846
845 10
845 115
590 115
590 845
590 845
1 590
845 1
845 590
1 845
759 845
844 1
844 590
405 759
405 844
536 844
843 405
843 405
13 536
13 843
585 843
842 13
842 13
657 585
657 842
751 657
751 657
751 842
841 751
841 751
48 751
48 841
125 48
125 48
125 841
840 125
840 125
376 125
376 840
376 840
1 376
840 1
840 376
1 840
787 840
839 1
839 376
446 839
672 446
672 787
672 839
838 672
838 672
388 672
388 838
402 388
402 838
837 388
837 402
455 837
672 402
672 837
836 455
836 672
25 836
392 25
392 836
835 392
835 392
371 835
416 835
834 371
834 416
25 672
25 834
566 25
566 25
566 834
833 566
833 566
348 566
348 833
745 348
745 833
832 348
832 745
62 832
235 62
235 832
831 235
831 235
172 831
599 172
599 831
830 599
830 599
735 830
758 735
758 745
758 830
829 758
829 758
241 758
241 829
779 241
779 241
779 829
828 779
828 779
181 779
181 828
765 181
765 828
827 181
827 765
517 765
517 827
788 827
826 517
826 517
231 826
650 231
650 826
825 650
825 650
220 788
220 825
320 220
320 220
320 825
824 320
824 320
284 824
631 824
823 284
823 320
129 823
207 129
207 631
207 823
822 207
822 207
65 822
597 65
597 822
821 207
821 597
218 597
218 821
218 821
1 218
821 1
821 218
1 821
760 1
760 821
820 218
820 760
154 760
154 820
154 820
1 154
820 1
820 154
1 820
250 1
250 820
819 154
819 250
171 250
171 819
171 819
1 171
819 1
819 171
1 819
316 819
818 1
818 171
29 316
29 818
814 818
817 29
817 29
111 814
111 817
111 817
1 111
817 1
817 111
1 817
650 1
650 817
816 111
816 650
15 816
571 15
571 650
571 816
815 571
815 571
288 571
288 815
776 815
814 288
814 288
394 776
394 814
584 394
584 814
813 394
813 584
373 813
696 813
812 373
812 584
28 696
28 812
460 28
460 812
811 28
811 460
230 811
416 811
810 230
810 416
694 460
694 810
766 694
766 694
766 810
809 766
809 766
346 766
346 809
645 346
645 809
808 346
808 645
233 808
709 808
807 233
807 645
236 807
641 236
641 709
641 807
806 641
806 641
264 806
600 264
600 641
600 806
805 600
805 600
449 805
728 449
728 600
728 805
804 728
804 728
321 728
321 804
474 804
803 321
803 321
25 474
25 803
25 803
1 25
803 1
803 25
1 803
113 803
802 1
802 25
47 113
47 802
688 802
801 47
801 47
415 688
415 801
594 415
594 415
594 801
800 594
800 594
103 594
103 800
790 800
799 103
799 103
372 790
372 799
752 372
752 799
798 372
798 752
214 798
637 214
637 798
797 637
797 637
436 797
636 436
636 752
636 797
796 636
796 636
466 796
557 466
557 796
795 557
795 557
93 636
93 795
704 93
704 93
704 795
794 704
794 704
649 704
649 794
649 794
1 649
794 1
794 649
1 794
690 794
793 1
793 649
181 690
181 793
578 181
578 793
792 181
792 578
247 578
247 792
648 247
648 792
791 247
791 648
47 648
47 791
587 47
587 791
790 47
790 587
563 587
563 790
563 790
1 563
790 1
790 563
1 790
692 790
789 1
789 563
477 692
477 789
626 477
626 477
626 789
788 626
788 626
409 626
409 788
409 788
1 409
788 1
788 409
1 788
530 1
530 409
530 788
787 530
787 530
132 787
727 787
786 132
786 530
265 727
265 786
658 265
658 786
785 265
785 658
16 785
125 785
784 16
784 125
471 658
471 784
560 471
560 471
560 784
783 560
783 560
94 783
537 783
782 94
782 537
68 782
498 782
781 68
781 498
377 781
509 781
780 377
780 509
333 560
333 780
521 780
779 333
779 333
5 521
5 779
330 5
330 5
330 779
778 330
778 330
213 778
478 213
478 330
478 778
777 478
777 478
162 478
162 777
162 777
1 162
777 1
777 162
1 777
422 777
776 1
776 162
341 776
554 341
554 776
775 422
775 554
129 554
129 775
331 775
774 129
774 129
541 331
541 774
541 774
1 541
774 1
774 541
1 774
708 1
708 774
773 541
773 708
245 708
245 773
427 245
427 773
772 245
772 427
341 427
341 772
427 341
427 772
771 341
771 427
196 771
525 196
525 771
770 427
770 525
663 770
740 770
769 525
769 663
301 740
301 769
301 769
1 301
769 1
769 301
1 769
646 1
646 301
646 769
768 646
768 646
395 646
395 768
395 768
1 395
768 1
768 395
1 768
424 768
767 1
767 395
10 424
10 767
408 10
408 767
766 10
766 408
58 408
58 766
680 766
765 58
765 58
87 680
87 765
214 765
764 87
764 87
150 764
351 150
351 764
763 214
763 351
427 351
427 763
427 763
1 427
763 1
763 427
1 763
761 1
761 763
762 427
762 761
228 762
753 762
761 228
169 753
169 761
478 761
760 169
760 169
14 478
14 760
14 760
1 14
760 1
760 14
1 760
336 760
759 1
759 14
509 336
509 759
509 759
1 509
759 1
759 509
1 759
523 1
523 759
758 509
758 523
318 523
318 758
318 758
1 318
758 1
758 318
1 758
642 1
642 758
757 318
757 642
328 642
328 757
417 328
417 757
756 328
756 417
2 417
2 756
2 756
1 2
756 1
756 2
1 756
110 1
110 756
755 2
755 110
125 755
404 110
404 125
404 755
754 404
754 404
196 754
355 196
355 754
753 355
753 355
471 404
471 753
471 753
1 471
753 1
753 471
1 753
741 1
741 471
741 753
752 741
752 741
79 741
79 752
79 752
1 79
752 1
752 79
1 752
95 752
751 1
751 79
287 95
287 751
512 287
512 287
512 751
750 512
750 512
231 512
231 750
685 231
685 231
685 750
749 685
749 685
112 749
531 749
748 112
748 531
136 748
147 136
147 685
147 748
747 147
747 147
421 147
421 747
712 421
712 421
712 747
746 712
746 712
266 712
266 746
345 746
745 266
745 266
306 745
438 745
744 306
744 345
143 438
143 744
273 744
743 143
743 143
624 743
661 273
661 743
742 624
742 661
287 661
287 742
563 287
563 742
741 287
741 563
123 563
123 741
123 741
1 123
741 1
741 123
1 741
540 1
540 741
740 123
740 540
139 740
475 740
739 139
739 475
136 739
639 136
639 739
738 540
738 639
137 738
143 137
143 738
737 143
737 143
243 639
243 737
708 243
708 243
708 737
736 708
736 708
339 736
519 339
519 736
735 519
735 519
4 735
45 4
45 708
45 735
734 45
734 45
184 45
184 734
184 734
1 184
734 1
734 184
1 734
432 1
432 184
432 734
733 432
733 432
442 432
442 733
442 733
1 442
733 1
733 442
1 733
527 733
732 1
732 442
56 732
242 56
242 732
731 242
731 242
123 731
685 123
685 527
685 731
730 685
730 685
168 685
168 730
208 168
208 730
729 168
729 208
57 729
166 729
728 57
728 166
43 728
634 43
634 728
727 208
727 634
118 634
118 727
706 118
706 118
706 727
726 706
726 706
283 726
604 283
604 706
604 726
725 604
725 604
634 725
657 725
724 604
724 634
53 657
53 724
166 53
166 724
723 53
723 166
64 723
476 64
476 723
722 166
722 476
110 722
193 722
721 110
721 193
326 476
326 721
672 326
672 721
720 326
720 672
122 720
319 122
319 720
719 319
719 319
480 719
708 480
708 672
708 719
718 708
718 708
339 708
339 718
339 718
1 339
718 1
718 339
1 718
610 718
717 1
717 339
658 610
658 717
658 717
1 658
717 1
717 658
1 717
706 1
706 658
706 717
716 706
716 706
298 716
479 298
479 716
715 479
715 479
44 706
44 715
44 715
1 44
715 1
715 44
1 715
182 1
182 44
182 715
714 182
714 182
392 182
392 714
585 392
585 714
713 392
713 585
534 585
534 713
689 534
689 713
712 534
712 689
24 689
24 712
424 24
424 712
711 24
711 424
67 424
67 711
324 67
324 711
710 67
710 324
248 324
248 710
248 710
1 248
710 1
710 248
1 710
284 710
709 1
709 248
538 284
538 709
538 709
1 538
709 1
709 538
1 709
667 709
708 1
708 538
4 667
4 708
530 4
530 708
707 4
707 530
142 530
142 707
142 707
1 142
707 1
707 142
1 707
254 707
706 1
706 142
351 254
351 706
603 351
603 706
705 351
705 603
323 705
641 323
641 705
704 603
704 641
181 704
610 181
610 641
610 704
703 610
703 610
372 703
499 703
702 372
702 499
280 702
308 280
308 702
701 308
701 308
375 701
472 701
700 375
700 472
174 610
174 700
174 700
1 174
700 1
700 174
1 700
383 1
383 174
383 700
699 383
699 383
185 383
185 699
494 699
698 185
698 185
292 698
449 292
449 698
697 449
697 449
356 494
356 697
395 697
696 356
696 356
217 395
217 696
217 696
1 217
696 1
696 217
1 696
598 696
695 1
695 217
106 598
106 695
249 106
249 695
694 106
694 249
350 249
350 694
586 350
586 694
693 350
693 586
567 693
627 567
627 693
692 586
692 627
223 627
223 692
223 692
1 223
692 1
692 223
1 692
642 692
691 1
691 223
585 691
601 691
690 585
690 601
266 690
505 690
689 266
689 505
336 642
336 689
346 336
346 689
688 336
688 346
6 346
6 688
575 6
575 6
575 688
687 575
687 575
3 687
89 3
89 687
686 89
686 89
286 686
447 286
447 575
447 686
685 447
685 447
438 447
438 685
438 685
1 438
685 1
685 438
1 685
556 1
556 685
684 438
684 556
130 684
388 130
388 556
388 684
683 388
683 388
483 388
483 683
537 483
537 483
537 683
682 537
682 537
237 537
237 682
308 682
681 237
681 237
463 308
463 681
597 681
680 463
680 463
96 597
96 680
96 680
1 96
680 1
680 96
1 680
210 680
679 1
679 96
272 210
272 679
483 679
678 272
678 272
80 678
383 80
383 678
677 383
677 383
119 483
119 677
119 677
1 119
677 1
677 119
1 677
669 1
669 119
669 677
676 669
676 669
139 676
374 139
374 669
374 676
675 374
675 374
395 374
395 675
395 675
1 395
675 1
675 395
1 675
558 675
674 1
674 395
348 558
348 674
414 674
673 348
673 348
22 414
22 673
22 673
1 22
673 1
673 22
1 673
398 673
672 1
672 22
312 672
380 312
380 672
671 380
671 380
358 398
358 671
498 358
498 671
670 358
670 498
221 670
283 221
283 498
283 670
669 283
669 283
365 283
365 669
475 365
475 669
668 365
668 475
316 475
316 668
601 316
601 316
601 668
667 601
667 601
121 667
251 121
251 667
666 251
666 251
192 601
192 666
616 666
665 192
665 192
357 665
538 357
538 616
538 665
664 538
664 538
260 664
460 260
460 538
460 664
663 460
663 460
253 460
253 663
442 253
442 663
662 253
662 442
350 662
594 350
594 442
594 662
661 594
661 594
71 594
71 661
71 661
1 71
661 1
661 71
1 661
194 1
194 661
660 71
660 194
8 194
8 660
44 8
44 660
659 8
659 44
192 44
192 659
214 659
658 192
658 192
350 214
350 658
503 350
503 658
657 350
657 503
18 503
18 657
465 18
465 657
656 18
656 465
246 656
545 246
545 656
655 465
655 545
498 545
498 655
595 498
595 498
595 655
654 595
654 595
80 595
80 654
298 654
653 80
653 80
205 298
205 653
205 653
1 205
653 1
653 205
1 653
350 653
652 1
652 205
169 652
420 169
420 652
651 350
651 420
166 651
481 166
481 651
650 420
650 481
130 650
267 650
649 130
649 267
110 481
110 649
110 649
1 110
649 1
649 110
1 649
420 649
648 1
648 110
87 420
87 648
532 87
532 648
647 87
647 532
269 532
269 647
459 269
459 647
646 269
646 459
112 459
112 646
112 646
1 112
646 1
646 112
1 646
559 1
559 112
559 646
645 559
645 559
180 559
180 645
258 180
258 180
258 645
644 258
644 258
153 644
301 644
643 153
643 258
229 643
314 643
642 229
642 301
460 642
639 314
639 460
639 642
641 639
641 639
502 639
502 641
502 641
1 502
641 1
641 502
1 641
621 1
621 502
621 641
640 621
640 621
166 640
476 166
476 640
639 476
639 476
396 621
396 639
445 396
445 639
638 396
638 445
151 638
582 151
582 445
582 638
637 582
637 582
232 582
232 637
232 637
1 232
637 1
637 232
1 637
395 637
636 1
636 232
108 395
108 636
108 636
1 108
636 1
636 108
1 636
389 636
635 1
635 108
67 389
67 635
623 635
634 67
634 67
222 623
222 634
430 222
430 634
633 222
633 430
309 430
309 633
309 633
1 309
633 1
633 309
1 633
442 633
632 1
632 309
46 442
46 632
46 632
1 46
632 1
632 46
1 632
626 632
631 1
631 46
247 626
247 631
247 631
1 247
631 1
631 247
1 631
442 1
442 631
630 247
630 442
349 442
349 630
424 349
424 630
629 349
629 424
10 629
473 629
628 10
628 424
205 473
205 628
205 628
1 205
628 1
628 205
1 628
578 628
627 1
627 205
528 578
528 627
528 627
1 528
627 1
627 528
1 627
585 1
585 627
626 528
626 585
45 585
45 626
45 626
1 45
626 1
626 45
1 626
235 626
625 1
625 45
460 235
460 625
460 625
1 460
625 1
625 460
1 625
607 1
607 460
607 625
624 607
624 607
80 607
80 624
80 624
1 80
624 1
624 80
1 624
325 1
325 80
325 624
623 325
623 325
186 325
186 623
186 623
1 186
623 1
623 186
1 623
365 623
622 1
622 186
423 365
423 622
494 622
621 423
621 423
24 494
24 621
24 621
1 24
621 1
621 24
1 621
390 1
390 24
390 621
620 390
620 390
563 390
563 620
563 620
1 563
620 1
620 563
1 620
606 1
606 563
606 620
619 606
619 606
154 619
617 154
617 606
617 619
618 617
618 617
213 617
213 618
601 213
601 618
617 213
617 601
209 601
209 617
598 209
598 209
598 617
616 598
616 598
209 616
292 209
292 616
615 292
615 292
117 598
117 615
123 117
123 117
123 615
614 123
614 123
84 123
84 614
84 614
1 84
614 1
614 84
1 614
243 1
243 84
243 614
613 243
613 243
304 243
304 613
314 304
314 613
612 304
612 314
13 314
13 612
326 612
611 13
611 13
8 611
58 8
58 326
58 611
610 58
610 58
357 610
429 58
429 357
429 610
609 429
609 429
94 609
554 94
554 609
608 429
608 554
364 608
493 364
493 608
607 493
607 493
248 554
248 607
248 607
1 248
607 1
607 248
1 607
404 607
606 1
606 248
133 404
133 606
133 606
1 133
606 1
606 133
1 606
350 1
350 606
605 133
605 350
289 605
356 605
604 289
604 350
174 604
244 604
603 174
603 244
286 356
286 603
483 603
602 286
602 286
407 602
476 407
476 483
476 602
601 476
601 476
123 476
123 601
123 601
1 123
601 1
601 123
1 601
360 1
360 123
360 601
600 360
600 360
92 600
430 92
430 600
599 360
599 430
143 430
143 599
437 599
598 143
598 143
238 437
238 598
238 598
1 238
598 1
598 238
1 598
248 1
248 238
248 598
597 248
597 248
356 248
356 597
397 356
397 597
596 356
596 397
205 397
205 596
205 596
1 205
596 1
596 205
1 596
574 596
595 1
595 205
137 574
137 595
137 595
1 137
595 1
595 137
1 595
159 595
594 1
594 137
422 159
422 594
422 594
1 422
594 1
594 422
1 594
525 1
525 422
525 594
593 525
593 525
129 593
318 593
592 129
592 318
68 525
68 592
177 68
177 68
177 592
591 177
591 177
99 591
126 99
126 591
590 126
590 126
205 590
279 590
589 177
589 205
66 589
424 66
424 279
424 589
588 424
588 424
383 424
383 588
486 383
486 588
587 383
587 486
211 587
486 587
586 211
586 486
58 586
448 586
585 58
585 448
57 585
484 57
484 486
484 585
584 484
584 484
481 484
481 584
564 481
564 584
583 481
583 564
360 564
360 583
522 360
522 360
522 583
582 522
582 522
346 522
346 582
346 582
1 346
582 1
582 346
1 582
525 582
581 1
581 346
399 525
399 581
416 399
416 399
416 581
580 416
580 416
267 416
267 580
351 267
351 580
579 267
579 351
188 351
188 579
188 579
1 188
579 1
579 188
1 579
369 1
369 579
578 188
578 369
171 369
171 578
171 578
1 171
578 1
578 171
1 578
270 1
270 578
577 171
577 270
77 270
77 577
77 577
1 77
577 1
577 77
1 577
212 577
576 1
576 77
156 576
483 156
483 576
575 212
575 483
436 483
436 575
436 575
1 436
575 1
575 436
1 575
438 1
438 436
438 575
574 438
574 438
414 438
414 574
414 574
1 414
574 1
574 414
1 574
565 574
573 1
573 414
40 565
40 573
40 573
1 40
573 1
573 40
1 573
205 1
205 573
572 40
572 205
283 205
283 572
343 283
343 283
343 572
571 343
571 343
30 343
30 571
177 30
177 30
177 571
570 177
570 177
127 570
318 127
318 177
318 570
569 318
569 318
232 569
357 569
568 232
568 318
151 568
294 151
294 568
567 294
567 294
220 357
220 567
220 567
1 220
567 1
567 220
1 567
432 567
566 1
566 220
21 432
21 566
21 566
1 21
566 1
566 21
1 566
118 1
118 21
118 566
565 118
565 118
378 565
385 565
564 118
564 378
223 385
223 564
387 564
563 223
563 223
70 387
70 563
246 70
246 70
246 563
562 246
562 246
111 246
111 562
380 111
380 111
380 562
561 380
561 380
24 380
24 561
24 561
1 24
561 1
561 24
1 561
440 1
440 24
440 561
560 440
560 440
239 560
421 239
421 440
421 560
559 421
559 421
313 559
360 559
558 313
558 360
18 558
124 18
124 558
557 124
557 124
53 421
53 557
272 557
556 53
556 53
140 556
551 140
551 272
551 556
555 551
555 551
402 551
402 555
442 402
442 402
442 555
554 442
554 442
127 554
489 554
553 127
553 442
64 489
64 553
271 64
271 64
271 553
552 271
552 271
275 271
275 552
362 275
362 275
362 552
551 362
551 362
142 362
142 551
168 551
550 142
550 142
37 550
279 550
549 37
549 168
352 279
352 549
509 549
548 352
548 352
39 509
39 548
39 548
1 39
548 1
548 39
1 548
545 1
545 548
547 39
547 545
2 545
2 547
509 2
509 547
546 2
546 509
225 509
225 546
279 546
545 225
545 225
93 279
93 545
197 93
197 93
197 545
544 197
544 197
234 197
234 544
324 544
543 234
543 234
22 324
22 543
102 22
102 543
542 22
542 102
110 542
513 542
541 102
541 110
404 541
510 404
510 541
540 510
540 510
129 540
381 540
539 129
539 381
167 513
167 539
189 167
189 167
189 539
538 189
538 189
291 189
291 538
291 538
1 291
538 1
538 291
1 538
388 1
388 538
537 291
537 388
264 388
264 537
264 537
1 264
537 1
537 264
1 537
320 1
320 264
320 537
536 320
536 320
75 320
75 536
75 536
1 75
536 1
536 75
1 536
271 1
271 75
271 536
535 271
535 271
12 271
12 535
51 535
534 12
534 12
109 534
131 51
131 109
131 534
533 131
533 131
184 533
205 131
205 533
532 184
532 205
212 205
212 532
303 212
303 532
531 212
531 303
281 303
281 531
415 281
415 281
415 531
530 415
530 415
258 530
418 530
529 258
529 415
209 418
209 529
209 529
1 209
529 1
529 209
1 529
381 529
528 1
528 209
163 528
496 163
496 528
527 381
527 496
204 496
204 527
204 527
1 204
527 1
527 204
1 527
288 1
288 527
526 204
526 288
257 526
435 526
525 257
525 288
181 435
181 525
256 181
256 181
256 525
524 256
524 256
72 524
100 72
100 256
100 524
523 100
523 100
118 100
118 523
260 118
260 523
522 118
522 260
297 260
297 522
297 522
1 297
522 1
522 297
1 522
428 1
428 297
428 522
521 428
521 428
151 428
151 521
203 151
203 151
203 521
520 203
520 203
100 203
100 520
391 520
519 100
519 100
290 391
290 519
290 519
1 290
519 1
519 290
1 519
304 1
304 519
518 290
518 304
396 518
469 304
469 518
517 396
517 469
311 469
311 517
311 517
1 311
517 1
517 311
1 517
446 517
516 1
516 311
188 446
188 516
235 516
515 188
515 188
306 235
306 515
409 306
409 515
514 306
514 409
343 409
343 514
357 343
357 343
357 514
513 357
513 357
223 513
335 513
512 223
512 335
418 512
493 357
493 512
511 418
511 493
467 511
484 467
484 511
510 484
510 484
21 493
21 510
21 510
1 21
510 1
510 21
1 510
444 1
444 510
509 21
509 444
450 444
450 509
483 450
483 450
483 509
508 483
508 483
292 483
292 508
410 292
410 508
507 292
507 410
143 507
332 507
506 143
506 332
211 410
211 506
291 211
291 211
291 506
505 291
505 291
57 291
57 505
320 57
320 505
504 57
504 320
22 320
22 504
22 504
1 22
504 1
504 22
1 504
438 1
438 504
503 22
503 438
284 503
394 284
394 503
502 394
502 394
202 438
202 502
288 502
501 202
501 202
116 288
116 501
213 501
500 116
500 116
12 500
254 500
499 12
499 213
23 499
163 23
163 254
163 499
498 163
498 163
151 498
343 151
343 163
343 498
497 343
497 343
89 497
91 89
91 343
91 497
496 91
496 91
265 496
445 91
445 496
495 265
495 445
234 445
234 495
427 234
427 234
427 495
494 427
494 427
97 427
97 494
97 494
1 97
494 1
494 97
1 494
140 494
493 1
493 97
18 140
18 493
18 493
1 18
493 1
493 18
1 493
301 1
301 18
301 493
492 301
492 301
108 492
312 108
312 492
491 301
491 312
226 491
393 226
393 491
490 312
490 393
33 490
366 33
366 393
366 490
489 366
489 366
52 489
77 52
77 366
77 489
488 77
488 77
119 77
119 488
347 488
487 119
487 119
184 347
184 487
184 487
1 184
487 1
487 184
1 487
311 1
311 184
311 487
486 311
486 311
240 486
435 240
435 311
435 486
485 435
485 435
311 485
355 311
355 485
484 355
484 355
2 484
145 2
145 484
483 145
483 145
136 435
136 483
136 483
1 136
483 1
483 136
1 483
420 1
420 136
420 483
482 420
482 420
125 482
267 482
481 125
481 267
142 481
326 481
480 142
480 326
247 420
247 480
278 247
278 247
278 480
479 278
479 278
241 278
241 479
241 479
1 241
479 1
479 241
1 479
316 1
316 241
316 479
478 316
478 316
21 316
21 478
21 478
1 21
478 1
478 21
1 478
340 1
340 478
477 21
477 340
128 340
128 477
128 477
1 128
477 1
477 128
1 477
369 477
476 1
476 128
83 369
83 476
83 476
1 83
476 1
476 83
1 476
97 1
97 476
475 83
475 97
124 475
136 475
474 97
474 124
320 136
320 474
362 320
362 320
362 474
473 362
473 362
176 362
176 473
432 473
472 176
472 176
43 472
124 472
471 43
471 124
64 471
279 64
279 432
279 471
470 279
470 279
68 470
276 68
276 279
276 470
469 276
469 276
168 469
269 168
269 469
468 269
468 269
88 276
88 468
421 88
421 468
467 88
467 421
169 421
169 467
169 467
1 169
467 1
467 169
1 467
286 467
466 1
466 169
219 286
219 466
414 219
414 219
414 466
465 414
465 414
447 414
447 465
449 447
449 465
464 447
464 449
49 464
197 49
197 449
197 464
463 197
463 197
348 197
348 463
399 348
399 463
462 348
462 399
311 462
447 311
447 399
447 462
461 447
461 447
40 447
40 461
40 461
1 40
461 1
461 40
1 461
80 461
460 1
460 40
254 80
254 460
254 460
1 254
460 1
460 254
1 460
313 1
313 460
459 254
459 313
53 313
53 459
53 459
1 53
459 1
459 53
1 459
56 1
56 459
458 53
458 56
117 56
117 458
117 458
1 117
458 1
458 117
1 458
447 1
447 117
447 458
457 447
457 447
220 447
220 457
220 457
1 220
457 1
457 220
1 457
446 1
446 457
456 220
456 446
320 456
362 456
455 320
455 362
214 455
339 455
454 214
454 339
67 446
67 454
206 454
453 67
453 67
152 453
383 152
383 206
383 453
452 383
452 383
266 383
266 452
420 266
420 266
420 452
451 420
451 420
39 420
39 451
354 39
354 451
450 39
450 354
157 354
157 450
423 450
449 157
449 157
88 449
89 88
89 423
89 449
448 89
448 89
144 448
378 89
378 144
378 448
447 378
447 378
148 447
412 148
412 378
412 447
446 412
446 412
84 412
84 446
281 84
281 446
445 84
445 281
254 281
254 445
439 445
444 254
444 254
75 439
75 444
170 444
443 75
443 75
147 170
147 443
248 147
248 443
442 147
442 248
170 248
170 442
234 170
234 442
441 170
441 234
155 441
264 441
440 155
440 234
12 264
12 440
185 12
185 12
185 440
439 185
439 185
11 185
11 439
137 439
438 11
438 11
1 137
1 438
126 1
126 1
126 438
437 126
437 126
131 126
131 437
373 131
373 437
436 131
436 373
198 436
276 198
276 436
435 276
435 276
65 373
65 435
306 435
434 65
434 65
9 306
9 434
9 434
1 9
434 1
434 9
1 434
163 1
163 434
433 9
433 163
8 433
39 8
39 163
39 433
432 39
432 39
113 39
113 432
113 432
1 113
432 1
432 113
1 432
234 432
431 1
431 113
210 431
226 431
430 210
430 226
223 234
223 430
223 430
1 223
430 1
430 223
1 430
286 1
286 223
286 430
429 286
429 286
65 429
158 65
158 286
158 429
428 158
428 158
175 158
175 428
399 175
399 428
427 175
427 399
53 427
360 53
360 399
360 427
426 360
426 360
78 426
293 78
293 426
425 293
425 293
57 360
57 425
59 425
424 57
424 57
119 424
129 59
129 424
423 119
423 129
241 129
241 423
241 423
1 241
423 1
423 241
1 423
288 1
288 423
422 241
422 288
82 288
82 422
379 422
421 82
421 82
322 421
337 322
337 421
420 337
420 337
289 379
289 420
289 420
1 289
420 1
420 289
1 420
303 1
303 420
419 289
419 303
325 303
325 419
325 419
1 325
419 1
419 325
1 419
405 1
405 325
405 419
418 405
418 405
245 405
245 418
349 418
417 245
417 245
128 349
128 417
128 417
1 128
417 1
417 128
1 417
135 1
135 417
416 128
416 135
91 135
91 416
177 91
177 91
177 416
415 177
415 177
300 177
300 415
413 415
414 300
414 300
140 413
140 414
140 414
1 140
414 1
414 140
1 414
403 414
413 1
413 140
101 403
101 413
101 413
1 101
413 1
413 101
1 413
297 1
297 101
297 413
412 297
412 297
237 297
237 412
332 237
332 237
332 412
411 332
411 332
14 332
14 411
107 14
107 14
107 411
410 107
410 107
106 410
311 106
311 410
409 107
409 311
303 311
303 409
303 409
1 303
409 1
409 303
1 409
321 1
321 409
408 303
408 321
133 408
321 133
321 408
407 321
407 321
95 321
95 407
349 407
406 95
406 95
151 406
300 406
405 151
405 300
92 349
92 405
92 405
1 92
405 1
405 92
1 405
240 1
240 405
404 92
404 240
47 404
388 47
388 240
388 404
403 388
403 388
319 403
345 319
345 388
345 403
402 345
402 345
137 345
137 402
187 137
187 137
187 402
401 187
401 187
169 187
169 401
176 401
400 169
400 169
120 176
120 400
261 120
261 400
399 120
399 261
314 261
314 399
397 399
398 314
398 314
135 398
385 135
385 398
397 385
160 397
329 397
396 160
396 329
17 385
17 396
17 396
1 17
396 1
396 17
1 396
174 396
395 1
395 17
204 395
238 174
238 395
394 204
394 238
94 394
164 394
393 94
393 164
108 238
108 393
108 393
1 108
393 1
393 108
1 393
252 1
252 393
392 108
392 252
260 252
260 392
345 260
345 260
345 392
391 345
391 345
158 345
158 391
158 391
1 158
391 1
391 158
1 391
257 1
257 391
390 158
390 257
3 257
3 390
258 3
258 390
389 3
389 258
51 258
51 389
145 389
388 51
388 51
261 145
261 388
261 388
1 261
388 1
388 261
1 388
335 388
387 1
387 261
110 335
110 387
214 110
214 110
214 387
386 214
386 214
209 214
209 386
308 386
385 209
385 209
200 385
201 385
384 200
384 201
276 308
276 384
276 384
1 276
384 1
384 276
1 384
314 384
383 1
383 276
336 314
336 383
366 336
366 383
382 336
382 366
130 366
130 382
234 130
234 382
381 130
381 234
251 234
251 381
276 251
276 381
380 251
380 276
124 380
165 124
165 380
379 165
379 165
1 276
1 379
1 379
2 1
379 2
379 1
2 379
121 1
121 379
378 2
378 121
189 378
331 121
331 189
331 378
377 331
377 331
151 331
151 377
161 151
161 377
376 151
376 161
41 161
41 376
41 376
1 41
376 1
376 41
1 376
107 1
107 376
375 41
375 107
169 107
169 375
169 375
1 169
375 1
375 169
1 375
366 1
366 169
366 375
374 366
374 366
123 366
123 374
196 123
196 123
196 374
373 196
373 196
44 196
44 373
170 373
372 44
372 44
250 170
250 372
250 372
1 250
372 1
372 250
1 372
278 372
371 1
371 250
272 371
281 371
370 272
370 278
121 281
121 370
149 370
369 121
369 121
206 149
206 369
206 369
1 206
369 1
369 206
1 369
307 369
368 1
368 206
15 307
15 368
15 368
1 15
368 1
368 15
1 368
206 1
206 15
206 368
367 206
367 206
1 367
99 367
366 1
366 99
58 366
139 366
365 58
365 139
56 206
56 365
56 365
1 56
365 1
365 56
1 365
296 1
296 56
296 365
364 296
364 296
7 364
80 364
363 7
363 80
21 296
21 363
190 21
190 21
190 363
362 190
362 190
110 190
110 362
116 110
116 362
361 110
361 116
205 361
255 361
360 116
360 205
5 255
5 360
5 360
1 5
360 1
360 5
1 360
116 360
359 1
359 5
137 359
294 359
358 116
358 137
178 358
202 358
357 178
357 202
44 294
44 357
283 44
283 44
283 357
356 283
356 283
22 356
249 22
249 283
249 356
355 249
355 249
119 249
119 355
168 355
354 119
354 119
132 168
132 354
153 132
153 354
353 132
353 153
75 153
75 353
119 75
119 75
119 353
352 119
352 119
138 352
180 352
351 119
351 138
198 351
215 351
350 180
350 198
75 215
75 350
268 75
268 350
349 75
349 268
219 268
219 349
269 219
269 219
269 349
348 269
348 269
109 348
260 109
260 348
347 260
347 260
93 269
93 347
264 347
346 93
346 93
285 264
285 346
293 285
293 285
293 346
345 293
345 293
60 293
60 345
60 345
1 60
345 1
345 60
1 345
102 345
344 1
344 60
32 344
164 32
164 344
343 102
343 164
89 343
322 343
342 89
342 164
102 342
105 342
341 102
341 105
87 341
205 87
205 322
205 341
340 205
340 205
10 205
10 340
233 10
233 10
233 340
339 233
339 233
112 339
297 112
297 339
338 233
338 297
135 338
329 135
329 338
337 297
337 329
50 329
50 337
309 50
309 50
309 337
336 309
336 309
140 336
328 140
328 336
335 309
335 328
215 328
215 335
215 335
1 215
335 1
335 215
1 335
300 1
300 335
334 215
334 300
91 334
290 91
290 300
290 334
333 290
333 290
213 290
213 333
213 333
1 213
333 1
333 213
1 333
228 333
332 1
332 213
149 228
149 332
149 332
1 149
332 1
332 149
1 332
201 332
331 1
331 149
190 331
211 190
211 331
330 201
330 211
32 211
32 330
290 32
290 32
290 330
329 290
329 290
79 290
79 329
286 329
328 79
328 79
1 286
1 328
1 328
2 1
328 2
328 1
2 328
217 1
217 2
217 328
327 217
327 217
120 327
158 120
158 217
158 327
326 158
326 158
70 158
70 326
195 326
325 70
325 70
273 195
273 325
273 325
1 273
325 1
325 273
1 325
317 1
317 325
324 273
324 317
23 317
23 324
23 324
1 23
324 1
324 23
1 324
135 1
135 324
323 23
323 135
85 135
85 323
215 85
215 85
215 323
322 215
322 215
144 215
144 322
144 322
1 144
322 1
322 144
1 322
173 1
173 322
321 144
321 173
152 173
152 321
177 321
320 152
320 152
51 177
51 320
51 320
1 51
320 1
320 51
1 320
255 320
319 1
319 51
84 255
84 319
84 319
1 84
319 1
319 84
1 319
130 319
318 1
318 84
201 318
274 130
274 318
317 201
317 274
63 274
63 317
253 63
253 317
316 63
316 253
112 253
112 316
308 112
308 112
308 316
315 308
315 308
126 308
126 315
126 315
1 126
315 1
315 126
1 315
296 1
296 126
296 315
314 296
314 296
32 296
32 314
132 314
313 32
313 32
78 132
78 313
183 313
312 78
312 78
264 183
264 312
281 312
311 264
311 264
46 311
93 311
310 46
310 93
23 281
23 310
215 23
215 310
309 23
309 215
64 215
64 309
126 64
126 64
126 309
308 126
308 126
222 126
222 308
282 222
282 308
307 222
307 282
23 307
161 23
161 307
306 161
306 161
47 282
47 306
133 47
133 47
133 306
305 133
305 133
85 133
85 305
204 85
204 305
304 85
304 204
99 204
99 304
99 304
1 99
304 1
304 99
1 304
208 1
208 99
208 304
303 208
303 208
200 208
200 303
219 200
219 303
302 200
302 219
85 302
230 302
301 85
301 219
10 230
10 301
10 301
1 10
301 1
301 10
1 301
48 1
48 301
300 10
300 48
30 48
30 300
30 300
1 30
300 1
300 30
1 300
196 1
196 30
196 300
299 196
299 196
131 299
154 131
154 196
154 299
298 154
298 154
9 154
9 298
48 298
297 9
297 9
27 297
65 27
65 297
296 48
296 65
128 65
128 296
128 296
1 128
296 1
296 128
1 296
229 1
229 128
229 296
295 229
295 229
124 295
174 124
174 229
174 295
294 174
294 174
4 294
219 4
219 174
219 294
293 219
293 219
44 219
44 293
44 293
1 44
293 1
293 44
1 293
183 293
292 1
292 44
119 183
119 292
119 292
1 119
292 1
292 119
1 292
239 292
291 1
291 119
92 291
120 92
120 239
120 291
290 120
290 120
158 290
276 290
289 120
289 158
41 276
41 289
138 41
138 41
138 289
288 138
288 138
96 138
96 288
163 96
163 288
287 96
287 163
18 163
18 287
59 18
59 18
59 287
286 59
286 59
74 59
74 286
85 74
85 286
285 74
285 85
14 85
14 285
14 285
1 14
285 1
285 14
1 285
156 285
284 1
284 14
95 284
186 95
186 156
186 284
283 186
283 186
216 186
216 283
216 283
1 216
283 1
283 216
1 283
241 1
241 216
241 283
282 241
282 241
75 241
75 282
75 282
1 75
282 1
282 75
1 282
272 1
272 282
281 75
281 272
113 281
169 113
169 281
280 169
280 169
94 272
94 280
178 94
178 280
279 94
279 178
222 178
222 279
222 279
1 222
279 1
279 222
1 279
229 279
278 1
278 222
265 229
265 278
265 278
1 265
278 1
278 265
1 278
274 278
277 1
277 265
172 274
172 277
172 277
1 172
277 1
277 172
1 277
194 277
276 1
276 172
172 194
172 276
172 276
1 172
276 1
276 172
1 276
255 276
275 1
275 172
54 255
54 275
129 54
129 275
274 54
274 129
115 274
143 274
273 115
273 129
20 143
20 273
248 20
248 20
248 273
272 248
272 248
64 248
64 272
64 272
1 64
272 1
272 64
1 272
128 1
128 64
128 272
271 128
271 128
161 128
161 271
161 271
1 161
271 1
271 161
1 271
183 271
270 1
270 161
195 270
241 183
241 270
269 195
269 241
153 241
153 269
166 153
166 153
166 269
268 166
268 166
51 166
51 268
235 51
235 268
267 51
267 235
62 235
62 267
243 62
243 62
243 267
266 243
266 243
5 266
228 266
265 5
265 228
177 265
238 177
238 243
238 265
264 238
264 238
83 264
113 83
113 264
263 113
263 113
176 238
176 263
247 263
262 176
262 176
111 247
111 262
111 262
1 111
262 1
262 111
1 262
148 1
148 262
261 111
261 148
190 261
190 261
260 148
260 190
18 190
18 260
18 260
1 18
260 1
260 18
1 260
130 1
130 260
259 18
259 130
138 130
138 259
138 259
1 138
259 1
259 138
1 259
235 259
258 1
258 138
77 258
194 258
257 77
257 194
169 235
169 257
169 257
1 169
257 1
257 169
1 257
211 257
256 1
256 169
129 256
202 129
202 256
255 202
255 202
129 211
129 255
129 255
1 129
255 1
255 129
1 255
204 255
254 1
254 129
90 254
171 90
171 204
171 254
253 171
253 171
16 171
16 253
230 16
230 16
230 253
252 230
252 230
175 230
175 252
240 175
240 252
251 175
251 240
62 240
62 251
212 251
250 62
250 62
227 212
227 250
230 227
230 227
230 250
249 230
249 230
67 230
67 249
124 67
124 249
248 67
248 124
76 248
117 248
247 76
247 117
81 124
81 247
195 81
195 247
246 81
246 195
96 195
96 246
96 246
1 96
246 1
246 96
1 246
172 1
172 246
245 96
245 172
17 172
17 245
96 17
96 245
244 17
244 96
174 244
185 244
243 96
243 174
122 243
157 243
242 122
242 157
111 185
111 242
131 242
241 111
241 111
173 131
173 241
188 173
188 241
240 173
240 188
106 188
106 240
106 240
1 106
240 1
240 106
1 240
210 1
210 106
210 240
239 210
239 210
44 239
156 239
238 44
238 156
37 210
37 238
64 37
64 37
64 238
237 64
237 64
41 237
201 41
201 64
201 237
236 201
236 201
73 236
86 73
86 236
235 86
235 86
107 235
132 235
234 107
234 132
14 201
14 234
14 234
1 14
234 1
234 14
1 234
159 234
233 1
233 14
88 159
88 233
147 88
147 233
232 88
232 147
96 147
96 232
212 232
231 96
231 96
216 231
222 212
222 231
230 216
230 222
65 222
65 230
65 230
1 65
230 1
230 65
1 230
204 230
229 1
229 65
80 204
80 229
94 229
228 80
228 80
34 94
34 228
162 228
227 34
227 34
34 162
34 227
42 34
42 34
42 227
226 42
226 42
116 226
191 42
191 116
191 226
225 191
225 191
182 191
182 225
197 182
197 182
197 225
224 197
224 197
12 224
15 12
15 224
223 15
223 15
63 197
63 223
72 63
72 223
222 63
222 72
35 72
35 222
174 35
174 222
221 35
221 174
181 174
181 221
181 221
1 181
221 1
221 181
1 221
187 1
187 181
187 221
220 187
220 187
58 187
58 220
73 58
73 220
219 58
219 73
105 73
105 219
105 219
1 105
219 1
219 105
1 219
200 219
218 1
218 105
47 200
47 218
47 218
1 47
218 1
218 47
1 218
167 1
167 218
217 47
217 167
81 167
81 217
81 217
1 81
217 1
217 81
1 217
110 217
216 1
216 81
60 110
60 216
109 60
109 60
109 216
215 109
215 109
48 109
48 215
106 215
214 48
214 48
24 106
24 214
24 214
1 24
214 1
214 24
1 214
122 214
213 1
213 24
108 122
108 213
108 213
1 108
213 1
213 108
1 213
167 1
167 213
212 108
212 167
52 167
52 212
52 212
1 52
212 1
212 52
1 212
95 212
211 1
211 52
131 95
131 211
131 211
1 131
211 1
211 131
1 211
199 1
199 131
199 211
210 199
210 199
47 199
47 210
47 210
1 47
210 1
210 47
1 210
188 210
209 1
209 47
67 188
67 209
176 67
176 67
176 209
208 176
208 176
7 176
7 208
153 7
153 7
153 208
207 153
207 153
123 207
157 123
157 153
157 207
206 157
206 157
17 206
168 17
168 157
168 206
205 168
205 168
50 168
50 205
145 50
145 50
145 205
204 145
204 145
26 145
26 204
26 204
1 26
204 1
204 26
1 204
52 1
52 26
52 204
203 52
203 52
117 52
117 203
165 203
202 117
202 117
14 165
14 202
91 14
91 14
91 202
201 91
201 91
41 91
41 201
41 201
1 41
201 1
201 41
1 201
111 1
111 41
111 201
200 111
200 111
45 200
125 200
199 45
199 111
18 125
18 199
18 199
1 18
199 1
199 18
1 199
55 1
55 18
55 199
198 55
198 55
141 198
169 55
169 198
197 141
197 169
84 197
156 84
156 197
196 156
196 156
77 169
77 196
83 77
83 196
195 77
195 83
51 195
188 51
188 83
188 195
194 188
194 188
105 188
105 194
168 105
168 105
168 194
193 168
193 168
71 168
71 193
173 71
173 71
173 193
192 173
192 173
149 173
149 192
152 149
152 192
191 149
191 152
20 191
152 191
190 20
190 152
130 190
164 190
189 130
189 152
45 189
180 45
180 189
188 164
188 180
61 180
61 188
61 188
1 61
188 1
188 61
1 188
179 1
179 188
187 61
187 179
56 187
124 56
124 187
186 124
186 124
81 186
138 81
138 179
138 186
185 138
185 138
9 138
9 185
27 9
27 9
27 185
184 27
184 27
96 27
96 184
96 184
1 96
184 1
184 96
1 184
101 1
101 184
183 96
183 101
17 183
45 17
45 183
182 45
182 45
12 182
175 182
181 12
181 101
36 175
36 181
36 181
1 36
181 1
181 36
1 181
73 1
73 181
180 36
180 73
37 180
174 180
179 37
179 73
59 179
163 179
178 59
178 163
102 178
108 102
108 174
108 178
177 108
177 108
11 177
36 11
36 177
176 36
176 36
72 108
72 176
72 176
1 72
176 1
176 72
1 176
96 1
96 72
96 176
175 96
175 96
117 175
151 96
151 117
151 175
174 151
174 151
92 151
92 174
92 174
1 92
174 1
174 92
1 174
121 1
121 92
121 174
173 121
173 121
45 121
45 173
45 173
1 45
173 1
173 45
1 173
122 1
122 173
172 45
172 122
23 122
23 172
23 172
1 23
172 1
172 23
1 172
48 1
48 23
48 172
171 48
171 48
15 171
127 171
170 15
170 48
49 127
49 170
49 170
1 49
170 1
170 49
1 170
139 1
139 170
169 49
169 139
82 139
82 169
92 82
92 169
168 82
168 92
44 92
44 168
44 168
1 44
168 1
168 44
1 168
75 1
75 168
167 44
167 75
32 75
32 167
32 167
1 32
167 1
167 32
1 167
155 1
155 32
155 167
166 155
166 155
33 166
156 166
165 33
165 155
17 156
17 165
101 17
101 165
164 17
164 101
13 101
13 164
93 13
93 13
93 164
163 93
163 93
2 163
145 163
162 2
162 93
31 162
68 162
161 31
161 68
3 145
3 161
3 161
1 3
161 1
161 3
1 161
104 1
104 161
160 3
160 104
28 160
39 28
39 104
39 160
159 39
159 39
116 39
116 159
151 116
151 159
158 116
158 151
74 158
122 74
122 151
122 158
157 122
157 122
108 157
136 108
136 157
156 122
156 136
37 156
125 37
125 136
125 156
155 125
155 125
36 155
145 36
145 125
145 155
154 145
154 145
52 145
52 154
77 52
77 154
153 52
153 77
46 77
46 153
46 153
1 46
153 1
153 46
1 153
57 153
152 1
152 46
33 57
33 152
33 152
1 33
152 1
152 33
1 152
83 1
83 152
151 33
151 83
116 83
116 151
116 151
1 116
151 1
151 116
1 151
125 151
150 1
150 116
101 125
101 150
101 150
1 101
150 1
150 101
1 150
110 1
110 101
110 150
149 110
149 110
11 110
11 149
11 149
1 11
149 1
149 11
1 149
95 1
95 11
95 149
148 95
148 95
98 148
133 95
133 98
133 148
147 133
147 133
1 133
1 147
97 147
146 1
146 1
98 97
98 146
98 146
1 98
146 1
146 98
1 146
145 1
145 146
62 98
62 145
62 145
1 62
145 1
145 62
1 145
128 145
144 1
144 62
5 128
5 144
120 5
120 144
143 5
143 120
9 120
9 143
9 143
1 9
143 1
143 9
1 143
105 143
142 1
142 9
107 105
107 142
107 142
1 107
142 1
142 107
1 142
137 142
141 1
141 107
21 141
117 21
117 141
140 117
140 117
44 140
108 44
108 137
108 140
139 108
139 108
30 108
30 139
30 139
1 30
139 1
139 30
1 139
49 139
138 1
138 30
1 49
1 138
1 138
2 1
138 2
138 1
2 138
60 138
137 1
137 2
32 60
32 137
134 32
134 137
136 32
136 134
18 134
18 136
96 136
135 18
135 18
89 135
103 89
103 135
134 96
134 103
60 103
60 134
60 134
1 60
134 1
134 60
1 134
76 134
133 1
133 60
54 76
54 133
65 133
132 54
132 54
34 132
66 132
131 34
131 65
9 66
9 131
9 131
1 9
131 1
131 9
1 131
99 1
99 9
99 131
130 99
130 99
91 130
122 91
122 99
122 130
129 122
129 122
17 129
84 17
84 129
128 84
128 84
28 122
28 128
111 28
111 28
111 128
127 111
127 111
11 127
35 127
126 11
126 35
99 126
116 99
116 126
125 111
125 116
16 116
16 125
85 125
124 16
124 16
44 85
44 124
53 124
123 44
123 44
17 123
79 17
79 53
79 123
122 79
122 79
78 79
78 122
78 122
1 78
122 1
122 78
1 122
89 1
89 78
89 122
121 89
121 89
44 89
44 121
44 121
1 44
121 1
121 44
1 121
82 1
82 121
120 44
120 82
76 120
98 120
119 76
119 82
15 119
24 15
24 119
118 24
118 24
9 98
9 118
43 9
43 9
43 118
117 43
117 43
13 43
13 117
56 117
116 13
116 13
75 56
75 116
88 116
115 75
115 75
4 88
4 115
68 4
68 115
114 4
114 68
1 114
56 114
113 1
113 56
27 68
27 113
54 27
54 27
54 113
112 54
112 54
2 112
95 2
95 54
95 112
111 95
111 95
39 111
44 111
110 39
110 44
37 110
48 37
48 110
109 48
109 48
24 95
24 109
50 24
50 109
108 24
108 50
15 50
15 108
15 108
1 15
108 1
108 15
1 108
20 108
107 1
107 15
9 20
9 107
9 107
1 9
107 1
107 9
1 107
42 1
42 107
106 9
106 42
2 42
2 106
2 106
1 2
106 1
106 2
1 106
76 106
105 1
105 2
37 76
37 105
37 105
1 37
105 1
105 37
1 105
41 1
41 105
104 37
104 41
26 41
26 104
26 104
1 26
104 1
104 26
1 104
63 104
103 1
103 26
38 63
38 103
42 103
102 38
102 38
30 42
30 102
60 102
101 30
101 30
15 60
15 101
15 101
1 15
101 1
101 15
1 101
24 1
24 101
100 15
100 24
25 24
25 100
60 25
60 25
60 100
99 60
99 60
63 60
63 99
97 63
97 99
98 63
98 97
37 97
37 98
91 37
91 37
91 98
97 91
97 91
56 91
56 97
59 56
59 97
96 56
96 59
61 59
61 96
77 61
77 61
77 96
95 77
95 77
10 77
10 95
73 10
73 95
94 10
94 73
39 94
45 94
93 39
93 45
70 93
76 93
92 70
92 73
16 76
16 92
16 92
1 16
92 1
92 16
1 92
35 1
35 16
35 92
91 35
91 35
30 35
30 91
30 91
1 30
91 1
91 30
1 91
67 91
90 1
90 30
3 67
3 90
3 90
1 3
90 1
90 3
1 90
41 90
89 1
89 3
15 41
15 89
15 89
1 15
89 1
89 15
1 89
79 1
79 89
88 15
88 79
56 88
59 56
59 79
59 88
87 59
87 59
32 59
32 87
49 87
86 32
86 32
6 86
42 86
85 6
85 42
19 85
66 85
84 19
84 49
19 66
19 84
19 84
1 19
84 1
84 19
1 84
36 84
83 1
83 19
42 36
42 83
42 83
1 42
83 1
83 42
1 83
77 1
77 83
82 42
82 77
26 82
30 82
81 26
81 30
13 81
77 81
80 13
80 77
6 77
6 80
61 6
61 6
61 80
79 61
79 61
23 79
43 79
78 23
78 43
64 61
64 78
69 64
69 78
77 64
77 69
18 69
18 77
42 18
42 18
42 77
76 42
76 42
51 76
66 42
66 76
75 51
75 66
40 66
40 75
40 75
1 40
75 1
75 40
1 75
59 1
59 40
59 75
74 59
74 59
24 74
52 24
52 74
73 52
73 52
57 73
68 73
72 57
72 59
1 72
10 72
71 1
71 10
19 71
49 71
70 19
70 49
44 68
44 70
55 44
55 70
69 44
69 55
59 55
59 69
59 69
1 59
69 1
69 59
1 69
62 1
62 59
62 69
68 62
68 62
21 68
32 21
32 68
67 32
67 32
18 62
18 67
18 67
1 18
67 1
67 18
1 67
58 1
58 18
58 67
66 58
66 58
26 66
65 26
65 58
65 66
1 65
21 1
21 65
21 65
1 21
65 1
65 21
1 65
30 1
30 21
30 65
64 30
64 30
38 64
56 30
56 64
63 38
63 56
30 63
57 30
57 63
62 56
62 57
7 57
7 62
18 7
18 62
61 7
61 18
8 61
56 8
56 61
60 18
60 56
1 60
19 60
59 1
59 19
1 56
1 59
29 1
29 1
29 59
58 29
58 29
1 29
1 58
1 58
2 1
58 2
58 1
2 58
29 1
29 58
57 2
57 29
9 29
9 57
33 57
56 9
56 9
53 33
53 56
54 56
55 53
55 53
23 54
23 55
40 55
54 23
54 23
15 54
16 54
53 15
53 16
14 53
41 14
41 53
52 40
52 41
18 41
18 52
18 52
1 18
52 1
52 18
1 52
41 1
41 18
41 52
51 41
51 41
19 51
41 19
41 51
50 41
50 41
16 41
16 50
35 16
35 50
49 16
49 35
11 35
11 49
11 49
1 11
49 1
49 11
1 49
38 1
38 11
38 49
48 38
48 38
1 48
36 1
36 48
47 36
47 36
14 38
14 47
14 47
1 14
47 1
47 14
1 47
20 1
20 47
46 14
46 20
4 46
29 4
29 20
29 46
45 29
45 29
8 45
21 45
44 8
44 21
17 44
39 44
43 17
43 29
14 43
28 14
28 39
28 43
42 28
42 28
5 28
5 42
5 42
1 5
42 1
42 5
1 42
41 42
41 1
12 5
12 41
12 41
1 12
41 1
41 12
1 41
38 41
40 1
40 12
7 38
7 40
7 40
1 7
40 1
40 7
1 40
28 40
39 1
39 7
21 28
21 39
21 39
1 21
39 1
39 21
1 39
25 1
25 39
38 21
38 25
13 25
13 38
27 38
37 13
37 13
20 37
34 37
36 20
36 27
16 34
16 36
24 16
24 16
24 36
35 24
35 24
20 35
29 20
29 35
34 24
34 29
8 29
8 34
25 8
25 34
33 8
33 25
5 33
7 5
7 33
32 7
32 7
2 25
2 32
2 32
1 2
32 1
32 2
1 32
17 32
31 1
31 2
9 17
9 31
9 31
1 9
31 1
31 9
1 31
29 1
29 9
29 31
30 29
30 29
20 29
20 30
22 20
22 30
29 20
29 22
3 22
3 29
18 3
18 3
18 29
28 18
28 18
1 18
1 28
1 28
2 1
28 2
28 1
2 28
24 1
24 28
27 2
27 24
6 24
6 27
6 27
1 6
27 1
27 6
1 27
11 27
26 1
26 6
7 11
7 26
23 7
23 26
25 7
25 23
1 25
12 1
12 25
24 12
24 12
11 23
11 24
11 24
1 11
24 1
24 11
1 24
16 1
16 24
23 11
23 16
12 16
12 23
14 12
14 12
14 23
22 14
22 14
1 22
13 1
13 14
13 22
21 13
21 13
11 13
11 21
19 11
19 21
20 11
20 19
9 19
9 20
9 20
1 9
20 1
20 9
1 20
12 20
19 1
19 9
4 12
4 19
4 19
1 4
19 1
19 4
1 19
10 1
10 19
18 4
18 10
1 10
1 18
2 1
2 18
17 1
17 2
1 17
11 1
11 17
16 2
16 11
3 11
3 16
3 16
1 3
16 1
16 3
1 16
11 1
11 16
15 3
15 11
10 11
10 15
13 10
13 15
14 10
14 13
8 14
8 14
13 8
8 13
8 13
1 8
13 1
13 8
1 13
12 13
12 1
2 8
2 12
2 12
1 2
12 1
12 2
1 12
8 1
8 12
11 2
11 8
1 8
1 11
3 1
3 1
3 11
10 3
10 3
3 10
9 10
9 3
2 3
2 9
2 9
1 2
9 1
9 2
1 9
6 1
6 2
6 9
8 6
8 6
1 6
1 8
5 1
5 1
5 8
7 5
7 5
2 5
2 7
4 2
4 2
4 7
6 4
6 4
1 4
1 6
1 6
2 1
6 2
6 1
2 6
5 1
5 2
5 6
1 5
2 5
4 1
4 5
1 4
1 4
3 1
3 1
1 3
2 3
1 2
1 2
