7016
998 336
998 814
40 979
40 998
987 998
997 40
997 40
81 987
81 997
827 997
996 81
996 81
548 996
804 548
804 996
995 804
995 804
559 827
559 995
937 995
994 559
994 559
674 937
674 994
775 674
775 994
993 674
993 775
582 775
582 993
582 993
1 582
993 1
993 582
1 993
827 993
992 1
992 582
171 827
171 992
171 992
1 171
992 1
992 171
1 992
486 992
991 1
991 171
216 486
216 991
216 991
1 216
991 1
991 216
1 991
788 1
788 991
990 216
990 788
127 788
127 990
375 127
375 990
989 127
989 375
293 989
599 293
599 989
988 375
988 599
122 988
921 122
921 599
921 988
987 921
987 921
186 987
229 186
229 987
986 229
986 229
478 986
561 478
561 921
561 986
985 561
985 561
313 561
313 985
424 985
984 313
984 313
417 984
710 984
983 417
983 424
135 710
135 983
432 983
982 135
982 135
20 982
899 982
981 20
981 432
303 899
303 981
356 303
356 981
980 303
980 356
451 356
451 980
548 451
548 980
979 451
979 548
289 548
289 979
700 979
978 289
978 289
201 700
201 978
619 978
977 201
977 201
53 619
53 977
581 53
581 977
976 53
976 581
424 976
875 424
875 581
875 976
975 875
975 875
478 875
478 975
658 478
658 478
658 975
974 658
974 658
245 658
245 974
721 245
721 974
973 245
973 721
112 721
112 973
726 112
726 112
726 973
972 726
972 726
8 726
8 972
8 972
1 8
972 1
972 8
1 972
352 972
971 1
971 8
126 971
700 971
970 126
970 352
577 700
577 970
727 970
969 577
969 577
473 727
473 969
492 473
492 969
968 473
968 492
82 968
911 968
967 82
967 492
160 967
365 160
365 967
966 365
966 365
118 911
118 966
736 966
965 118
965 118
266 736
266 965
266 965
1 266
965 1
965 266
1 965
295 965
964 1
964 266
669 295
669 964
669 964
1 669
964 1
964 669
1 964
676 1
676 964
963 669
963 676
502 676
502 963
632 502
632 963
962 502
962 632
272 962
946 272
946 962
961 632
961 946
301 946
301 961
938 961
960 301
960 301
206 938
206 960
224 960
959 206
959 206
128 224
128 959
863 128
863 959
958 128
958 863
606 863
606 958
606 958
1 606
958 1
958 606
1 958
943 958
957 1
957 606
197 943
197 957
197 957
1 197
957 1
957 197
1 957
600 1
600 197
600 957
956 600
956 600
336 600
336 956
716 956
955 336
955 336
50 955
335 955
954 50
954 335
27 716
27 954
760 27
760 954
953 27
953 760
567 953
908 567
908 953
952 760
952 908
231 908
231 952
231 952
1 231
952 1
952 231
1 952
258 952
951 1
951 231
492 258
492 951
492 951
1 492
951 1
951 492
1 951
685 1
685 951
950 492
950 685
582 685
582 950
582 950
1 582
950 1
950 582
1 950
825 1
825 582
825 950
949 825
949 825
220 825
220 949
837 949
948 220
948 220
398 837
398 948
398 948
1 398
948 1
948 398
1 948
682 1
682 948
947 398
947 682
617 947
884 617
884 682
884 947
946 884
946 884
69 946
451 69
451 946
945 451
945 451
542 884
542 945
905 542
905 945
944 542
944 905
720 905
720 944
797 944
943 720
943 720
383 797
383 943
459 943
942 383
942 383
531 459
531 942
904 531
904 942
941 531
941 904
479 904
479 941
908 479
908 941
940 479
940 908
382 908
382 940
565 940
939 382
939 382
74 565
74 939
148 74
148 74
148 939
938 148
938 148
303 148
303 938
437 303
437 938
937 303
937 437
26 437
26 937
26 937
1 26
937 1
937 26
1 937
716 1
716 937
936 26
936 716
921 716
921 936
924 921
924 936
935 921
935 924
494 935
907 494
907 924
907 935
934 907
934 907
725 907
725 934
903 934
933 725
933 725
259 903
259 933
902 259
902 259
902 933
932 902
932 902
389 902
389 932
756 932
931 389
931 389
474 931
619 474
619 931
930 619
930 619
833 756
833 930
853 930
929 833
929 833
307 929
791 307
791 929
928 791
928 791
7 853
7 928
7 928
1 7
928 1
928 7
1 928
517 928
927 1
927 7
65 517
65 927
65 927
1 65
927 1
927 65
1 927
457 1
457 927
926 65
926 457
496 926
831 926
925 457
925 496
124 831
124 925
124 925
1 124
925 1
925 124
1 925
254 925
924 1
924 124
743 254
743 924
894 924
923 743
923 743
601 894
601 923
601 923
1 601
923 1
923 601
1 923
889 923
922 1
922 601
296 922
753 296
753 922
921 753
921 753
201 889
201 921
600 201
600 201
600 921
920 600
920 600
54 600
54 920
351 920
919 54
919 54
263 351
263 919
793 263
793 263
793 919
918 793
918 793
326 793
326 918
768 918
917 326
917 326
370 917
535 370
535 917
916 535
916 535
179 768
179 916
179 916
1 179
916 1
916 179
1 916
664 916
915 1
915 179
643 664
643 915
812 915
914 643
914 643
258 914
780 914
913 258
913 780
371 812
371 913
371 913
1 371
913 1
913 371
1 913
520 1
520 913
912 371
912 520
665 912
690 912
911 520
911 665
183 690
183 911
882 183
882 911
910 183
910 882
318 910
783 910
909 318
909 783
103 909
380 103
380 882
380 909
908 380
908 380
255 908
512 255
512 908
907 380
907 512
129 907
349 129
349 907
906 349
906 349
261 906
633 261
633 906
905 512
905 633
492 633
492 905
577 492
577 492
577 905
904 577
904 577
615 577
615 904
615 904
1 615
904 1
904 615
1 904
823 1
823 904
903 615
903 823
171 823
171 903
293 171
293 171
293 903
902 293
902 293
172 902
569 172
569 293
569 902
901 569
901 569
218 569
218 901
483 901
900 218
900 218
305 483
305 900
583 305
583 900
899 305
899 583
491 899
638 491
638 583
638 899
898 638
898 638
732 638
732 898
805 732
805 898
897 732
897 805
61 805
61 897
126 61
126 897
896 61
896 126
770 896
796 126
796 896
895 770
895 796
280 796
280 895
402 895
894 280
894 280
259 402
259 894
330 259
330 259
330 894
893 330
893 330
243 893
802 243
802 330
802 893
892 802
892 802
274 802
274 892
274 892
1 274
892 1
892 274
1 892
457 1
457 892
891 274
891 457
130 457
130 891
130 891
1 130
891 1
891 130
1 891
431 1
431 891
890 130
890 431
92 890
732 92
732 890
889 431
889 732
56 889
662 889
888 56
888 662
396 888
443 396
443 888
887 443
887 443
429 732
429 887
429 887
1 429
887 1
887 429
1 887
589 887
886 1
886 429
21 886
62 21
62 589
62 886
885 62
885 62
23 885
391 23
391 62
391 885
884 391
884 391
13 391
13 884
303 13
303 13
303 884
883 303
883 303
651 883
708 883
882 303
882 651
539 882
588 539
588 882
881 588
881 588
290 881
609 290
609 881
880 609
880 609
36 880
832 36
832 880
879 708
879 832
129 832
129 879
129 879
1 129
879 1
879 129
1 879
532 879
878 1
878 129
149 532
149 878
149 878
1 149
878 1
878 149
1 878
391 878
877 1
877 149
218 877
537 877
876 218
876 391
260 876
728 876
875 260
875 537
388 728
388 875
388 875
1 388
875 1
875 388
1 875
603 875
874 1
874 388
47 603
47 874
47 874
1 47
874 1
874 47
1 874
198 1
198 874
873 47
873 198
288 198
288 873
288 873
1 288
873 1
873 288
1 873
835 873
872 1
872 288
746 835
746 872
807 746
807 872
871 746
871 807
263 871
777 871
870 263
870 777
267 870
501 870
869 267
869 501
295 869
436 295
436 807
436 869
868 436
868 436
583 436
583 868
823 868
867 583
867 583
17 867
157 17
157 867
866 157
866 157
303 823
303 866
303 866
1 303
866 1
866 303
1 866
787 1
787 303
787 866
865 787
865 787
403 787
403 865
602 865
864 403
864 403
4 864
752 4
752 602
752 864
863 752
863 752
119 752
119 863
119 863
1 119
863 1
863 119
1 863
632 863
862 1
862 119
209 862
326 862
861 209
861 326
614 861
702 861
860 614
860 632
176 702
176 860
364 176
364 176
364 860
859 364
859 364
19 364
19 859
517 859
858 19
858 19
605 517
605 858
605 858
1 605
858 1
858 605
1 858
750 1
750 858
857 605
857 750
29 750
29 857
698 29
698 29
698 857
856 698
856 698
494 698
494 856
494 856
1 494
856 1
856 494
1 856
676 856
855 1
855 494
457 676
457 855
457 855
1 457
855 1
855 457
1 855
805 1
805 855
854 457
854 805
356 854
379 356
379 854
853 379
853 379
385 805
385 853
845 853
852 385
852 385
364 845
364 852
364 852
1 364
852 1
852 364
1 852
836 1
836 852
851 364
851 836
315 836
315 851
376 315
376 315
376 851
850 376
850 376
59 376
59 850
59 850
1 59
850 1
850 59
1 850
684 850
849 1
849 59
169 684
169 849
169 849
1 169
849 1
849 169
1 849
485 849
848 1
848 169
505 485
505 848
515 848
847 505
847 505
540 847
647 515
647 847
846 540
846 647
423 647
423 846
423 846
1 423
846 1
846 423
1 846
458 1
458 846
845 423
845 458
237 458
237 845
237 845
1 237
845 1
845 237
1 845
405 845
844 1
844 237
31 405
31 844
803 31
803 844
843 31
843 803
204 843
553 204
553 843
842 553
842 553
337 803
337 842
366 842
841 337
841 337
56 366
56 841
56 841
1 56
841 1
841 56
1 841
118 1
118 841
840 56
840 118
560 118
560 840
560 840
1 560
840 1
840 560
1 840
578 840
839 1
839 560
431 839
648 431
648 839
838 578
838 648
213 838
701 213
701 838
837 648
837 701
604 701
604 837
718 837
836 604
836 604
411 836
575 836
835 411
835 575
27 718
27 835
686 27
686 27
686 835
834 686
834 686
194 686
194 834
194 834
1 194
834 1
834 194
1 834
515 834
833 1
833 194
76 515
76 833
76 833
1 76
833 1
833 76
1 833
420 1
420 76
420 833
832 420
832 420
145 832
451 145
451 420
451 832
831 451
831 451
311 451
311 831
311 831
1 311
831 1
831 311
1 831
368 1
368 311
368 831
830 368
830 368
267 830
715 830
829 267
829 368
117 829
344 117
344 715
344 829
828 344
828 344
151 828
160 151
160 828
827 160
827 160
168 344
168 827
251 168
251 168
251 827
826 251
826 251
599 251
599 826
599 826
1 599
826 1
826 599
1 826
698 1
698 826
825 599
825 698
391 698
391 825
625 391
625 825
824 391
824 625
286 824
577 824
823 286
823 577
39 625
39 823
637 39
637 39
637 823
822 637
822 637
411 637
411 822
477 411
477 822
821 411
821 477
15 477
15 821
15 821
1 15
821 1
821 15
1 821
82 821
820 1
820 15
204 82
204 820
543 204
543 820
819 204
819 543
6 543
6 819
179 6
179 6
179 819
818 179
818 179
297 179
297 818
297 818
1 297
818 1
818 297
1 818
611 1
611 818
817 297
817 611
125 611
125 817
363 817
816 125
816 125
26 816
718 816
815 26
815 363
239 815
319 239
319 815
814 319
814 319
741 814
771 814
813 718
813 741
257 813
553 257
553 813
812 553
812 553
208 771
208 812
496 812
811 208
811 208
6 496
6 811
6 811
1 6
811 1
811 6
1 811
266 811
810 1
810 6
296 266
296 810
564 296
564 296
564 810
809 564
809 564
266 564
266 809
266 809
1 266
809 1
809 266
1 809
575 1
575 266
575 809
808 575
808 575
574 808
690 574
690 575
690 808
807 690
807 690
129 690
129 807
129 807
1 129
807 1
807 129
1 807
392 1
392 129
392 807
806 392
806 392
192 392
192 806
791 192
791 806
805 192
805 791
76 791
76 805
76 805
1 76
805 1
805 76
1 805
571 805
804 1
804 76
105 571
105 804
661 105
661 105
661 804
803 661
803 661
244 661
244 803
507 803
802 244
802 244
347 802
464 802
801 347
801 464
158 507
158 801
230 158
230 801
800 158
800 230
211 800
602 800
799 211
799 230
390 602
390 799
794 799
798 390
798 390
48 794
48 798
48 798
1 48
798 1
798 48
1 798
112 798
797 1
797 48
284 797
397 112
397 797
796 284
796 397
266 397
266 796
302 266
302 266
302 796
795 302
795 302
91 302
91 795
726 795
794 91
794 91
530 726
530 794
671 530
671 794
793 530
793 671
152 671
152 793
258 793
792 152
792 152
563 792
698 792
791 258
791 563
14 698
14 791
14 791
1 14
791 1
791 14
1 791
457 791
790 1
790 14
49 457
49 790
534 49
534 49
534 790
789 534
789 534
33 534
33 789
228 33
228 33
228 789
788 228
788 228
505 788
648 788
787 228
787 505
374 648
374 787
374 787
1 374
787 1
787 374
1 787
667 787
786 1
786 374
14 786
747 786
785 14
785 667
75 747
75 785
75 785
1 75
785 1
785 75
1 785
400 1
400 785
784 75
784 400
548 784
671 400
671 784
783 548
783 671
208 783
295 208
295 671
295 783
782 295
782 295
176 295
176 782
350 176
350 176
350 782
781 350
781 350
61 350
61 781
61 781
1 61
781 1
781 61
1 781
702 781
780 1
780 61
39 780
45 39
45 780
779 45
779 45
178 702
178 779
508 779
778 178
778 178
409 508
409 778
427 409
427 778
777 409
777 427
214 777
587 777
776 214
776 427
5 587
5 776
591 776
775 5
775 5
303 775
713 303
713 775
774 591
774 713
320 713
320 774
578 774
773 320
773 320
16 578
16 773
644 773
772 16
772 16
169 772
629 169
629 644
629 772
771 629
771 629
234 629
234 771
740 234
740 234
740 771
770 740
770 740
166 770
217 166
217 770
769 217
769 217
21 740
21 769
44 769
768 21
768 21
145 44
145 768
599 145
599 145
599 768
767 599
767 599
42 599
42 767
42 767
1 42
767 1
767 42
1 767
144 767
766 1
766 42
381 766
761 766
765 144
765 381
51 761
51 765
573 51
573 51
573 765
764 573
764 573
39 573
39 764
39 764
1 39
764 1
764 39
1 764
154 764
763 1
763 39
245 154
245 763
245 763
1 245
763 1
763 245
1 763
737 1
737 763
762 245
762 737
475 762
571 475
571 737
571 762
761 571
761 571
199 571
199 761
602 199
602 761
760 199
760 602
451 602
451 760
664 451
664 760
759 451
759 664
279 664
279 759
501 759
758 279
758 279
111 758
297 758
757 111
757 297
165 757
365 165
365 757
756 365
756 365
364 501
364 756
364 756
1 364
756 1
756 364
1 756
491 1
491 364
491 756
755 491
755 491
56 491
56 755
56 755
1 56
755 1
755 56
1 755
669 755
754 1
754 56
57 754
322 57
322 754
753 322
753 322
468 669
468 753
468 753
1 468
753 1
753 468
1 753
736 1
736 753
752 468
752 736
343 752
576 752
751 343
751 576
207 736
207 751
641 751
750 207
750 207
77 641
77 750
77 750
1 77
750 1
750 77
1 750
253 1
253 77
253 750
749 253
749 253
287 749
696 253
696 287
696 749
748 696
748 696
343 696
343 748
515 748
747 343
747 343
68 747
697 68
697 515
697 747
746 697
746 697
191 746
198 191
198 697
198 746
745 198
745 198
282 198
282 745
282 745
1 282
745 1
745 282
1 745
353 1
353 745
744 282
744 353
263 744
730 744
743 263
743 353
501 730
501 743
616 501
616 501
616 743
742 616
742 616
392 616
392 742
689 392
689 742
741 392
741 689
462 689
462 741
641 462
641 462
641 741
740 641
740 641
173 641
173 740
173 740
1 173
740 1
740 173
1 740
477 1
477 740
739 173
739 477
410 477
410 739
453 739
738 410
738 410
232 738
725 232
725 453
725 738
737 725
737 725
166 725
166 737
435 166
435 737
736 166
736 435
113 435
113 736
113 736
1 113
736 1
736 113
1 736
405 1
405 736
735 113
735 405
440 735
554 405
554 440
554 735
734 554
734 554
480 554
480 734
480 734
1 480
734 1
734 480
1 734
562 1
562 734
733 480
733 562
250 562
250 733
455 733
732 250
732 250
292 455
292 732
577 292
577 292
577 732
731 577
731 577
125 577
125 731
252 731
730 125
730 125
179 730
203 179
203 252
203 730
729 203
729 203
529 203
529 729
563 729
728 529
728 529
672 728
717 728
727 563
727 672
49 717
49 727
49 727
1 49
727 1
727 49
1 727
656 1
656 49
656 727
726 656
726 656
343 656
343 726
717 726
725 343
725 343
237 717
237 725
374 237
374 725
724 237
724 374
222 374
222 724
418 222
418 222
418 724
723 418
723 418
241 723
606 241
606 723
722 418
722 606
274 606
274 722
274 722
1 274
722 1
722 274
1 722
425 1
425 722
721 274
721 425
341 425
341 721
341 721
1 341
721 1
721 341
1 721
360 721
720 1
720 341
230 720
245 230
245 360
245 720
719 245
719 245
13 719
702 13
702 245
702 719
718 702
718 702
76 702
76 718
76 718
1 76
718 1
718 76
1 718
525 1
525 718
717 76
717 525
171 717
291 717
716 171
716 291
54 525
54 716
54 716
1 54
716 1
716 54
1 716
403 1
403 54
403 716
715 403
715 403
51 715
88 51
88 403
88 715
714 88
714 88
225 88
225 714
225 714
1 225
714 1
714 225
1 714
310 1
310 714
713 225
713 310
284 713
598 284
598 310
598 713
712 598
712 598
56 598
56 712
59 712
711 56
711 56
425 59
425 711
670 425
670 711
710 425
710 670
243 710
501 243
501 670
501 710
709 501
709 501
29 709
137 29
137 709
708 137
708 137
107 501
107 708
274 107
274 107
274 708
707 274
707 274
15 274
15 707
256 15
256 707
706 15
706 256
389 256
389 706
429 389
429 389
429 706
705 429
705 429
151 429
151 705
657 151
657 705
704 151
704 657
461 704
597 461
597 704
703 597
703 597
165 657
165 703
165 703
1 165
703 1
703 165
1 703
337 703
702 1
702 165
226 702
438 702
701 226
701 337
155 438
155 701
559 701
700 155
700 155
93 559
93 700
606 93
606 93
606 700
699 606
699 606
549 606
549 699
553 549
553 549
553 699
698 553
698 553
480 698
595 480
595 553
595 698
697 595
697 595
53 595
53 697
53 697
1 53
697 1
697 53
1 697
641 697
696 1
696 53
7 641
7 696
569 7
569 7
569 696
695 569
695 569
565 569
565 695
565 695
1 565
695 1
695 565
1 695
686 1
686 695
694 565
694 686
662 694
663 694
693 662
693 663
251 686
251 693
614 251
614 693
692 251
692 614
121 614
121 692
642 692
691 121
691 121
70 642
70 691
151 691
690 70
690 70
275 690
450 151
450 690
689 275
689 450
60 450
60 689
60 689
1 60
689 1
689 60
1 689
259 689
688 1
688 60
110 259
110 688
148 688
687 110
687 110
472 148
472 687
472 687
1 472
687 1
687 472
1 687
659 687
686 1
686 472
90 686
308 90
308 659
308 686
685 308
685 308
405 685
633 308
633 405
633 685
684 633
684 633
34 633
34 684
53 34
53 34
53 684
683 53
683 53
77 53
77 683
77 683
1 77
683 1
683 77
1 683
471 1
471 77
471 683
682 471
682 471
9 471
9 682
9 682
1 9
682 1
682 9
1 682
263 1
263 682
681 9
681 263
36 681
403 36
403 263
403 681
680 403
680 403
258 403
258 680
258 680
1 258
680 1
680 258
1 680
465 1
465 680
679 258
679 465
203 465
203 679
203 679
1 203
679 1
679 203
1 679
466 679
678 1
678 203
197 466
197 678
491 197
491 678
677 197
677 491
555 491
555 677
555 677
1 555
677 1
677 555
1 677
604 677
676 1
676 555
26 604
26 676
26 676
1 26
676 1
676 26
1 676
295 676
675 1
675 26
125 675
221 125
221 295
221 675
674 221
674 221
41 221
41 674
209 41
209 674
673 41
673 209
250 673
568 673
672 209
672 250
188 672
312 188
312 568
312 672
671 312
671 312
436 671
578 312
578 671
670 436
670 578
508 578
508 670
508 670
1 508
670 1
670 508
1 670
598 1
598 508
598 670
669 598
669 598
476 598
476 669
476 669
1 476
669 1
669 476
1 669
614 1
614 476
614 669
668 614
668 614
503 668
591 668
667 503
667 591
11 614
11 667
397 667
666 11
666 11
51 666
106 666
665 51
665 106
160 665
184 665
664 160
664 184
40 664
389 40
389 664
663 389
663 389
43 663
632 663
662 43
662 397
503 632
503 662
503 662
1 503
662 1
662 503
1 662
528 1
528 662
661 503
661 528
483 528
483 661
614 483
614 661
660 483
660 614
86 614
86 660
229 660
659 86
659 86
372 659
541 229
541 372
541 659
658 541
658 541
322 541
322 658
322 658
1 322
658 1
658 322
1 658
472 1
472 322
472 658
657 472
657 472
62 472
62 657
468 657
656 62
656 62
99 468
99 656
272 99
272 656
655 99
655 272
127 272
127 655
127 655
1 127
655 1
655 127
1 655
458 1
458 127
458 655
654 458
654 458
409 458
409 654
643 409
643 654
653 409
653 643
2 653
213 2
213 653
652 213
652 213
281 643
281 652
382 652
651 281
651 281
163 382
163 651
163 651
1 163
651 1
651 163
1 651
592 1
592 651
650 163
650 592
128 592
128 650
128 650
1 128
650 1
650 128
1 650
320 1
320 650
649 128
649 320
214 649
296 649
648 214
648 296
145 320
145 648
168 145
168 648
647 145
647 168
455 168
455 647
455 647
1 455
647 1
647 455
1 647
591 647
646 1
646 455
26 591
26 646
26 646
1 26
646 1
646 26
1 646
362 646
645 1
645 26
5 645
16 5
16 645
644 16
644 16
417 362
417 644
633 644
643 417
643 417
224 633
224 643
224 643
1 224
643 1
643 224
1 643
306 1
306 643
642 224
642 306
540 306
540 642
608 642
641 540
641 540
74 641
583 74
583 608
583 641
640 583
640 583
187 583
187 640
187 640
1 187
640 1
640 187
1 640
242 640
639 1
639 187
8 242
8 639
366 8
366 639
638 8
638 366
2 366
2 638
214 2
214 2
214 638
637 214
637 214
304 214
304 637
427 304
427 304
427 637
636 427
636 427
337 427
337 636
386 337
386 337
386 636
635 386
635 386
229 635
470 229
470 386
470 635
634 470
634 470
166 470
166 634
565 166
565 634
633 166
633 565
241 633
342 241
342 565
342 633
632 342
632 342
143 632
535 632
631 143
631 342
403 535
403 631
403 631
1 403
631 1
631 403
1 631
457 631
630 1
630 403
194 457
194 630
246 194
246 630
629 194
629 246
224 246
224 629
606 224
606 629
628 224
628 606
374 606
374 628
402 628
627 374
627 374
83 627
285 627
626 83
626 285
142 402
142 626
208 142
208 626
625 142
625 208
5 625
60 5
60 625
624 60
624 60
207 208
207 624
207 624
1 207
624 1
624 207
1 624
276 624
623 1
623 207
21 623
429 623
622 21
622 276
41 622
275 41
275 622
621 275
621 275
35 429
35 621
131 621
620 35
620 35
297 620
555 131
555 620
619 297
619 555
151 555
151 619
503 151
503 619
618 151
618 503
273 618
289 618
617 273
617 289
34 503
34 617
34 617
1 34
617 1
617 34
1 617
168 1
168 617
616 34
616 168
172 168
172 616
574 616
615 172
615 172
361 574
361 615
361 615
1 361
615 1
615 361
1 615
537 1
537 615
614 361
614 537
411 537
411 614
411 614
1 411
614 1
614 411
1 614
496 614
613 1
613 411
47 496
47 613
191 47
191 613
612 47
612 191
437 191
437 612
511 612
611 437
611 437
238 611
361 611
610 238
610 361
276 511
276 610
377 276
377 276
377 610
609 377
609 377
176 609
519 609
608 176
608 377
218 608
333 218
333 608
607 333
607 333
15 519
15 607
255 15
255 607
606 15
606 255
75 255
75 606
75 606
1 75
606 1
606 75
1 606
563 1
563 606
605 75
605 563
342 563
342 605
342 605
1 342
605 1
605 342
1 605
522 1
522 605
604 342
604 522
69 522
69 604
387 69
387 604
603 69
603 387
33 387
33 603
269 603
602 33
602 33
336 269
336 602
336 602
1 336
602 1
602 336
1 602
442 602
601 1
601 336
65 442
65 601
235 601
600 65
600 65
8 600
177 8
177 600
599 177
599 177
60 599
71 60
71 235
71 599
598 71
598 71
242 598
275 71
275 242
275 598
597 275
597 275
348 275
348 597
348 597
1 348
597 1
597 348
1 597
394 597
596 1
596 348
282 394
282 596
282 596
1 282
596 1
596 282
1 596
355 596
595 1
595 282
282 355
282 595
282 595
1 282
595 1
595 282
1 595
285 1
285 282
285 595
594 285
594 285
107 285
107 594
107 594
1 107
594 1
594 107
1 594
542 1
542 594
593 107
593 542
73 542
73 593
73 593
1 73
593 1
593 73
1 593
376 593
592 1
592 73
156 376
156 592
156 592
1 156
592 1
592 156
1 592
490 592
591 1
591 156
366 490
366 591
417 366
417 591
590 366
590 417
119 417
119 590
119 590
1 119
590 1
590 119
1 590
506 1
506 119
506 590
589 506
589 506
42 506
42 589
582 42
582 589
588 42
588 582
179 582
179 588
179 588
1 179
588 1
588 179
1 588
308 1
308 588
587 179
587 308
359 308
359 587
560 359
560 359
560 587
586 560
586 560
56 586
300 56
300 586
585 300
585 300
261 560
261 585
489 261
489 585
584 261
584 489
335 489
335 584
335 584
1 335
584 1
584 335
1 584
409 584
583 1
583 335
279 583
561 583
582 279
582 409
348 582
521 348
521 582
581 521
581 521
198 581
552 198
552 561
552 581
580 552
580 552
16 552
16 580
276 16
276 580
579 16
579 276
84 276
84 579
84 579
1 84
579 1
579 84
1 579
228 579
578 1
578 84
147 228
147 578
147 578
1 147
578 1
578 147
1 578
559 1
559 147
559 578
577 559
577 559
467 559
467 577
467 577
1 467
577 1
577 467
1 577
498 1
498 577
576 467
576 498
112 576
179 112
179 576
575 179
575 179
150 498
150 575
150 575
1 150
575 1
575 150
1 575
252 1
252 150
252 575
574 252
574 252
329 574
345 574
573 252
573 329
271 345
271 573
271 573
1 271
573 1
573 271
1 573
320 573
572 1
572 271
401 320
401 572
401 572
1 401
572 1
572 401
1 572
417 572
571 1
571 401
83 417
83 571
249 83
249 83
249 571
570 249
570 249
300 249
300 570
369 300
369 570
569 300
569 369
230 369
230 569
244 230
244 230
244 569
568 244
568 244
451 568
566 568
567 244
567 451
44 567
116 44
116 567
566 116
250 116
250 566
250 566
1 250
566 1
566 250
1 566
546 566
565 1
565 250
207 546
207 565
284 207
284 565
564 207
564 284
122 564
311 564
563 122
563 284
534 311
534 563
549 563
562 534
562 534
446 549
446 562
446 562
1 446
562 1
562 446
1 562
498 562
561 1
561 446
323 498
323 561
323 561
1 323
561 1
561 323
1 561
441 1
441 561
560 323
560 441
268 441
268 560
268 560
1 268
560 1
560 268
1 560
430 1
430 268
430 560
559 430
559 430
104 559
276 104
276 430
276 559
558 276
558 276
38 276
38 558
38 558
1 38
558 1
558 38
1 558
500 1
500 558
557 38
557 500
123 500
123 557
393 123
393 557
556 123
556 393
98 393
98 556
98 556
1 98
556 1
556 98
1 556
202 556
555 1
555 98
113 555
334 555
554 113
554 202
150 334
150 554
150 554
1 150
554 1
554 150
1 554
304 1
304 150
304 554
553 304
553 304
244 304
244 553
244 553
1 244
553 1
553 244
1 553
489 1
489 244
489 553
552 489
552 489
120 489
120 552
120 552
1 120
552 1
552 120
1 552
297 552
551 1
551 120
543 297
543 551
545 543
545 551
550 543
550 545
271 550
436 271
436 545
436 550
549 436
549 436
364 549
471 364
471 436
471 549
548 471
548 471
104 471
104 548
389 104
389 548
547 104
547 389
197 389
197 547
241 197
241 547
546 197
546 241
282 546
326 241
326 282
326 546
545 326
545 326
186 326
186 545
489 186
489 186
489 545
544 489
544 489
245 489
245 544
260 245
260 245
260 544
543 260
543 260
90 543
199 543
542 90
542 199
334 260
334 542
471 334
471 334
471 542
541 471
541 471
162 471
162 541
324 541
540 162
540 162
296 324
296 540
473 296
473 540
539 296
539 473
23 539
324 23
324 473
324 539
538 324
538 324
187 538
282 187
282 538
537 282
537 282
46 324
46 537
46 537
1 46
537 1
537 46
1 537
89 537
536 1
536 46
132 89
132 536
132 536
1 132
536 1
536 132
1 536
406 536
535 1
535 132
401 535
411 401
411 535
534 406
534 411
169 411
169 534
324 169
324 169
324 534
533 324
533 324
65 324
65 533
65 533
1 65
533 1
533 65
1 533
423 1
423 65
423 533
532 423
532 423
285 532
295 532
531 285
531 295
9 423
9 531
9 531
1 9
531 1
531 9
1 531
357 1
357 531
530 9
530 357
260 357
260 530
260 530
1 260
530 1
530 260
1 530
316 1
316 530
529 260
529 316
229 529
513 229
513 529
528 316
528 513
4 528
41 528
527 4
527 41
151 513
151 527
151 527
1 151
527 1
527 151
1 527
221 1
221 527
526 151
526 221
391 221
391 526
501 391
501 526
525 391
525 501
115 501
115 525
283 525
524 115
524 115
170 283
170 524
229 170
229 170
229 524
523 229
523 229
27 229
27 523
89 27
89 27
89 523
522 89
522 89
62 522
447 522
521 62
521 89
62 447
62 521
201 62
201 62
201 521
520 201
520 201
181 520
461 520
519 181
519 201
14 461
14 519
125 14
125 14
125 519
518 125
518 125
212 518
340 125
340 518
517 212
517 340
34 517
304 34
304 340
304 517
516 304
516 304
211 516
347 516
515 211
515 304
200 515
505 200
505 347
505 515
514 505
514 505
324 505
324 514
364 324
364 324
364 514
513 364
513 364
105 364
105 513
468 105
468 513
512 105
512 468
182 512
205 182
205 512
511 205
511 205
300 468
300 511
300 511
1 300
511 1
511 300
1 511
377 1
377 300
377 511
510 377
510 377
3 510
72 3
72 377
72 510
509 72
509 72
151 72
151 509
151 509
1 151
509 1
509 151
1 509
450 1
450 151
450 509
508 450
508 450
1 450
1 508
270 1
270 508
507 1
507 270
7 270
7 507
7 507
1 7
507 1
507 7
1 507
97 1
97 507
506 7
506 97
215 97
215 506
215 506
1 215
506 1
506 215
1 506
228 1
228 506
505 215
505 228
142 228
142 505
142 505
1 142
505 1
505 142
1 505
222 1
222 142
222 505
504 222
504 222
277 222
277 504
471 504
503 277
503 277
95 471
95 503
95 503
1 95
503 1
503 95
1 503
149 503
502 1
502 95
62 502
281 502
501 62
501 149
320 281
320 501
478 320
478 320
478 501
500 478
500 478
251 500
411 251
411 478
411 500
499 411
499 411
60 411
60 499
107 60
107 60
107 499
498 107
498 107
34 107
34 498
37 34
37 498
497 34
497 37
85 497
170 37
170 85
170 497
496 170
496 170
17 496
256 496
495 17
495 170
11 256
11 495
258 11
258 11
258 495
494 258
494 258
132 258
132 494
132 494
1 132
494 1
494 132
1 494
217 494
493 1
493 132
80 493
266 80
266 217
266 493
492 266
492 266
151 266
151 492
151 492
1 151
492 1
492 151
1 492
301 1
301 151
301 492
491 301
491 301
287 491
324 287
324 301
324 491
490 324
490 324
24 324
24 490
227 490
489 24
489 24
166 227
166 489
166 489
1 166
489 1
489 166
1 489
277 1
277 166
277 489
488 277
488 277
251 277
251 488
305 251
305 488
487 251
487 305
186 305
186 487
186 487
1 186
487 1
487 186
1 487
259 487
486 1
486 186
96 259
96 486
241 96
241 486
485 96
485 241
345 241
345 485
345 485
1 345
485 1
485 345
1 485
453 485
484 1
484 345
204 484
239 204
239 453
239 484
483 239
483 239
421 483
438 239
438 421
438 483
482 438
482 438
36 482
304 36
304 438
304 482
481 304
481 304
149 304
149 481
149 481
1 149
481 1
481 149
1 481
428 481
480 1
480 149
4 428
4 480
4 480
1 4
480 1
480 4
1 480
276 480
479 1
479 4
239 276
239 479
307 239
307 479
478 239
478 307
23 307
23 478
23 478
1 23
478 1
478 23
1 478
412 1
412 23
412 478
477 412
477 412
327 412
327 477
327 477
1 327
477 1
477 327
1 477
402 1
402 477
476 327
476 402
293 402
293 476
293 476
1 293
476 1
476 293
1 476
441 476
475 1
475 293
26 475
105 26
105 441
105 475
474 105
474 105
63 105
63 474
239 63
239 474
473 63
473 239
104 239
104 473
293 104
293 473
472 104
472 293
328 472
412 293
412 328
412 472
471 412
471 412
262 412
262 471
262 471
1 262
471 1
471 262
1 471
388 1
388 471
470 262
470 388
257 388
257 470
425 257
425 257
425 470
469 425
469 425
55 425
55 469
212 55
212 55
212 469
468 212
468 212
71 212
71 468
374 71
374 468
467 71
467 374
334 467
346 334
346 374
346 467
466 346
466 346
22 346
22 466
447 22
447 466
465 22
465 447
392 447
392 465
405 465
464 392
464 392
325 405
325 464
433 325
433 464
463 325
463 433
242 463
335 242
335 463
462 335
462 335
163 462
448 163
448 433
448 462
461 448
461 448
269 448
269 461
269 461
1 269
461 1
461 269
1 461
305 1
305 461
460 269
460 305
97 305
97 460
97 460
1 97
460 1
460 97
1 460
238 460
459 1
459 97
77 459
273 77
273 238
273 459
458 273
458 273
184 273
184 458
291 458
457 184
457 184
232 291
232 457
232 457
1 232
457 1
457 232
1 457
396 1
396 457
456 232
456 396
51 396
51 456
277 51
277 456
455 51
455 277
20 455
290 20
290 455
454 277
454 290
268 290
268 454
268 454
1 268
454 1
454 268
1 454
392 1
392 268
392 454
453 392
453 392
309 392
309 453
320 309
320 453
452 309
452 320
92 452
331 92
331 452
451 320
451 331
141 331
141 451
141 451
1 141
451 1
451 141
1 451
427 1
427 141
427 451
450 427
450 427
23 427
23 450
23 450
1 23
450 1
450 23
1 450
82 1
82 23
82 450
449 82
449 82
143 449
295 82
295 449
448 143
448 295
427 448
442 295
442 427
442 448
447 442
447 442
216 447
255 216
255 442
255 447
446 255
446 255
18 446
89 446
445 18
445 89
149 255
149 445
149 445
1 149
445 1
445 149
1 445
429 445
444 1
444 149
54 429
54 444
314 54
314 54
314 444
443 314
443 314
253 443
320 253
320 314
320 443
442 320
442 320
37 442
359 37
359 320
359 442
441 359
441 359
54 441
82 54
82 441
440 82
440 82
152 440
200 152
200 359
200 440
439 200
439 200
143 200
143 439
143 439
1 143
439 1
439 143
1 439
158 1
158 439
438 143
438 158
20 158
20 438
182 20
182 438
437 20
437 182
143 182
143 437
239 437
436 143
436 143
93 436
356 436
435 93
435 239
127 435
202 435
434 127
434 202
165 434
393 165
393 356
393 434
433 393
433 393
61 393
61 433
130 61
130 433
432 61
432 130
250 130
250 432
250 432
1 250
432 1
432 250
1 432
409 1
409 250
409 432
431 409
431 409
158 409
158 431
158 431
1 158
431 1
431 158
1 431
280 431
430 1
430 158
178 280
178 430
178 430
1 178
430 1
430 178
1 430
354 1
354 178
354 430
429 354
429 354
121 429
279 429
428 121
428 279
321 354
321 428
389 428
427 321
427 321
12 427
383 12
383 427
426 383
426 383
75 389
75 426
75 426
1 75
426 1
426 75
1 426
312 1
312 426
425 75
425 312
321 312
321 425
346 321
346 425
424 321
424 346
84 424
418 424
423 84
423 346
225 418
225 423
225 423
1 225
423 1
423 225
1 423
384 1
384 423
422 225
422 384
39 384
39 422
39 422
1 39
422 1
422 39
1 422
186 1
186 39
186 422
421 186
421 186
69 421
244 69
244 421
420 186
420 244
97 420
253 97
253 420
419 244
419 253
218 419
233 218
233 253
233 419
418 233
418 233
13 418
36 13
36 233
36 418
417 36
417 36
112 417
237 36
237 417
416 112
416 237
128 237
128 416
128 416
1 128
416 1
416 128
1 416
246 416
415 1
415 128
60 246
60 415
60 415
1 60
415 1
415 60
1 415
267 415
414 1
414 60
229 267
229 414
229 414
1 229
414 1
414 229
1 414
351 414
413 1
413 229
285 351
285 413
293 285
293 285
293 413
412 293
412 293
41 293
41 412
220 41
220 41
220 412
411 220
411 220
26 220
26 411
26 411
1 26
411 1
411 26
1 411
188 1
188 26
188 411
410 188
410 188
19 410
245 410
409 19
409 188
71 245
71 409
144 71
144 409
408 71
408 144
288 408
293 144
293 288
293 408
407 293
407 293
185 293
185 407
185 407
1 185
407 1
407 185
1 407
292 407
406 1
406 185
185 292
185 406
312 185
312 406
405 185
405 312
124 405
132 405
404 124
404 132
95 404
155 95
155 404
403 155
403 155
370 312
370 403
370 403
1 370
403 1
403 370
1 403
376 403
402 1
402 370
304 376
304 402
371 304
371 304
371 402
401 371
401 371
78 371
78 401
78 401
1 78
401 1
401 78
1 401
151 1
151 401
400 78
400 151
147 400
394 400
399 147
399 151
172 399
294 172
294 399
398 294
398 294
336 394
336 398
370 336
370 398
397 336
397 370
181 370
181 397
181 397
1 181
397 1
397 181
1 397
312 397
396 1
396 181
232 312
232 396
374 232
374 232
374 396
395 374
395 374
77 374
77 395
77 395
1 77
395 1
395 77
1 395
304 1
304 77
304 395
394 304
394 304
41 304
41 394
41 394
1 41
394 1
394 41
1 394
45 1
45 41
45 394
393 45
393 45
281 45
281 393
281 393
1 281
393 1
393 281
1 393
302 1
302 281
302 393
392 302
392 302
346 392
391 302
391 392
207 391
281 391
390 207
390 281
49 390
105 390
389 49
389 105
72 346
72 389
72 389
1 72
389 1
389 72
1 389
385 389
388 1
388 72
94 388
118 94
118 385
118 388
387 118
387 118
206 118
206 387
294 206
294 206
294 387
386 294
386 294
112 294
112 386
180 112
180 386
385 112
385 180
68 180
68 385
121 68
121 385
384 68
384 121
59 121
59 384
59 384
1 59
384 1
384 59
1 384
323 1
323 384
383 59
383 323
20 323
20 383
20 383
1 20
383 1
383 20
1 383
87 383
382 1
382 20
95 87
95 382
95 382
1 95
382 1
382 95
1 382
211 382
381 1
381 95
328 381
368 211
368 328
368 381
380 368
380 368
17 368
17 380
17 380
1 17
380 1
380 17
1 380
70 380
379 1
379 17
41 70
41 379
41 379
1 41
379 1
379 41
1 379
342 379
378 1
378 41
286 342
286 378
357 378
377 286
377 286
24 357
24 377
24 377
1 24
377 1
377 24
1 377
55 1
55 377
376 24
376 55
87 55
87 376
347 87
347 376
375 87
375 347
288 375
354 375
374 288
374 347
122 374
246 122
246 354
246 374
373 246
373 246
157 373
360 373
372 157
372 246
322 360
322 372
322 372
1 322
372 1
372 322
1 372
348 1
348 322
348 372
371 348
371 348
111 371
368 371
370 111
370 348
89 368
89 370
181 89
181 370
369 89
369 181
174 181
174 369
174 369
1 174
369 1
369 174
1 369
288 1
288 174
288 369
368 288
368 288
230 288
230 368
230 368
1 230
368 1
368 230
1 368
365 1
365 368
367 230
367 365
156 367
251 367
366 156
366 251
162 365
162 366
201 366
365 162
365 162
7 365
34 7
34 201
34 365
364 34
364 34
223 34
223 364
267 223
267 223
267 364
363 267
363 267
98 363
331 98
331 363
362 267
362 331
185 331
185 362
185 362
1 185
362 1
362 185
1 362
190 1
190 362
361 185
361 190
130 190
130 361
130 361
1 130
361 1
361 130
1 361
140 1
140 361
360 130
360 140
88 140
88 360
88 360
1 88
360 1
360 88
1 360
140 1
140 88
140 360
359 140
359 140
202 140
202 359
313 202
313 202
313 359
358 313
358 313
36 313
36 358
142 36
142 358
357 36
357 142
174 142
174 357
174 357
1 174
357 1
357 174
1 357
186 1
186 174
186 357
356 186
356 186
260 356
327 186
327 260
327 356
355 327
355 327
135 355
301 135
301 327
301 355
354 301
354 301
76 354
167 76
167 354
353 167
353 167
82 301
82 353
324 353
352 82
352 82
113 324
113 352
297 113
297 113
297 352
351 297
351 297
265 297
265 351
265 351
1 265
351 1
351 265
1 351
268 351
350 1
350 265
15 350
265 15
265 350
349 265
349 265
54 268
54 349
173 349
348 54
348 54
64 173
64 348
67 348
347 64
347 64
193 347
278 67
278 347
346 193
346 278
48 278
48 346
198 48
198 346
345 48
345 198
115 198
115 345
115 345
1 115
345 1
345 115
1 345
308 1
308 115
308 345
344 308
344 308
65 344
303 65
303 344
343 303
343 303
206 343
256 343
342 206
342 256
208 308
208 342
208 342
1 208
342 1
342 208
1 342
289 1
289 342
341 208
341 289
85 341
283 85
283 289
283 341
340 283
340 283
173 340
300 340
339 173
339 283
217 300
217 339
217 339
1 217
339 1
339 217
1 339
295 1
295 339
338 217
338 295
31 338
300 338
337 31
337 295
265 300
265 337
306 337
336 265
336 265
135 306
135 336
135 336
1 135
336 1
336 135
1 336
146 336
335 1
335 135
292 146
292 335
292 335
1 292
335 1
335 292
1 335
320 1
320 335
334 292
334 320
64 320
64 334
182 64
182 64
182 334
333 182
333 182
121 333
300 121
300 333
332 182
332 300
48 300
48 332
48 332
1 48
332 1
332 48
1 332
268 1
268 332
331 48
331 268
149 268
149 331
321 331
330 149
330 149
155 330
257 155
257 321
257 330
329 257
329 257
222 257
222 329
222 329
1 222
329 1
329 222
1 329
325 1
325 329
328 222
328 325
149 328
296 328
327 149
327 296
166 327
290 327
326 166
326 290
19 325
19 326
248 326
325 19
325 19
42 325
88 42
88 325
324 88
324 88
76 324
89 76
89 324
323 89
323 89
16 248
16 323
63 16
63 323
322 16
322 63
155 322
296 63
296 155
296 322
321 296
321 296
87 321
134 87
134 321
320 134
320 134
173 296
173 320
173 320
1 173
320 1
320 173
1 320
268 320
319 1
319 173
228 268
228 319
228 319
1 228
319 1
319 228
1 319
244 319
318 1
318 228
43 318
98 43
98 318
317 98
317 98
18 244
18 317
99 317
316 18
316 18
266 316
301 99
301 266
301 316
315 301
315 301
31 301
31 315
31 315
1 31
315 1
315 31
1 315
94 315
314 1
314 31
90 94
90 314
122 90
122 314
313 90
313 122
139 122
139 313
139 313
1 139
313 1
313 139
1 313
174 1
174 313
312 139
312 174
44 174
44 312
44 312
1 44
312 1
312 44
1 312
65 312
311 1
311 44
153 65
153 311
153 311
1 153
311 1
311 153
1 311
246 1
246 311
310 153
310 246
112 246
112 310
112 310
1 112
310 1
310 112
1 310
188 1
188 310
309 112
309 188
99 188
99 309
220 99
220 99
220 309
308 220
308 220
63 220
63 308
215 63
215 308
307 63
307 215
21 307
222 21
222 215
222 307
306 222
306 222
13 222
13 306
144 13
144 306
305 13
305 144
194 305
252 144
252 194
252 305
304 252
304 252
122 252
122 304
185 122
185 304
303 122
303 185
119 185
119 303
120 303
302 119
302 119
115 120
115 302
115 302
1 115
302 1
302 115
1 302
170 1
170 302
301 115
301 170
233 170
233 301
233 301
300 233
300 233
286 233
286 300
290 286
290 300
299 286
299 290
163 290
163 299
183 299
298 163
298 163
62 298
112 62
112 183
112 298
297 112
297 112
258 297
266 297
296 112
296 258
8 266
8 296
287 8
287 8
287 296
295 287
295 287
122 295
264 122
264 287
264 295
294 264
294 264
189 294
217 294
293 189
293 217
177 293
193 177
193 264
193 293
292 193
292 193
202 193
202 292
202 292
1 202
292 1
292 202
1 292
264 292
291 1
291 202
182 291
234 291
290 182
290 234
42 264
42 290
83 290
289 42
289 42
73 83
73 289
256 73
256 289
288 73
288 256
106 256
106 288
212 106
212 106
212 288
287 212
287 212
33 212
33 287
33 287
1 33
287 1
287 33
1 287
269 287
286 1
286 33
18 269
18 286
81 18
81 286
285 18
285 81
90 81
90 285
95 90
95 90
95 285
284 95
284 95
34 95
34 284
34 284
1 34
284 1
284 34
1 284
182 284
283 1
283 34
170 182
170 283
170 283
1 170
283 1
283 170
1 283
253 283
282 1
282 170
233 282
244 282
281 233
281 244
64 281
260 64
260 253
260 281
280 260
280 260
60 280
141 280
279 60
279 141
70 279
218 70
218 260
218 279
278 218
278 218
34 278
116 34
116 218
116 278
277 116
277 116
34 116
34 277
156 277
276 34
276 34
11 156
11 276
180 11
180 11
180 276
275 180
275 180
155 180
155 275
224 155
224 155
224 275
274 224
274 224
13 224
13 274
13 274
1 13
274 1
274 13
1 274
112 1
112 274
273 13
273 112
129 112
129 273
129 273
1 129
273 1
273 129
1 273
223 1
223 129
223 273
272 223
272 223
11 223
11 272
11 272
1 11
272 1
272 11
1 272
243 1
243 272
271 11
271 243
19 243
19 271
41 271
270 19
270 19
83 270
250 270
269 41
269 83
33 250
33 269
33 269
1 33
269 1
269 33
1 269
69 1
69 33
69 269
268 69
268 69
125 268
195 69
195 268
267 125
267 195
155 195
155 267
155 267
1 155
267 1
267 155
1 267
169 1
169 267
266 155
266 169
78 266
95 78
95 169
95 266
265 95
265 95
24 95
24 265
160 265
264 24
264 24
40 264
120 264
263 40
263 120
191 160
191 263
262 263
262 191
144 191
144 262
152 262
261 144
261 144
44 261
159 261
260 44
260 152
147 260
202 260
259 147
259 159
177 202
177 259
177 259
1 177
259 1
259 177
1 259
243 1
243 259
258 177
258 243
90 243
90 258
233 258
257 90
257 90
46 233
46 257
46 257
1 46
257 1
257 46
1 257
128 1
128 257
256 46
256 128
51 128
51 256
133 256
255 51
255 51
107 133
107 255
107 255
1 107
255 1
255 107
1 255
218 1
218 255
254 107
254 218
70 254
139 254
253 70
253 139
77 253
170 77
170 218
170 253
252 170
252 170
52 170
52 252
52 252
1 52
252 1
252 52
1 252
208 1
208 252
251 52
251 208
142 251
212 142
212 251
250 208
250 212
55 212
55 250
55 250
1 55
250 1
250 55
1 250
95 1
95 250
249 55
249 95
27 249
67 27
67 249
248 67
248 67
102 248
207 248
247 95
247 102
50 207
50 247
168 50
168 247
246 50
246 168
102 168
102 246
102 246
1 102
246 1
246 102
1 246
123 1
123 246
245 102
245 123
119 123
119 245
158 245
244 119
244 119
198 244
218 158
218 244
243 198
243 218
93 243
188 93
188 218
188 243
242 188
242 188
127 188
127 242
231 127
231 127
231 242
241 231
241 231
147 231
147 241
212 147
212 147
212 241
240 212
240 212
51 212
51 240
51 240
1 51
240 1
240 51
1 240
131 240
239 1
239 51
33 239
76 33
76 131
76 239
238 76
238 76
113 238
190 76
190 238
237 113
237 190
40 190
40 237
40 237
1 40
237 1
237 40
1 237
168 1
168 237
236 40
236 168
106 168
106 236
143 236
235 106
235 106
59 143
59 235
184 59
184 235
234 59
234 184
194 184
194 234
194 234
1 194
234 1
234 194
1 234
200 234
233 1
233 194
32 200
32 233
32 233
1 32
233 1
233 32
1 233
61 1
61 233
232 32
232 61
5 61
5 232
127 232
231 5
231 5
150 231
178 231
230 127
230 150
48 230
211 230
229 48
229 178
74 211
74 229
210 229
228 74
228 74
75 210
75 228
117 75
117 75
117 228
227 117
227 117
11 117
11 227
161 227
226 11
226 11
153 226
183 226
225 153
225 161
50 183
50 225
108 50
108 50
108 225
224 108
224 108
61 108
61 224
61 224
1 61
224 1
224 61
1 224
220 224
223 1
223 61
17 223
220 17
220 223
222 220
222 220
37 220
37 222
37 222
1 37
222 1
222 37
1 222
93 1
93 37
93 222
221 93
221 93
126 93
126 221
126 221
1 126
221 1
221 126
1 221
162 221
220 1
220 126
5 162
5 220
5 220
1 5
220 1
220 5
1 220
160 220
219 1
219 5
32 160
32 219
32 219
1 32
219 1
219 32
1 219
47 219
218 1
218 32
121 47
121 218
121 218
1 121
218 1
218 121
1 218
213 218
217 1
217 121
81 213
81 217
140 81
140 217
216 81
216 140
79 216
138 79
138 216
215 138
215 138
155 215
210 140
210 215
214 155
214 210
31 214
144 31
144 214
213 144
213 144
16 210
16 213
143 213
212 16
212 16
78 143
78 212
78 212
1 78
212 1
212 78
1 212
126 1
126 212
211 78
211 126
88 126
88 211
88 211
1 88
211 1
211 88
1 211
96 1
96 211
210 88
210 96
5 96
5 210
206 5
206 210
209 5
209 206
150 206
150 209
175 150
175 209
208 150
208 175
65 175
65 208
102 65
102 208
207 65
207 102
80 207
195 80
195 207
206 102
206 195
52 195
52 206
52 206
1 52
206 1
206 52
1 206
159 206
205 1
205 52
17 205
102 17
102 205
204 102
204 102
30 159
30 204
66 204
203 30
203 30
57 66
57 203
57 203
1 57
203 1
203 57
1 203
135 1
135 203
202 57
202 135
162 135
162 202
190 162
190 162
190 202
201 190
201 190
63 190
63 201
63 201
1 63
201 1
201 63
1 201
145 1
145 63
145 201
200 145
200 145
167 200
175 145
175 167
175 200
199 175
199 175
94 175
94 199
125 199
198 94
198 94
133 125
133 198
191 133
191 133
191 198
197 191
197 191
15 197
60 15
60 191
60 197
196 60
196 60
33 196
82 33
82 196
195 60
195 82
123 82
123 195
188 123
188 195
194 123
194 188
2 188
2 194
114 2
114 194
193 2
193 114
105 193
161 105
161 114
161 193
192 161
192 161
38 161
38 192
38 192
1 38
192 1
192 38
1 192
47 1
47 192
191 38
191 47
4 47
4 191
4 191
1 4
191 1
191 4
1 191
56 191
190 1
190 4
61 190
119 56
119 61
119 190
189 119
189 119
86 189
167 189
188 86
188 119
94 188
127 188
187 94
187 127
71 167
71 187
84 71
84 187
186 71
186 84
1 84
1 186
130 1
130 186
185 1
185 130
47 130
47 185
135 185
184 47
184 47
1 135
1 184
1 184
2 1
184 2
184 1
2 184
175 1
175 2
175 184
183 175
183 175
19 175
19 183
19 183
1 19
183 1
183 19
1 183
31 183
182 1
182 19
16 31
16 182
152 16
152 182
181 16
181 152
37 152
37 181
40 37
40 37
40 181
180 40
180 40
43 40
43 180
43 180
1 43
180 1
180 43
1 180
175 180
179 1
179 43
23 175
23 179
58 23
58 179
178 23
178 58
62 58
62 178
147 62
147 62
147 178
177 147
177 147
5 147
5 177
175 5
175 5
175 177
176 175
176 175
103 176
131 103
131 175
131 176
175 131
175 131
30 131
30 175
30 175
1 30
175 1
175 30
1 175
67 1
67 175
174 30
174 67
37 67
37 174
37 174
1 37
174 1
174 37
1 174
52 174
173 1
173 37
48 52
48 173
48 173
1 48
173 1
173 48
1 173
108 1
108 173
172 48
172 108
126 108
126 172
159 126
159 126
159 172
171 159
171 159
99 171
120 99
120 171
170 120
170 120
23 170
80 170
169 23
169 80
32 159
32 169
61 169
168 32
168 32
21 168
66 21
66 168
167 61
167 66
119 167
157 66
157 167
166 119
166 157
24 157
24 166
24 166
1 24
166 1
166 24
1 166
158 1
158 166
165 24
165 158
9 158
9 165
32 9
32 165
164 9
164 32
35 164
65 32
65 35
65 164
163 65
163 65
8 163
78 8
78 163
162 65
162 78
41 78
41 162
53 162
161 41
161 41
54 53
54 161
128 54
128 161
160 54
160 128
15 128
15 160
15 160
1 15
160 1
160 15
1 160
100 1
100 160
159 15
159 100
6 159
73 6
73 159
158 73
158 73
55 100
55 158
55 158
1 55
158 1
158 55
1 158
145 1
145 55
145 158
157 145
157 145
7 145
7 157
71 7
71 7
71 157
156 71
156 71
18 71
18 156
18 156
1 18
156 1
156 18
1 156
39 156
155 1
155 18
25 39
25 155
147 25
147 155
154 25
154 147
20 147
20 154
75 20
75 20
75 154
153 75
153 75
44 75
44 153
44 153
1 44
153 1
153 44
1 153
141 1
141 44
141 153
152 141
152 141
5 152
48 5
48 152
151 48
151 48
19 141
19 151
82 19
82 19
82 151
150 82
150 82
91 82
91 150
134 150
149 91
149 91
23 134
23 149
23 149
1 23
149 1
149 23
1 149
81 1
81 23
81 149
148 81
148 81
129 81
129 148
145 129
145 129
145 148
147 145
147 145
15 145
15 147
75 15
75 147
146 15
146 75
10 75
10 146
89 10
89 10
89 146
145 89
145 89
37 145
54 145
144 37
144 54
12 89
12 144
109 12
109 12
109 144
143 109
143 109
66 109
66 143
92 66
92 143
142 66
142 92
3 92
3 142
76 3
76 3
76 142
141 76
141 76
5 141
120 141
140 5
140 76
41 140
91 41
91 140
139 91
139 91
61 120
61 139
97 61
97 139
138 61
138 97
3 97
3 138
73 3
73 3
73 138
137 73
137 73
56 73
56 137
56 137
1 56
137 1
137 56
1 137
114 1
114 137
136 56
136 114
73 114
73 136
73 136
1 73
136 1
136 73
1 136
95 136
135 1
135 73
26 135
67 26
67 135
134 67
134 67
21 95
21 134
73 21
73 134
133 21
133 73
46 73
46 133
112 46
112 133
132 46
132 112
100 132
102 100
102 132
131 102
131 102
74 112
74 131
105 74
105 74
105 131
130 105
130 105
7 105
7 130
7 130
1 7
130 1
130 7
1 130
123 1
123 7
123 130
129 123
129 123
30 129
111 30
111 129
128 111
128 111
53 123
53 128
53 128
1 53
128 1
128 53
1 128
54 1
54 128
127 53
127 54
109 54
109 127
119 109
119 109
119 127
126 119
126 119
35 126
64 126
125 35
125 64
33 119
33 125
33 125
1 33
125 1
125 33
1 125
107 1
107 125
124 33
124 107
43 107
43 124
43 124
1 43
124 1
124 43
1 124
74 1
74 43
74 124
123 74
123 74
38 123
49 38
49 74
49 123
122 49
122 49
6 49
6 122
33 6
33 6
33 122
121 33
121 33
71 121
99 33
99 71
99 121
120 99
120 99
40 99
40 120
40 120
1 40
120 1
120 40
1 120
77 1
77 40
77 120
119 77
119 77
71 77
71 119
71 119
1 71
119 1
119 71
1 119
91 1
91 71
91 119
118 91
118 91
7 118
16 7
16 91
16 118
117 16
117 16
18 117
97 117
116 16
116 18
95 97
95 116
95 116
1 95
116 1
116 95
1 116
96 1
96 116
115 95
115 96
29 115
35 115
114 29
114 35
20 96
20 114
20 114
1 20
114 1
114 20
1 114
58 114
113 1
113 20
43 113
100 43
100 113
112 58
112 100
6 100
6 112
6 112
1 6
112 1
112 6
1 112
29 1
29 6
29 112
111 29
111 29
62 29
62 111
71 62
71 62
71 111
110 71
110 71
9 71
9 110
9 110
1 9
110 1
110 9
1 110
22 110
109 1
109 9
50 109
75 109
108 22
108 50
24 75
24 108
24 108
1 24
108 1
108 24
1 108
60 1
60 108
107 24
107 60
2 107
87 2
87 107
106 60
106 87
18 87
18 106
18 106
1 18
106 1
106 18
1 106
97 1
97 106
105 18
105 97
81 105
93 81
93 97
93 105
104 93
104 93
23 104
61 23
61 104
103 61
103 61
5 93
5 103
5 103
1 5
103 1
103 5
1 103
23 1
23 5
23 103
102 23
102 23
2 23
2 102
34 2
34 102
101 2
101 34
68 101
89 34
89 68
89 101
100 89
100 89
1 89
1 100
97 1
97 100
99 1
99 97
2 97
2 99
80 99
98 2
98 2
32 80
32 98
32 98
1 32
98 1
98 32
1 98
45 1
45 98
97 32
97 45
37 97
58 37
58 45
58 97
96 58
96 58
51 96
88 96
95 51
95 58
93 95
93 88
93 95
94 93
94 93
30 93
30 94
30 94
1 30
94 1
94 30
1 94
93 1
93 94
9 30
9 93
9 93
1 9
93 1
93 9
1 93
23 93
92 1
92 9
21 92
86 21
86 92
91 23
91 86
67 86
67 91
77 91
90 67
90 67
7 90
87 90
89 7
89 77
11 89
73 11
73 89
88 73
88 73
4 88
62 4
62 87
62 88
87 62
87 62
31 62
31 87
65 31
65 31
65 87
86 65
86 65
45 86
52 45
52 65
52 86
85 52
85 52
9 52
9 85
9 85
1 9
85 1
85 9
1 85
59 1
59 9
59 85
84 59
84 59
62 59
62 84
62 84
1 62
84 1
84 62
1 84
76 1
76 84
83 62
83 76
49 76
49 83
49 83
1 49
83 1
83 49
1 83
76 1
76 83
82 49
82 76
56 82
61 56
61 76
61 82
81 61
81 61
2 61
2 81
25 2
25 81
80 2
80 25
24 80
48 80
79 24
79 25
22 48
22 79
22 79
1 22
79 1
79 22
1 79
27 1
27 79
78 22
78 27
5 78
48 78
77 5
77 27
30 48
30 77
43 77
76 30
76 30
3 43
3 76
3 76
1 3
76 1
76 3
1 76
32 1
32 3
32 76
75 32
75 32
55 32
55 75
55 75
1 55
75 1
75 55
1 75
57 1
57 75
74 55
74 57
8 57
8 74
57 8
57 8
57 74
73 57
73 57
14 57
14 73
42 14
42 14
42 73
72 42
72 42
34 42
34 72
45 34
45 72
71 34
71 45
3 45
3 71
35 3
35 71
70 3
70 35
17 70
18 17
18 35
18 70
69 18
69 18
35 18
35 69
35 69
1 35
69 1
69 35
1 69
54 1
54 69
68 35
68 54
10 54
10 68
10 68
1 10
68 1
68 10
1 68
40 1
40 68
67 10
67 40
6 40
6 67
31 6
31 6
31 67
66 31
66 31
21 66
65 21
65 66
25 31
25 65
52 25
52 25
52 65
64 52
64 52
32 64
36 32
36 52
36 64
63 36
63 36
5 36
5 63
59 63
62 5
62 5
2 59
2 62
2 62
1 2
62 1
62 2
1 62
4 62
61 1
61 2
32 4
32 61
32 61
1 32
61 1
61 32
1 61
45 61
60 1
60 32
42 45
42 60
42 60
1 42
60 1
60 42
1 60
59 60
59 1
2 42
2 59
29 59
58 2
58 2
18 58
55 18
55 29
55 58
57 55
57 55
7 57
10 7
10 55
10 57
56 10
56 10
8 10
8 56
8 56
1 8
56 1
56 8
1 56
13 1
13 8
13 56
55 13
55 13
21 13
21 55
21 55
1 21
55 1
55 21
1 55
42 55
54 1
54 21
5 42
5 54
16 5
16 5
16 54
53 16
53 16
40 16
40 53
51 40
51 40
51 53
52 51
52 51
27 52
28 27
28 51
28 52
51 28
51 28
14 51
46 14
46 51
50 28
50 46
13 46
13 50
31 50
49 13
49 13
14 49
45 49
48 14
48 31
10 48
35 48
47 10
47 35
14 45
14 47
14 47
1 14
47 1
47 14
1 47
36 1
36 14
36 47
46 36
46 36
2 36
2 46
43 2
43 46
45 2
45 43
4 45
44 45
44 4
19 43
19 44
37 19
37 44
43 19
43 37
3 43
25 43
42 3
42 25
9 37
9 42
9 42
1 9
42 1
42 9
1 42
13 1
13 42
41 9
41 13
12 41
36 41
40 12
40 13
15 36
15 40
26 15
26 40
39 15
39 26
6 39
12 6
12 26
12 39
38 12
38 12
8 12
8 38
23 38
37 8
37 8
9 37
12 9
12 37
36 12
36 12
32 23
32 36
32 36
1 32
36 1
36 32
1 36
33 36
35 1
35 32
16 33
16 35
16 35
1 16
35 1
35 16
1 35
20 35
34 1
34 16
3 34
5 34
33 3
33 5
3 33
18 3
18 33
32 18
32 18
16 32
25 32
31 16
31 20
17 25
17 31
17 31
1 17
31 1
31 17
1 31
28 31
30 1
30 17
4 28
4 30
4 30
1 4
30 1
30 4
1 30
29 30
29 1
8 4
8 29
10 8
10 8
10 29
28 10
28 10
2 10
2 28
6 2
6 2
6 28
27 6
27 6
1 6
1 27
7 27
26 1
26 1
7 26
7 26
1 7
26 1
26 7
1 26
14 26
25 1
25 7
20 25
21 25
24 14
24 20
9 21
9 24
9 24
1 9
24 1
24 9
1 24
16 24
23 1
23 9
2 16
2 23
2 23
1 2
23 1
23 2
1 23
16 1
16 2
16 23
22 16
22 16
14 16
14 22
18 14
18 14
18 22
21 18
21 18
6 18
6 21
7 6
7 6
7 21
20 7
20 7
4 7
4 20
4 20
1 4
20 1
20 4
1 20
8 20
19 1
19 4
1 8
1 19
1 19
2 1
19 2
19 1
2 19
2 19
18 1
18 2
4 2
4 18
7 4
7 4
7 18
17 7
17 7
2 7
2 17
2 17
1 2
17 1
17 2
1 17
11 1
11 17
16 2
16 11
8 16
9 8
9 11
9 16
15 9
15 9
7 15
11 7
11 15
14 9
14 11
2 11
2 14
2 14
1 2
14 1
14 2
1 14
7 1
7 2
7 14
13 7
13 7
7 13
10 7
10 7
10 13
12 10
12 10
4 12
11 4
11 10
11 12
1 11
1 11
1 11
2 1
11 2
11 1
2 11
6 1
6 11
10 2
10 6
1 6
1 10
7 1
7 10
9 1
9 7
3 7
3 9
8 3
8 9
5 3
5 8
7 8
7 5
2 5
2 7
2 7
1 2
7 1
7 2
1 7
6 1
6 2
6 7
1 6
4 1
4 6
5 6
5 4
1 5
4 5
1 4
1 4
2 1
4 2
4 1
2 4
2 1
2 4
3 2
3 2
1 3
1 3
1 2
