997
77 904 983
281 624 975
351 657 31
324 338 193
357 384 215
625 256 884
241 465 886
529 19 434
702 870 913
264 369 707
232 381 444
595 247 816
828 997 406
393 492 612
692 84 957
226 316 445
559 852 61
934 253 486
195 285 695
781 802 700
655 40 469
756 768 890
87 497 219
439 367 992
706 629 741
372 142 357
640 346 498
838 892 755
292 345 536
455 475 838
461 294 324
186 268 712
995 36 791
7 361 16
956 170 231
948 869 771
913 69 677
523 594 324
598 539 956
471 593 369
113 501 531
368 472 629
824 681 451
302 834 40
113 541 785
652 518 901
135 171 389
18 197 864
23 373 780
289 63 507
566 105 770
920 534 964
473 12 894
235 845 866
437 106 347
374 189 387
795 622 293
323 497 481
246 987 902
537 590 816
801 140 740
469 114 853
229 945 86
843 981 893
813 156 285
744 352 475
399 882 981
264 118 800
275 353 953
830 82 954
607 659 921
31 531 988
902 520 732
869 736 955
304 711 935
48 678 199
225 261 177
371 833 981
756 289 527
236 464 760
148 325 385
605 651 551
685 770 917
457 823 864
179 962 24
745 133 477
573 592 781
396 506 516
839 882 652
631 837 14
720 434 964
91 626 376
913 190 108
306 157 868
686 306 774
181 535 663
447 498 777
358 441 769
589 623 334
310 476 622
93 964 844
409 866 806
397 818 512
650 204 92
98 35 722
44 955 516
561 602 796
445 707 940
247 634 940
695 340 271
974 982 713
923 176 854
299 545 544
383 579 670
754 50 153
52 419 982
711 726 490
868 621 229
601 832 43
318 462 934
162 308 686
701 837 191
918 248 87
714 986 431
492 942 978
664 140 228
263 762 871
565 480 763
311 560 947
309 458 482
245 894 170
178 505 756
518 931 524
38 549 933
270 64 56
266 741 132
202 339 968
223 527 660
320 347 787
272 883 617
431 427 351
348 693 906
97 556 410
247 914 368
229 416 614
369 610 270
194 500 657
736 853 803
406 502 570
53 51 578
166 96 653
596 908 996
401 890 44
679 794 598
901 459 670
188 281 649
742 61 244
26 46 918
671 720 782
476 653 34
919 201 440
305 611 542
65 89 854
540 769 986
249 724 78
239 414 485
322 567 969
352 72 758
735 751 251
24 28 464
111 192 818
671 797 680
375 708 473
147 320 631
757 51 865
245 448 801
613 943 777
697 668 948
390 747 38
258 696 491
716 885 552
279 802 603
195 125 797
77 517 430
463 203 420
271 280 224
474 884 667
184 895 364
42 505 641
237 17 918
931 171 332
924 470 750
826 177 102
252 522 927
206 525 872
929 599 848
183 538 712
332 135 147
157 360 233
446 636 259
287 788 228
177 334 358
703 738 880
475 312 330
932 603 679
698 11 560
564 665 164
930 766 765
51 501 790
663 777 803
617 671 963
106 946 370
508 975 214
624 744 587
114 758 599
116 216 754
67 485 234
160 977 742
269 865 859
774 450 688
37 49 201
348 574 825
54 495 707
333 765 11
733 957 960
491 785 812
440 659 367
36 226 836
28 224 940
666 46 97
85 731 786
925 417 143
230 950 990
937 5 661
987 988 156
342 827 876
675 863 833
88 763 477
99 796 124
566 651 262
500 532 274
949 206 474
544 232 378
55 646 371
6 277 611
519 522 322
63 579 266
806 594 926
770 41 685
562 867 400
72 604 688
53 169 775
225 305 851
990 242 714
119 377 637
524 84 377
139 336 21
404 720 85
613 20 717
70 317 504
782 126 418
618 91 648
164 159 799
234 500 685
635 825 292
467 1 967
495 726 862
141 283 443
209 350 836
291 904 840
149 613 715
232 623 405
95 657 380
238 49 872
723 597 174
92 267 564
239 542 640
52 102 208
160 354 429
217 355 83
778 240 257
25 533 9
123 849 50
205 536 889
122 379 917
514 169 973
56 833 131
112 301 924
520 62 496
41 273 220
456 586 909
8 218 883
192 909 328
315 395 878
150 302 467
946 421 585
74 88 703
153 573 852
89 281 659
438 857 971
32 411 997
1 907 260
997 58 42
286 772 876
661 73 514
819 333 823
413 444 764
14 91 284
921 479 493
923 733 870
288 782 785
364 612 17
334 57 719
71 669 705
461 168 885
628 687 109
253 407 534
441 894 804
871 124 608
436 718 734
549 673 10
684 293 660
910 991 576
110 508 611
117 129 873
379 554 892
15 426 449
94 681 739
976 896 903
776 537 698
502 66 706
283 896 456
442 767 230
279 761 944
583 821 507
295 553 0
958 172 746
260 301 641
67 432 982
893 370 525
137 872 442
251 486 633
615 199 296
490 792 844
151 710 903
108 850 919
102 592 898
79 181 824
705 947 138
879 915 261
635 828 845
545 647 529
992 25 80
697 715 679
644 424 851
984 58 654
335 290 978
503 662 320
185 210 866
272 338 137
207 88 661
17 569 482
422 907 942
448 752 879
846 34 489
39 19 172
970 664 710
288 729 416
147 278 442
649 877 694
154 860 674
104 153 423
319 401 409
276 863 579
10 762 949
168 734 128
267 400 222
169 738 620
860 571 941
512 581 245
321 805 466
282 888 559
781 388 604
991 570 595
118 403 847
366 755 995
315 353 454
972 618 820
789 938 443
86 568 965
219 347 110
213 849 227
484 248 409
113 878 79
600 279 519
417 925 435
716 889 639
349 663 891
395 505 586
682 304 424
145 363 961
817 15 355
235 543 457
557 216 399
555 299 675
203 337 178
463 481 826
648 819 811
233 575 810
317 452 739
747 13 809
87 81 984
906 642 985
799 217 803
927 965 939
954 595 563
215 16 30
574 282 849
230 667 871
48 540 401
389 791 728
211 337 622
307 699 558
3 576 57
336 815 123
107 508 834
772 575 584
673 678 548
526 563 974
141 619 924
26 309 912
233 840 64
458 129 976
484 650 226
152 414 547
161 174 503
556 654 313
728 335 812
97 843 757
446 426 737
669 910 130
81 855 295
436 435 525
71 80 626
231 955 900
578 922 941
119 768 835
303 778 205
212 669 980
109 174 864
614 298 571
66 850 383
479 876 452
130 531 727
521 631 867
425 969 990
155 813 869
263 307 471
95 138 388
447 722 995
209 67 68
303 415 979
821 859 300
129 791 898
952 404 795
768 855 814
689 708 697
326 582 723
106 203 855
27 641 887
967 95 290
196 310 407
609 783 930
945 142 494
98 289 528
632 727 742
15 13 402
994 115 327
444 165 218
146 732 546
548 817 600
506 620 802
728 746 977
99 186 231
151 633 735
535 606 111
271 209 970
656 425 861
612 126 195
367 481 188
740 398 748
22 783 460
760 555 980
478 93 120
392 237 936
244 493 858
24 773 794
69 689 286
173 462 184
499 523 859
658 187 862
127 356 478
100 255 468
542 44 976
259 676 745
483 985 497
498 824 646
101 662 668
109 642 789
31 900 439
438 363 959
603 637 890
582 887 123
928 128 348
259 357 676
966 208 506
750 52 241
370 838 254
492 39 915
552 154 207
287 911 335
835 550 270
839 787 799
28 242 634
50 227 350
297 640 884
166 338 706
979 100 104
887 530 695
687 453 623
290 144 731
49 796 311
704 928 784
373 935 386
402 694 716
178 269 510
652 207 134
533 581 751
110 181 158
460 365 779
423 546 27
761 250 749
284 312 647
70 427 239
280 382 962
379 535 562
532 919 556
204 298 331
398 753 787
221 132 687
382 832 808
9 400 596
753 330 148
737 992 362
433 643 644
358 840 896
248 546 834
523 811 258
194 807 90
60 397 461
327 487 206
578 146 725
674 841 856
421 29 460
515 547 888
562 698 509
419 650 683
509 389 690
680 262 445
278 681 882
528 863 874
145 221 371
105 396 425
903 261 2
47 381 809
639 254 296
198 412 557
194 175 60
457 810 455
222 323 318
9 12 619
90 472 731
853 73 656
583 629 842
126 608 278
857 449 141
210 563 587
45 158 94
472 850 526
483 503 861
257 970 384
188 65 954
902 77 725
561 906 854
905 750 971
851 911 122
79 68 552
83 491 932
180 328 957
183 197 949
182 662 558
295 360 543
836 744 972
353 513 986
341 996 439
167 274 296
377 922 351
767 32 365
915 220 738
267 642 447
477 74 292
959 164 269
171 936 107
632 616 630
798 395 973
187 254 350
7 449 344
380 211 495
255 494 788
643 540 724
170 342 821
597 960 413
489 971 846
564 607 173
590 993 297
693 173 843
917 914 709
329 80 763
314 222 524
522 916 907
780 519 212
410 356 557
362 418 383
547 848 336
27 560 696
366 217 431
539 541 881
748 175 202
19 533 649
474 710 719
415 651 665
365 391 308
333 408 422
16 280 316
721 98 916
482 606 184
521 779 252
688 75 914
29 994 892
565 291 303
65 127 343
240 162 323
975 830 583
584 518 517
263 677 253
23 86 602
43 96 255
115 479 589
423 42 196
133 951 454
35 205 582
100 437 387
451 609 4
33 428 390
430 755 580
516 615 392
381 521 276
468 746 747
163 709 161
101 831 946
175 453 827
364 386 730
690 820 597
501 793 819
37 677 904
752 163 190
433 636 673
538 647 944
814 8 258
404 139 780
792 534 820
702 349 752
967 827 606
361 223 246
362 22 911
638 786 839
196 724 610
340 599 684
537 743 952
2 236 580
82 880 118
308 610 499
616 204 441
4 420 725
515 667 55
131 784 436
800 282 440
345 339 569
753 765 841
190 511 62
459 214 969
313 429 630
249 916 264
68 589 82
96 645 880
912 520 179
84 300 828
602 266 343
339 297 994
658 3 30
831 857 865
189 605 101
83 359 302
733 117 272
396 881 591
235 372 553
909 670 730
227 484 513
313 70 822
672 899 577
137 277 319
815 941 3
274 734 948
574 329 701
143 572 666
176 18 696
23 407 412
730 984 504
530 337 814
703 37 989
775 822 689
218 265 943
867 885 905
146 152 286
737 895 944
299 326 621
414 6 928
143 544 923
452 321 705
5 456 741
415 628 759
743 63 797
187 829 962
989 757 682
25 197 931
332 121 842
800 287 394
199 69 465
131 138 432
225 341 510
665 426 536
193 963 979
326 585 749
293 443 709
875 538 784
740 633 938
78 643 936
713 719 397
354 881 509
428 346 638
360 402 466
528 310 929
6 93 672
598 808 149
105 717 823
466 846 211
368 826 607
416 489 554
40 510 569
485 39 243
5 628 759
314 590 721
316 273 565
718 471 468
359 793 166
384 715 29
587 242 627
575 586 745
668 978 160
541 427 897
801 939 825
879 212 234
150 107 804
496 236 951
304 550 81
394 215 841
200 359 483
891 116 951
36 674 751
373 394 417
393 764 945
856 446 922
159 627 702
453 988 568
434 749 778
1 243 769
889 162 899
18 806 805
568 672 966
963 55 437
46 635 966
378 594 658
646 294 573
35 331 953
874 265 376
470 743 130
213 121 619
2 306 53
47 577 729
421 487 760
625 150 693
766 342 408
21 185 812
759 711 0
124 901 860
136 92 775
942 678 713
74 639 45
256 382 99
312 424 545
692 375 974
13 727 772
539 798 815
973 920 786
983 41 877
180 616 301
72 430 325
653 932 699
490 873 927
591 352 321
288 428 858
614 771 792
48 76 666
252 515 14
638 54 112
809 691 991
513 148 450
214 511 718
75 300 937
60 581 532
374 249 366
172 179 21
330 861 260
294 567 875
675 152 403
307 7 958
779 891 965
676 314 704
735 189 268
246 961 592
168 433 655
691 789 960
403 634 76
571 530 393
155 805 925
478 180 905
345 886 726
341 317 926
285 363 691
448 451 656
630 617 774
790 145 550
601 480 808
193 570 567
543 722 276
200 319 322
61 558 455
488 926 221
161 354 591
862 54 989
627 559 473
121 648 832
112 122 950
135 275 604
59 486 502
504 856 767
134 686 868
406 852 548
311 933 38
771 438 893
220 117 712
158 125 596
343 699 200
344 398 873
219 43 391
469 33 213
526 837 842
435 4 56
387 690 182
376 968 186
309 818 878
238 830 898
378 94 139
776 26 829
355 847 375
243 262 493
140 155 66
265 257 624
748 488 700
73 134 142
977 980 465
20 329 776
192 202 572
798 144 413
198 250 561
418 958 961
120 156 476
637 683 968
512 761 399
804 268 89
125 588 551
580 391 432
154 201 908
897 291 584
408 701 817
390 410 645
694 790 933
554 496 908
159 822 71
845 985 943
191 600 729
585 104 256
182 392 626
829 103 758
714 766 883
858 238 895
813 237 704
241 636 470
764 874 987
76 318 422
494 244 912
938 609 680
20 275 151
572 870 947
120 555 618
103 517 136
372 959 807
654 655 411
736 240 708
888 847 605
165 463 645
144 216 816
388 454 167
899 952 223
250 419 429
953 405 921
344 420 615
349 305 920
450 950 993
983 45 8
22 956 32
85 165 284
683 717 136
346 588 848
507 937 877
553 810 385
183 251 939
167 773 934
480 577 315
11 620 773
411 993 601
405 487 608
356 566 875
163 625 632
467 210 374
621 739 78
34 897 692
551 198 588
783 811 996
412 929 458
228 723 47
529 835 935
176 831 511
277 10 684
115 499 972
59 128 900
12 75 385
788 380 930
62 108 0
298 386 340
58 132 273
700 644 795
64 59 157
30 208 732
57 576 910
327 133 185
224 103 593
191 149 549
328 464 886
762 114 119
116 488 527
111 754 462
90 721 664
793 459 682
807 283 361
331 844 514
325 33 660
593 794 127
