996
494 8 946
31 92 371
535 922 951
449 834 934
523 761 783
328 566 908
762 447 939
272 442 718
540 326 513
753 133 898
129 561 677
292 715 515
326 612 903
878 604 992
96 217 560
6 501 933
180 545 287
562 823 962
221 680 764
279 839 462
294 101 752
618 317 724
356 658 732
72 686 789
852 392 648
894 43 841
5 119 122
927 378 550
275 293 756
97 218 363
59 807 879
396 63 176
305 754 483
151 616 923
553 468 807
417 413 831
353 272 323
816 285 665
191 439 681
283 971 204
26 407 632
695 120 311
955 79 361
98 676 863
896 183 967
300 66 367
362 451 899
105 463 695
32 392 283
157 398 302
482 821 883
86 159 275
315 177 317
308 697 602
701 279 959
474 654 852
536 303 617
716 924 927
160 950 977
142 264 371
659 165 796
136 225 589
48 758 871
490 961 819
492 153 844
537 604 823
800 857 127
108 509 178
376 777 731
972 685 19
95 48 740
270 331 820
364 973 553
121 187 395
399 31 334
307 381 952
36 41 902
575 989 840
384 222 315
392 940 472
858 650 706
640 742 871
993 320 431
125 401 454
646 443 607
595 815 854
164 581 988
935 619 973
80 895 13
254 640 58
514 633 713
71 388 348
589 746 782
462 117 867
561 599 146
51 862 54
155 427 828
919 936 536
761 519 688
875 241 774
191 243 584
170 864 923
125 583 704
261 683 909
28 11 601
324 516 114
771 206 751
21 690 920
97 592 931
338 115 736
118 571 813
367 119 274
837 123 238
140 981 467
273 395 145
8 217 707
378 37 590
626 689 984
359 30 679
203 115 331
863 887 891
920 196 834
325 394 835
294 882 491
142 666 655
144 601 726
273 730 837
875 75 221
806 477 568
239 95 397
820 415 964
668 541 748
337 740 758
586 287 577
809 160 941
304 714 592
175 265 468
577 988 900
386 110 593
183 520 759
683 291 873
206 248 732
956 45 313
673 333 652
345 448 158
227 265 510
730 330 339
69 257 285
910 625 172
476 885 483
143 623 304
260 651 815
845 366 574
258 110 314
344 242 859
128 461 83
243 393 806
54 377 429
464 794 980
445 328 763
327 890 249
252 544 979
153 296 976
91 380 498
64 843 150
543 730 825
250 496 606
189 552 588
247 661 17
482 925 723
329 511 993
86 117 811
182 205 903
938 291 388
172 278 651
967 224 417
594 444 235
152 429 89
279 606 657
888 543 516
867 184 542
8 989 452
539 977 458
120 350 510
560 268 802
780 849 759
373 826 972
582 612 74
662 440 161
653 269 672
603 312 386
241 889 603
633 474 598
549 938 874
493 504 404
232 426 632
565 375 773
212 296 793
293 174 403
402 622 379
265 610 428
990 147 213
356 207 564
322 504 734
905 991 790
163 831 930
668 305 437
81 524 638
29 422 714
656 500 985
377 614 220
93 122 501
195 906 24
684 839 400
165 846 282
271 130 239
169 798 871
123 138 495
744 357 628
169 292 466
574 62 87
262 784 141
576 876 593
406 899 311
931 534 273
332 186 708
414 156 499
452 975 529
17 832 670
496 446 987
73 295 834
936 5 93
502 38 922
118 974 542
561 198 86
27 46 153
52 403 719
687 764 213
924 575 717
458 724 969
88 338 112
385 430 643
282 968 233
334 391 578
91 3 722
367 567 299
230 457 525
39 639 795
76 286 500
318 825 203
40 717 926
655 432 620
408 944 32
717 613 966
477 571 600
107 174 838
704 855 387
848 734 818
365 851 868
301 775 674
372 647 555
42 284 772
559 329 583
60 548 12
711 596 848
322 36 788
289 373 695
277 159 887
947 168 377
648 932 527
969 2 231
526 60 854
233 807 479
578 288 373
506 659 421
152 350 678
879 995 15
581 642 965
173 418 585
351 424 469
985 93 666
443 629 192
14 126 476
604 385 858
398 185 195
656 967 777
438 688 790
700 778 298
427 587 480
466 506 565
933 943 46
467 525 39
68 206 866
475 360 412
319 145 635
21 939 778
310 671 189
601 114 280
350 382 957
454 121 335
214 20 795
236 619 104
949 130 609
440 556 585
35 783 49
6 398 798
84 945 870
22 556 585
75 18 441
220 348 555
127 216 929
11 75 747
208 615 498
642 847 741
554 680 161
491 806 497
850 948 817
204 812 954
393 924 332
750 869 931
186 355 753
912 950 968
66 35 615
197 748 256
309 353 472
56 789 877
487 628 839
199 56 364
563 519 166
849 44 960
16 664 467
240 453 576
447 747 915
450 486 546
314 256 733
406 457 943
47 354 705
133 747 963
162 246 994
498 558 440
906 252 661
167 745 855
650 336 626
228 255 676
207 383 435
108 245 595
255 171 461
916 376 492
82 540 341
708 538 579
992 190 821
930 507 545
85 823 673
257 678 302
178 663 975
222 527 694
190 299 563
224 157 520
369 530 777
527 446 902
83 516 34
101 180 916
264 311 745
165 507 667
433 104 582
247 791 646
25 882 886
53 193 276
920 47 420
535 270 780
773 644 781
55 230 363
313 481 799
111 587 947
712 866 548
328 629 869
7 617 120
250 495 551
98 42 132
102 860 139
280 528 822
517 192 712
113 374 500
692 430 539
30 167 340
415 638 297
194 323 983
147 592 441
158 759 128
104 103 419
573 578 771
134 177 497
994 700 918
215 129 808
667 170 91
148 960 745
966 19 445
379 654 905
142 428 65
639 774 402
486 977 621
63 107 539
399 786 944
706 62 169
833 492 173
801 338 393
366 513 822
264 757 817
866 512 782
187 943 992
636 596 944
87 34 227
4 528 627
583 474 567
365 814 802
368 524 146
336 423 986
449 531 928
60 240 681
679 605 123
923 166 201
755 865 885
18 181 848
937 210 945
728 911 526
557 648 878
921 408 737
933 618 622
274 665 654
541 485 359
590 48 59
61 617 928
371 864 881
58 551 325
984 769 980
333 623 276
419 804 805
141 903 801
485 522 857
664 751 216
856 99 208
41 183 571
137 456 310
735 553 624
461 314 894
543 61 505
236 405 889
182 21 234
722 143 292
424 163 337
423 634 236
674 836 112
278 641 102
509 113 505
297 443 625
321 602 133
713 340 752
634 212 739
696 135 691
29 267 487
34 410 286
412 687 841
877 914 958
887 197 940
661 389 320
185 399 781
281 587 415
11 787 921
214 470 521
288 810 953
249 655 847
149 864 245
641 827 276
616 78 880
463 481 414
434 767 687
187 843 853
475 653 766
10 595 181
322 710 659
4 937 52
435 88 126
27 90 726
803 84 612
330 131 599
90 29 134
161 77 233
310 570 530
201 854 175
235 607 818
334 768 251
934 416 702
151 517 477
346 893 23
580 625 764
1 235 865
983 250 875
982 828 932
619 788 312
596 141 490
499 501 111
980 584 826
291 538 936
83 303 0
731 797 518
831 855 44
261 962 124
441 147 760
172 496 974
591 603 804
512 106 743
313 602 327
703 263 357
995 353 911
438 788 792
645 237 560
709 156 844
548 952 67
263 572 829
88 447 693
352 732 696
631 209 738
598 830 554
697 914 973
637 720 33
287 672 518
886 959 901
263 298 343
77 898 794
178 660 775
853 910 70
727 766 719
239 701 144
789 210 517
249 837 873
534 744 904
921 144 722
868 803 385
550 816 482
312 325 569
43 157 881
460 552 865
425 180 728
986 28 316
33 748 344
20 902 99
68 351 741
295 685 10
672 886 819
918 202 374
268 846 533
348 970 765
628 986 520
109 7 64
71 14 546
514 640 768
211 600 427
688 533 849
234 567 547
763 194 908
57 756 309
746 184 909
22 835 433
658 42 57
210 109 463
431 554 568
177 508 682
36 358 879
752 942 277
405 892 775
342 420 211
817 649 966
690 502 935
404 891 381
9 682 503
44 289 883
237 955 301
341 426 495
519 786 439
79 536 994
231 721 349
360 469 971
375 941 876
416 101 853
504 814 18
179 300 198
50 227 735
80 826 683
956 386 917
779 684 814
413 483 797
793 174 359
845 725 919
987 208 784
827 107 372
959 96 669
126 431 686
888 624 685
24 988 270
251 484 707
121 49 701
897 645 692
487 226 888
818 403 401
244 761 907
874 76 979
40 522 633
397 911 74
62 205 505
103 846 937
542 397 703
213 736 976
882 618 693
1 149 850
787 455 883
304 2 324
914 241 365
410 681 9
547 779 94
116 63 294
326 289 143
209 404 540
259 652 356
970 863 215
566 872 480
702 65 345
491 499 872
357 70 682
146 802 113
380 613 305
626 675 770
867 894 610
829 884 531
819 794 76
551 649 283
215 522 810
904 712 917
946 809 990
238 643 224
513 718 635
32 225 812
691 244 255
841 798 155
421 343 983
112 926 389
579 435 716
471 770 149
349 424 776
275 26 384
738 258 442
594 750 308
769 885 925
861 105 129
170 715 996
667 151 580
842 718 858
605 24 394
464 636 970
188 880 176
568 824 229
25 134 637
391 796 0
122 274 913
45 69 733
70 767 793
401 301 843
446 800 878
430 698 860
137 228 434
28 125 708
218 271 954
340 810 968
154 302 557
466 611 663
99 901 549
136 696 713
155 39 511
734 231 573
982 535 949
59 742 689
763 72 830
38 290 436
485 37 268
238 319 647
396 827 964
971 361 51
422 459 609
363 71 906
856 942 57
711 140 465
591 861 242
615 852 656
891 383 838
78 317 981
150 521 590
220 347 108
395 53 801
719 135 418
202 315 422
128 254 711
2 72 792
729 372 607
451 623 893
84 714 910
442 976 369
572 411 679
94 757 253
985 963 995
245 333 800
739 892 191
765 368 729
145 851 51
117 771 749
953 33 85
531 630 720
414 524 929
653 665 913
53 731 824
716 406 767
284 5 97
770 219 582
46 705 116
321 262 572
82 502 762
55 981 411
828 426 755
49 6 52
584 266 425
285 433 958
131 240 808
870 47 641
743 580 729
364 200 475
156 856 912
577 100 368
662 916 538
13 609 610
89 444 955
95 221 503
198 598 259
196 919 636
832 808 870
96 396 700
472 570 432
581 124 329
223 698 884
374 574 253
812 945 608
451 26 450
835 588 58
199 488 746
67 958 181
175 379 453
620 704 658
166 1 55
677 723 982
840 281 349
251 510 226
23 778 438
671 900 949
318 773 471
102 412 258
252 358 570
323 64 378
630 639 811
429 140 288
331 193 342
586 799 940
546 742 98
689 784 321
432 449 989
423 271 645
337 185 786
138 195 512
670 154 850
135 347 43
246 320 594
724 167 514
124 873 792
188 390 709
418 857 87
262 650 738
352 66 664
25 555 16
480 860 118
73 297 342
127 591 0
119 360 805
791 139 803
917 82 182
243 259 634
749 478 586
81 400 877
723 727 769
741 409 214
489 416 669
159 434 608
186 720 901
218 408 611
137 669 382
23 545 772
266 611 549
222 673 164
597 928 410
100 532 836
171 813 844
211 737 833
693 106 286
116 179 614
951 351 589
569 10 370
89 148 307
358 739 452
974 40 486
465 890 721
383 77 569
293 407 892
370 448 908
620 993 306
269 284 675
932 196 613
380 783 961
624 600 686
345 529 820
30 80 847
805 575 699
316 94 237
528 631 791
772 462 629
74 881 979
203 710 946
437 874 413
176 307 954
110 927 92
453 530 564
225 503 621
3 253 785
497 515 391
675 677 694
194 336 38
455 493 562
355 459 809
45 260 290
207 859 905
725 316 506
4 327 755
132 370 460
387 804 785
564 138 690
217 743 942
387 838 862
15 680 188
115 663 710
162 3 457
787 223 750
260 558 703
282 425 918
550 754 960
299 597 465
277 436 876
733 339 646
869 470 405
678 200 488
444 632 692
79 354 375
219 244 758
234 868 479
152 190 306
614 684 637
608 912 638
105 666 779
85 489 662
12 81 544
781 347 515
298 468 990
727 15 267
558 702 938
132 563 851
576 776 473
111 439 948
12 925 103
825 526 541
184 776 163
381 407 162
795 833 907
114 579 290
780 829 219
473 599 471
470 20 90
17 707 962
68 362 627
458 230 930
518 957 354
469 409 657
799 27 309
202 737 459
13 335 421
660 507 816
484 150 454
537 193 889
50 821 197
92 269 953
706 523 897
65 915 756
657 544 22
593 158 644
67 785 978
481 630 420
199 281 840
361 762 73
670 859 300
303 643 534
445 588 699
753 957 824
69 437 965
606 922 605
248 697 991
173 306 229
411 996 709
880 765 941
972 705 845
508 811 171
913 565 559
511 621 56
939 566 904
390 402 50
884 965 815
7 389 460
622 822 556
248 366 597
900 721 362
394 247 344
796 154 951
991 947 417
627 257 836
139 473 369
229 9 969
319 691 890
479 35 232
388 400 760
907 436 346
376 509 797
694 813 168
16 246 735
339 456 254
749 898 948
897 78 562
450 698 557
790 346 484
862 232 895
201 652 41
109 318 842
533 14 266
223 929 296
978 494 754
382 766 909
341 131 674
209 631 757
490 525 456
355 488 537
324 651 893
676 419 842
896 31 216
635 963 390
830 164 384
228 335 934
455 278 649
547 205 508
728 736 523
926 647 352
168 256 726
61 956 978
975 489 668
987 616 744
768 961 660
19 330 725
189 409 204
192 952 964
644 899 935
179 242 308
996 267 261
136 494 671
226 699 774
760 915 532
37 552 212
529 148 642
200 448 896
532 895 950
100 478 521
332 160 832
130 478 573
751 782 295
272 559 861
428 476 740
872 54 493
106 715 984
343 280 464
