6959
997 504
997 662
528 997
644 528
644 997
996 644
996 644
511 787
511 996
808 511
808 996
995 511
995 808
625 808
625 995
627 995
994 625
994 625
201 994
399 201
399 994
993 399
993 399
8 627
8 993
8 993
1 8
993 1
993 8
1 993
37 1
37 993
992 8
992 37
107 992
440 37
440 992
991 107
991 440
216 440
216 991
303 216
303 991
990 216
990 303
226 303
226 990
226 990
1 226
990 1
990 226
1 990
319 990
989 1
989 226
735 319
735 989
805 735
805 735
805 989
988 805
988 805
735 988
984 988
987 735
987 805
733 984
733 987
863 733
863 987
986 733
986 863
228 986
824 228
824 986
985 824
985 824
117 863
117 985
683 117
683 985
984 117
984 683
508 984
940 984
983 508
983 683
603 940
603 983
758 983
982 603
982 603
62 758
62 982
62 982
1 62
982 1
982 62
1 982
676 1
676 62
676 982
981 676
981 676
654 981
919 654
919 981
980 676
980 919
586 919
586 980
586 980
1 586
980 1
980 586
1 980
809 1
809 980
979 586
979 809
371 809
371 979
906 979
978 371
978 371
282 978
382 282
382 978
977 382
977 382
168 906
168 977
168 977
1 168
977 1
977 168
1 977
297 977
976 1
976 168
70 976
397 70
397 976
975 297
975 397
491 397
491 975
556 975
974 491
974 491
230 974
594 230
594 556
594 974
973 594
973 594
228 594
228 973
355 973
972 228
972 228
432 355
432 972
432 972
1 432
972 1
972 432
1 972
446 1
446 972
971 432
971 446
269 446
269 971
943 971
970 269
970 269
251 970
645 251
645 970
969 645
969 645
425 943
425 969
425 969
1 425
969 1
969 425
1 969
543 969
968 1
968 425
559 968
619 543
619 559
619 968
967 619
967 619
615 619
615 967
841 615
841 615
841 967
966 841
966 841
344 841
344 966
344 966
1 344
966 1
966 344
1 966
669 1
669 966
965 344
965 669
523 669
523 965
681 965
964 523
964 523
295 964
640 964
963 295
963 640
45 681
45 963
45 963
1 45
963 1
963 45
1 963
735 963
962 1
962 45
44 735
44 962
841 962
961 44
961 44
106 841
106 961
106 961
1 106
961 1
961 106
1 961
616 961
960 1
960 106
321 616
321 960
842 321
842 321
842 960
959 842
959 842
64 842
64 959
64 959
1 64
959 1
959 64
1 959
500 959
958 1
958 64
522 500
522 958
622 522
622 522
622 958
957 622
957 622
349 957
578 349
578 622
578 957
956 578
956 578
299 578
299 956
800 956
955 299
955 299
228 800
228 955
907 955
954 228
954 228
746 907
746 954
746 954
1 746
954 1
954 746
1 954
855 1
855 954
953 746
953 855
551 953
558 551
558 953
952 558
952 558
554 855
554 952
554 952
1 554
952 1
952 554
1 952
565 1
565 952
951 554
951 565
421 951
489 421
489 565
489 951
950 489
950 489
96 489
96 950
851 950
949 96
949 96
205 949
287 949
948 205
948 287
334 851
334 948
334 948
1 334
948 1
948 334
1 948
749 948
947 1
947 334
602 749
602 947
602 947
1 602
947 1
947 602
1 947
903 947
946 1
946 602
713 946
792 713
792 903
792 946
945 792
945 792
147 945
861 147
861 945
944 792
944 861
331 861
331 944
331 944
1 331
944 1
944 331
1 944
784 944
943 1
943 331
356 943
839 943
942 356
942 784
69 839
69 942
69 942
1 69
942 1
942 69
1 942
348 1
348 942
941 69
941 348
605 941
885 941
940 348
940 605
92 885
92 940
174 940
939 92
939 92
273 939
867 939
938 174
938 273
295 867
295 938
295 938
1 295
938 1
938 295
1 938
684 1
684 938
937 295
937 684
660 937
918 937
936 660
936 684
380 936
789 380
789 936
935 789
935 789
413 935
891 935
934 413
934 891
205 918
205 934
917 934
933 205
933 205
61 933
662 61
662 933
932 662
932 662
123 917
123 932
657 932
931 123
931 123
138 931
760 138
760 931
930 657
930 760
142 760
142 930
917 142
917 142
917 930
929 917
929 917
200 917
200 929
428 929
928 200
928 200
377 428
377 928
377 928
1 377
928 1
928 377
1 928
554 1
554 928
927 377
927 554
633 554
633 927
907 927
926 633
926 633
523 907
523 926
780 523
780 926
925 523
925 780
7 925
296 7
296 925
924 296
924 296
171 780
171 924
677 924
923 171
923 171
663 923
717 923
922 663
922 677
344 717
344 922
344 922
1 344
922 1
922 344
1 922
567 1
567 922
921 344
921 567
70 567
70 921
70 921
1 70
921 1
921 70
1 921
187 921
920 1
920 70
474 920
659 187
659 920
919 474
919 659
706 659
706 919
725 919
918 706
918 706
279 725
279 918
279 918
1 279
918 1
918 279
1 918
405 918
917 1
917 279
304 405
304 917
308 304
308 917
916 304
916 308
167 916
179 167
179 916
915 179
915 179
148 308
148 915
148 915
1 148
915 1
915 148
1 915
664 1
664 915
914 148
914 664
10 664
10 914
10 914
1 10
914 1
914 10
1 914
616 914
913 1
913 10
160 616
160 913
160 913
1 160
913 1
913 160
1 913
567 913
912 1
912 160
57 567
57 912
504 57
504 912
911 57
911 504
229 911
775 229
775 504
775 911
910 775
910 775
43 910
686 43
686 910
909 686
909 686
328 775
328 909
328 909
1 328
909 1
909 328
1 909
751 1
751 328
751 909
908 751
908 751
373 751
373 908
475 373
475 908
907 373
907 475
518 907
752 475
752 518
752 907
906 752
906 752
139 906
223 906
905 139
905 223
167 905
894 905
904 167
904 752
201 904
626 201
626 904
903 626
903 626
81 903
404 81
404 894
404 903
902 404
902 404
2 404
2 902
834 902
901 2
901 2
587 834
587 901
587 901
1 587
901 1
901 587
1 901
633 1
633 901
900 587
900 633
64 633
64 900
64 900
1 64
900 1
900 64
1 900
66 1
66 64
66 900
899 66
899 66
96 66
96 899
600 96
600 899
898 96
898 600
297 898
530 297
530 898
897 530
897 530
89 897
737 89
737 600
737 897
896 737
896 737
550 737
550 896
699 550
699 550
699 896
895 699
895 699
751 895
768 699
768 895
894 751
894 768
280 894
582 280
582 894
893 582
893 582
505 893
526 893
892 505
892 526
183 892
240 183
240 768
240 892
891 240
891 240
293 240
293 891
293 891
1 293
891 1
891 293
1 891
547 1
547 293
547 891
890 547
890 547
169 890
229 169
229 547
229 890
889 229
889 229
469 229
469 889
862 469
862 889
888 469
888 862
684 888
879 888
887 684
887 862
186 879
186 887
186 887
1 186
887 1
887 186
1 887
370 887
886 1
886 186
298 370
298 886
841 886
885 298
885 298
248 885
301 885
884 248
884 301
76 841
76 884
574 884
883 76
883 76
181 574
181 883
562 181
562 883
882 181
882 562
166 882
250 166
250 882
881 250
881 250
264 881
873 264
873 562
873 881
880 873
880 873
374 873
374 880
374 880
1 374
880 1
880 374
1 880
501 880
879 1
879 374
223 501
223 879
223 879
1 223
879 1
879 223
1 879
332 879
878 1
878 223
379 878
847 332
847 379
847 878
877 847
877 847
340 847
340 877
856 340
856 877
876 340
876 856
532 856
532 876
532 876
1 532
876 1
876 532
1 876
794 1
794 876
875 532
875 794
288 875
528 288
528 875
874 528
874 528
466 874
809 874
873 466
873 794
317 809
317 873
331 317
331 317
331 873
872 331
872 331
353 331
353 872
353 872
1 353
872 1
872 353
1 872
714 872
871 1
871 353
48 714
48 871
48 871
1 48
871 1
871 48
1 871
653 1
653 871
870 48
870 653
748 870
797 870
869 653
869 748
168 797
168 869
168 869
1 168
869 1
869 168
1 869
211 1
211 869
868 168
868 211
178 211
178 868
178 868
1 178
868 1
868 178
1 868
276 1
276 178
276 868
867 276
867 276
448 867
559 276
559 448
559 867
866 559
866 559
684 866
721 559
721 866
865 684
865 721
43 721
43 865
580 43
580 43
580 865
864 580
864 580
177 580
177 864
738 177
738 864
863 177
863 738
1 863
354 1
354 863
862 354
862 354
320 738
320 862
376 862
861 320
861 320
10 376
10 861
10 861
1 10
861 1
861 10
1 861
335 861
860 1
860 10
268 335
268 860
268 860
1 268
860 1
860 268
1 860
569 860
859 1
859 268
246 859
357 246
357 859
858 357
858 357
28 858
539 28
539 569
539 858
857 539
857 539
215 857
243 215
243 539
243 857
856 243
856 243
152 243
152 856
152 856
1 152
856 1
856 152
1 856
843 1
843 856
855 152
855 843
468 843
468 855
615 468
615 468
615 855
854 615
854 615
248 854
339 248
339 615
339 854
853 339
853 339
110 339
110 853
120 110
120 853
852 110
852 120
243 120
243 852
277 852
851 243
851 243
257 851
848 257
848 277
848 851
850 848
850 848
15 848
15 850
116 15
116 850
849 15
849 116
203 849
835 849
848 116
848 203
569 835
569 848
689 569
689 848
847 569
847 689
174 689
174 847
174 847
1 174
847 1
847 174
1 847
194 1
194 847
846 174
846 194
413 194
413 846
413 846
1 413
846 1
846 413
1 846
481 1
481 413
481 846
845 481
845 481
432 481
432 845
432 845
1 432
845 1
845 432
1 845
593 1
593 845
844 432
844 593
203 593
203 844
345 203
345 203
345 844
843 345
843 345
143 345
143 843
664 143
664 143
664 843
842 664
842 664
443 664
443 842
792 443
792 842
841 443
841 792
4 841
492 4
492 792
492 841
840 492
840 492
387 492
387 840
387 840
1 387
840 1
840 387
1 840
560 1
560 840
839 387
839 560
631 560
631 839
820 839
838 631
838 631
316 838
392 838
837 316
837 392
245 820
245 837
615 245
615 837
836 245
836 615
62 615
62 836
641 62
641 836
835 62
835 641
332 641
332 835
753 835
834 332
834 332
139 753
139 834
154 139
154 834
833 139
833 154
32 833
187 833
832 32
832 154
179 832
207 832
831 179
831 187
120 207
120 831
120 831
1 120
831 1
831 120
1 831
166 831
830 1
830 120
188 830
608 830
829 166
829 188
262 829
801 829
828 262
828 608
381 801
381 828
413 381
413 828
827 381
827 413
481 413
481 827
544 827
826 481
826 481
437 826
788 826
825 437
825 544
119 788
119 825
385 119
385 119
385 825
824 385
824 385
145 385
145 824
145 824
1 145
824 1
824 145
1 824
201 824
823 1
823 145
444 823
598 201
598 823
822 444
822 598
164 598
164 822
630 164
630 164
630 822
821 630
821 630
270 630
270 821
498 821
820 270
820 270
190 498
190 820
404 190
404 820
819 190
819 404
252 819
754 252
754 404
754 819
818 754
818 754
379 818
811 818
817 379
817 754
29 811
29 817
199 29
199 29
199 817
816 199
816 199
203 816
693 199
693 816
815 203
815 693
152 693
152 815
152 815
1 152
815 1
815 152
1 815
690 815
814 1
814 152
234 690
234 814
509 814
813 234
813 234
568 509
568 813
763 568
763 813
812 568
812 763
211 812
738 211
738 763
738 812
811 738
811 738
199 738
199 811
199 811
1 199
811 1
811 199
1 811
540 811
810 1
810 199
3 810
205 3
205 810
809 205
809 205
620 540
620 809
620 809
1 620
809 1
809 620
1 809
722 809
808 1
808 620
520 808
613 808
807 520
807 613
557 722
557 807
557 807
1 557
807 1
807 557
1 807
571 807
806 1
806 557
347 571
347 806
663 806
805 347
805 347
59 663
59 805
322 59
322 805
804 59
804 322
268 804
657 804
803 268
803 322
79 657
79 803
356 79
356 79
356 803
802 356
802 356
728 356
728 802
746 802
801 728
801 728
494 801
759 494
759 746
759 801
800 759
800 759
443 759
443 800
443 800
1 443
800 1
800 443
1 800
669 1
669 443
669 800
799 669
799 669
30 669
30 799
671 30
671 30
671 799
798 671
798 671
226 671
226 798
321 226
321 226
321 798
797 321
797 321
52 321
52 797
268 52
268 797
796 52
796 268
331 268
331 796
594 331
594 796
795 331
795 594
186 594
186 795
186 795
1 186
795 1
795 186
1 795
314 795
794 1
794 186
170 794
756 170
756 794
793 314
793 756
208 756
208 793
208 793
1 208
793 1
793 208
1 793
562 793
792 1
792 208
90 562
90 792
90 792
1 90
792 1
792 90
1 792
700 1
700 792
791 90
791 700
101 700
101 791
157 101
157 101
157 791
790 157
790 157
589 790
637 790
789 157
789 589
262 789
366 262
366 789
788 366
788 366
27 637
27 788
112 27
112 788
787 27
787 112
67 787
311 67
311 112
311 787
786 311
786 311
231 311
231 786
231 786
1 231
786 1
786 231
1 786
775 1
775 231
775 786
785 775
785 775
289 785
557 289
557 775
557 785
784 557
784 557
367 557
367 784
367 784
1 367
784 1
784 367
1 784
661 1
661 367
661 784
783 661
783 661
269 661
269 783
521 269
521 269
521 783
782 521
782 521
222 521
222 782
222 782
1 222
782 1
782 222
1 782
723 1
723 782
781 222
781 723
279 723
279 781
698 781
780 279
780 279
110 780
659 110
659 698
659 780
779 659
779 659
507 779
745 507
745 779
778 659
778 745
22 778
768 778
777 22
777 745
245 768
245 777
320 777
776 245
776 245
459 320
459 776
698 459
698 776
775 459
775 698
111 698
111 775
111 775
1 111
775 1
775 111
1 775
234 1
234 111
234 775
774 234
774 234
116 234
116 774
218 116
218 774
773 116
773 218
133 218
133 773
133 773
1 133
773 1
773 133
1 773
450 773
772 1
772 133
417 450
417 772
451 417
451 417
451 772
771 451
771 451
252 451
252 771
744 771
770 252
770 252
118 744
118 770
680 770
769 118
769 118
243 680
243 769
555 769
768 243
768 243
134 555
134 768
134 768
1 134
768 1
768 134
1 768
713 768
767 1
767 134
72 713
72 767
110 72
110 767
766 72
766 110
158 766
178 110
178 766
765 158
765 178
715 178
715 765
751 715
751 765
764 715
764 751
226 751
226 764
226 764
1 226
764 1
764 226
1 764
387 1
387 764
763 226
763 387
162 387
162 763
162 763
1 162
763 1
763 162
1 763
341 1
341 763
762 162
762 341
380 341
380 762
380 762
1 380
762 1
762 380
1 762
453 762
761 1
761 380
250 453
250 761
250 761
1 250
761 1
761 250
1 761
558 761
760 1
760 250
297 558
297 760
603 297
603 760
759 297
759 603
143 603
143 759
143 759
1 143
759 1
759 143
1 759
589 1
589 143
589 759
758 589
758 589
397 758
600 397
600 589
600 758
757 600
757 600
78 757
686 78
686 757
756 600
756 686
11 756
560 11
560 756
755 560
755 560
329 755
421 329
421 755
754 421
754 421
6 754
120 6
120 686
120 754
753 120
753 120
137 120
137 753
137 753
1 137
753 1
753 137
1 753
329 753
752 1
752 137
376 752
750 329
750 752
751 376
751 750
369 751
571 369
571 751
750 571
142 571
142 750
563 142
563 750
749 142
749 563
47 563
47 749
703 47
703 47
703 749
748 703
748 703
62 703
62 748
318 62
318 748
747 62
747 318
383 318
383 747
737 747
746 383
746 383
408 737
408 746
707 408
707 746
745 408
745 707
87 707
87 745
278 87
278 87
278 745
744 278
744 278
80 744
325 744
743 80
743 278
15 325
15 743
15 743
1 15
743 1
743 15
1 743
596 1
596 743
742 15
742 596
216 742
547 742
741 216
741 547
122 596
122 741
630 122
630 741
740 122
740 630
235 630
235 740
474 740
739 235
739 235
71 474
71 739
71 739
1 71
739 1
739 71
1 739
130 1
130 739
738 71
738 130
167 738
561 130
561 738
737 167
737 561
226 561
226 737
687 226
687 737
736 226
736 687
189 687
189 736
189 736
1 189
736 1
736 189
1 736
331 1
331 189
331 736
735 331
735 331
138 331
138 735
138 735
1 138
735 1
735 138
1 735
555 735
734 1
734 138
227 555
227 734
517 227
517 734
733 227
733 517
73 517
73 733
73 733
1 73
733 1
733 73
1 733
367 1
367 73
367 733
732 367
732 367
27 732
593 732
731 27
731 367
15 731
307 731
730 15
730 307
485 593
485 730
622 485
622 730
729 485
729 622
38 622
38 729
308 729
728 38
728 38
502 308
502 728
700 728
727 502
727 502
305 727
601 305
601 727
726 601
726 601
97 726
498 97
498 726
725 498
725 498
372 700
372 725
372 725
1 372
725 1
725 372
1 725
560 1
560 725
724 372
724 560
157 560
157 724
349 157
349 157
349 724
723 349
723 349
252 349
252 723
456 252
456 252
456 723
722 456
722 456
236 456
236 722
291 722
721 236
721 236
11 721
647 11
647 721
720 291
720 647
262 647
262 720
270 720
719 262
719 262
58 270
58 719
58 719
1 58
719 1
719 58
1 719
646 719
718 1
718 58
368 646
368 718
368 718
1 368
718 1
718 368
1 718
697 1
697 718
717 368
717 697
190 697
190 717
190 717
1 190
717 1
717 190
1 717
478 1
478 717
716 190
716 478
227 478
227 716
227 716
1 227
716 1
716 227
1 716
373 1
373 716
715 227
715 373
418 373
418 715
554 715
714 418
714 418
404 554
404 714
404 714
1 404
714 1
714 404
1 714
470 714
713 1
713 404
94 470
94 713
172 94
172 713
712 94
712 172
115 712
295 115
295 712
711 172
711 295
70 711
552 711
710 70
710 295
133 552
133 710
133 710
1 133
710 1
710 133
1 710
458 710
709 1
709 133
346 458
346 709
472 709
708 346
708 346
210 708
281 210
281 472
281 708
707 281
707 281
413 281
413 707
543 707
706 413
706 413
111 543
111 706
111 706
1 111
706 1
706 111
1 706
519 1
519 706
705 111
705 519
8 519
8 705
650 705
704 8
704 8
307 650
307 704
307 704
1 307
704 1
704 307
1 704
484 1
484 704
703 307
703 484
214 484
214 703
214 703
1 214
703 1
703 214
1 703
590 1
590 703
702 214
702 590
172 702
367 172
367 590
367 702
701 367
701 367
271 367
271 701
616 271
616 701
700 271
700 616
156 616
156 700
156 700
1 156
700 1
700 156
1 700
389 700
699 1
699 156
130 699
325 130
325 389
325 699
698 325
698 325
237 698
243 237
243 325
243 698
697 243
697 243
74 697
115 74
115 697
696 115
696 115
178 243
178 696
178 696
1 178
696 1
696 178
1 696
310 1
310 178
310 696
695 310
695 310
66 310
66 695
165 695
694 66
694 66
334 694
474 165
474 694
693 334
693 474
121 693
574 121
574 693
692 474
692 574
313 574
313 692
323 692
691 313
691 313
112 323
112 691
510 112
510 112
510 691
690 510
690 510
231 510
231 690
231 690
1 231
690 1
690 231
1 690
265 1
265 231
265 690
689 265
689 265
138 689
441 138
441 265
441 689
688 441
688 441
271 688
669 688
687 271
687 441
209 669
209 687
550 209
550 687
686 209
686 550
40 550
40 686
280 686
685 40
685 40
32 280
32 685
32 685
1 32
685 1
685 32
1 685
278 685
684 1
684 32
113 684
639 113
639 278
639 684
683 639
683 639
430 639
430 683
439 430
439 430
439 683
682 439
682 439
233 439
233 682
492 233
492 233
492 682
681 492
681 492
271 492
271 681
560 271
560 271
560 681
680 560
680 560
31 560
31 680
31 680
1 31
680 1
680 31
1 680
431 680
679 1
679 31
170 679
498 170
498 431
498 679
678 498
678 498
204 678
258 204
258 678
677 258
677 258
97 498
97 677
97 677
1 97
677 1
677 97
1 677
643 677
676 1
676 97
104 643
104 676
104 676
1 104
676 1
676 104
1 676
507 1
507 104
507 676
675 507
675 507
265 675
546 675
674 265
674 507
220 674
290 220
290 546
290 674
673 290
673 290
3 673
504 673
672 3
672 290
119 504
119 672
457 119
457 672
671 119
671 457
507 457
507 671
527 671
670 507
670 507
105 527
105 670
105 670
1 105
670 1
670 105
1 670
544 1
544 670
669 105
669 544
356 544
356 669
457 669
668 356
668 356
242 457
242 668
384 242
384 668
667 242
667 384
230 384
230 667
360 230
360 667
666 230
666 360
84 360
84 666
604 666
665 84
665 84
531 665
628 531
628 665
664 604
664 628
549 664
634 549
634 628
634 664
663 634
663 634
212 634
212 663
637 663
662 212
662 212
244 637
244 662
631 244
631 662
661 244
661 631
317 661
440 317
440 631
440 661
660 440
660 440
129 660
566 660
659 129
659 440
367 566
367 659
367 659
1 367
659 1
659 367
1 659
515 659
658 1
658 367
57 515
57 658
159 57
159 57
159 658
657 159
657 159
304 657
420 159
420 657
656 304
656 420
106 420
106 656
106 656
1 106
656 1
656 106
1 656
558 1
558 656
655 106
655 558
364 655
395 364
395 558
395 655
654 395
654 395
102 395
102 654
102 654
1 102
654 1
654 102
1 654
558 654
653 1
653 102
313 653
399 313
399 653
652 399
652 399
353 558
353 652
353 652
1 353
652 1
652 353
1 652
435 1
435 652
651 353
651 435
22 651
177 22
177 435
177 651
650 177
650 177
500 650
521 177
521 500
521 650
649 521
649 521
29 521
29 649
29 649
1 29
649 1
649 29
1 649
321 649
648 1
648 29
581 648
600 321
600 581
600 648
647 600
647 600
250 600
250 647
250 647
1 250
647 1
647 250
1 647
469 647
646 1
646 250
350 646
594 646
645 350
645 469
241 645
452 645
644 241
644 452
275 644
530 275
530 644
643 530
643 530
26 643
462 643
642 26
642 462
273 642
320 642
641 273
641 320
49 594
49 641
49 641
1 49
641 1
641 49
1 641
253 641
640 1
640 49
9 640
407 9
407 640
639 253
639 407
160 407
160 639
160 639
1 160
639 1
639 160
1 639
481 1
481 639
638 160
638 481
8 481
8 638
8 638
1 8
638 1
638 8
1 638
179 638
637 1
637 8
523 637
536 637
636 179
636 523
394 536
394 636
394 636
1 394
636 1
636 394
1 636
624 636
635 1
635 394
378 635
434 378
434 635
634 434
634 434
183 624
183 634
401 183
401 634
633 183
633 401
307 401
307 633
307 633
1 307
633 1
633 307
1 633
354 1
354 633
632 307
632 354
181 354
181 632
181 632
1 181
632 1
632 181
1 632
470 632
631 1
631 181
118 470
118 631
118 631
1 118
631 1
631 118
1 631
343 631
630 1
630 118
164 630
254 164
254 630
629 254
629 254
95 629
416 629
628 95
628 343
219 416
219 628
513 628
627 219
627 219
124 627
316 124
316 513
316 627
626 316
626 316
4 626
265 4
265 626
625 265
625 265
6 316
6 625
279 625
624 6
624 6
106 279
106 624
106 624
1 106
624 1
624 106
1 624
552 1
552 624
623 106
623 552
122 623
616 122
616 623
622 552
622 616
260 622
452 260
452 616
452 622
621 452
621 452
9 452
9 621
13 9
13 9
13 621
620 13
620 13
93 13
93 620
93 620
1 93
620 1
620 93
1 620
589 1
589 93
589 620
619 589
619 589
394 619
572 394
572 619
618 572
618 572
59 618
461 59
461 618
617 461
617 461
463 589
463 617
524 463
524 617
616 463
616 524
136 524
136 616
136 616
1 136
616 1
616 136
1 616
151 616
615 1
615 136
247 151
247 615
336 247
336 615
614 247
614 336
58 336
58 614
58 614
1 58
614 1
614 58
1 614
496 1
496 58
496 614
613 496
613 496
73 613
124 73
124 613
612 124
612 124
202 612
238 612
611 202
611 238
121 611
510 121
510 496
510 611
610 510
610 510
250 510
250 610
390 250
390 610
609 250
609 390
221 390
221 609
373 221
373 609
608 221
608 373
189 373
189 608
189 608
1 189
608 1
608 189
1 608
238 608
607 1
607 189
152 607
251 152
251 238
251 607
606 251
606 251
154 606
413 154
413 251
413 606
605 413
605 413
462 605
559 413
559 605
604 462
604 559
204 604
490 604
603 204
603 490
327 559
327 603
327 603
1 327
603 1
603 327
1 603
460 603
602 1
602 327
18 460
18 602
18 602
1 18
602 1
602 18
1 602
468 602
601 1
601 18
74 468
74 601
74 601
1 74
601 1
601 74
1 601
300 1
300 601
600 74
600 300
85 300
85 600
85 600
1 85
600 1
600 85
1 600
147 600
599 1
599 85
159 147
159 599
213 599
598 159
598 159
180 213
180 598
180 598
1 180
598 1
598 180
1 598
348 598
597 1
597 180
283 348
283 597
482 597
596 283
596 283
55 596
527 55
527 596
595 482
595 527
40 595
473 40
473 595
594 473
594 473
132 527
132 594
132 594
1 132
594 1
594 132
1 594
207 1
207 132
207 594
593 207
593 207
153 207
153 593
153 593
1 153
593 1
593 153
1 593
344 593
592 1
592 153
84 344
84 592
198 592
591 84
591 84
36 198
36 591
280 591
590 36
590 36
48 280
48 590
48 590
1 48
590 1
590 48
1 590
276 590
589 1
589 48
51 589
576 589
588 51
588 276
89 576
89 588
89 588
1 89
588 1
588 89
1 588
367 1
367 89
367 588
587 367
587 367
93 367
93 587
562 93
562 93
562 587
586 562
586 562
91 586
457 91
457 562
457 586
585 457
585 457
195 457
195 585
204 195
204 585
584 195
584 204
90 204
90 584
90 584
1 90
584 1
584 90
1 584
268 1
268 584
583 90
583 268
31 268
31 583
31 583
1 31
583 1
583 31
1 583
197 1
197 583
582 31
582 197
294 197
294 582
366 582
581 294
581 294
498 366
498 581
566 581
580 498
580 498
142 580
384 142
384 566
384 580
579 384
579 384
99 384
99 579
329 99
329 579
578 99
578 329
181 329
181 578
530 181
530 578
577 181
577 530
381 577
516 381
516 577
576 516
576 516
330 530
330 576
506 576
575 330
575 330
32 575
572 32
572 575
574 506
574 572
457 574
522 574
573 457
573 522
108 572
108 573
130 573
572 108
572 108
167 572
205 130
205 572
571 167
571 205
226 205
226 571
226 571
1 226
571 1
571 226
1 571
311 1
311 226
311 571
570 311
570 311
447 311
447 570
469 447
469 570
569 447
569 469
21 569
119 21
119 569
568 119
568 119
77 469
77 568
77 568
1 77
568 1
568 77
1 568
266 1
266 568
567 77
567 266
53 266
53 567
392 53
392 567
566 53
566 392
83 566
180 566
565 83
565 180
424 392
424 565
534 424
534 565
564 424
564 534
23 534
23 564
451 564
563 23
563 23
120 451
120 563
120 563
1 120
563 1
563 120
1 563
308 1
308 120
308 563
562 308
562 308
88 308
88 562
88 562
1 88
562 1
562 88
1 562
457 562
561 1
561 88
424 561
469 424
469 561
560 457
560 469
71 560
256 560
559 71
559 256
63 469
63 559
218 559
558 63
558 63
287 218
287 558
384 558
557 287
557 287
68 384
68 557
454 68
454 68
454 557
556 454
556 454
91 454
91 556
91 556
1 91
556 1
556 91
1 556
129 556
555 1
555 91
92 129
92 555
92 555
1 92
555 1
555 92
1 555
441 1
441 555
554 92
554 441
320 441
320 554
320 554
1 320
554 1
554 320
1 554
435 1
435 554
553 320
553 435
327 435
327 553
416 553
552 327
552 327
178 552
298 178
298 552
551 298
551 298
117 416
117 551
185 117
185 551
550 117
550 185
393 550
539 185
539 393
539 550
549 539
549 539
366 549
526 366
526 549
548 526
548 526
231 539
231 548
519 548
547 231
547 231
104 547
460 547
546 104
546 460
229 519
229 546
301 229
301 546
545 229
545 301
418 545
525 545
544 301
544 418
435 525
435 544
450 544
543 435
543 435
301 543
393 543
542 301
542 393
200 450
200 542
273 542
541 200
541 200
26 273
26 541
245 26
245 541
540 26
540 245
191 245
191 540
499 540
539 191
539 191
249 499
249 539
249 539
1 249
539 1
539 249
1 539
251 1
251 539
538 249
538 251
259 538
276 251
276 538
537 259
537 276
345 276
345 537
345 537
1 345
537 1
537 345
1 537
427 1
427 345
427 537
536 427
536 427
225 427
225 536
328 225
328 225
328 536
535 328
535 328
161 535
471 161
471 328
471 535
534 471
534 471
24 534
326 24
326 534
533 326
533 326
130 471
130 533
130 533
1 130
533 1
533 130
1 533
317 533
532 1
532 130
172 317
172 532
259 172
259 532
531 172
531 259
195 531
477 531
530 195
530 259
355 477
355 530
355 530
1 355
530 1
530 355
1 530
384 530
529 1
529 355
199 384
199 529
487 199
487 529
528 199
528 487
513 487
513 528
519 513
519 513
519 528
527 519
527 519
191 527
287 191
287 527
526 287
526 287
17 526
134 17
134 526
525 134
525 134
222 519
222 525
222 525
1 222
525 1
525 222
1 525
353 1
353 222
353 525
524 353
524 353
54 353
54 524
167 524
523 54
523 54
118 523
193 523
522 118
522 167
183 522
221 522
521 183
521 193
79 221
79 521
79 521
1 79
521 1
521 79
1 521
368 521
520 1
520 79
241 368
241 520
241 520
1 241
520 1
520 241
1 520
482 1
482 520
519 241
519 482
301 482
301 519
324 301
324 519
518 301
518 324
264 324
264 518
375 518
517 264
517 264
54 517
395 54
395 375
395 517
516 395
516 395
134 395
134 516
134 516
515 134
515 134
287 134
287 515
287 515
1 287
515 1
515 287
1 515
494 515
514 1
514 287
277 494
277 514
346 277
346 514
513 277
513 346
202 513
340 202
340 513
512 340
512 340
276 512
373 276
373 346
373 512
511 373
511 373
234 373
234 511
234 511
1 234
511 1
511 234
1 511
409 1
409 511
510 234
510 409
381 409
381 510
424 381
424 381
424 510
509 424
509 424
149 509
175 149
175 424
175 509
508 175
508 175
309 508
388 508
507 175
507 309
194 388
194 507
194 507
1 194
507 1
507 194
1 507
356 1
356 194
356 507
506 356
506 356
198 506
206 198
206 506
505 206
505 206
162 356
162 505
162 505
1 162
505 1
505 162
1 505
336 505
504 1
504 162
122 504
361 122
361 336
361 504
503 361
503 361
141 361
141 503
174 141
174 503
502 141
502 174
29 174
29 502
29 502
1 29
502 1
502 29
1 502
57 1
57 502
501 29
501 57
92 57
92 501
92 501
1 92
501 1
501 92
1 501
219 501
500 1
500 92
191 219
191 500
411 191
411 500
499 191
499 411
88 411
88 499
302 88
302 499
498 88
498 302
107 498
391 107
391 302
391 498
497 391
497 391
233 391
233 497
288 497
496 233
496 233
130 288
130 496
130 496
1 130
496 1
496 130
1 496
411 496
495 1
495 130
36 411
36 495
279 495
494 36
494 36
69 494
310 494
493 69
493 279
34 310
34 493
34 493
1 34
493 1
493 34
1 493
63 493
492 1
492 34
176 63
176 492
176 492
1 176
492 1
492 176
1 492
286 1
286 492
491 176
491 286
75 491
244 75
244 286
244 491
490 244
490 244
58 490
302 58
302 490
489 244
489 302
89 302
89 489
347 489
488 89
488 89
297 347
297 488
297 488
1 297
488 1
488 297
1 488
462 488
487 1
487 297
176 462
176 487
176 487
1 176
487 1
487 176
1 487
315 487
486 1
486 176
229 315
229 486
229 486
1 229
486 1
486 229
1 486
483 1
483 486
485 229
485 483
147 483
147 485
321 147
321 147
321 485
484 321
484 321
251 321
251 484
341 484
483 251
483 251
156 483
236 156
236 341
236 483
482 236
482 236
203 236
203 482
234 482
481 203
481 203
104 481
275 104
275 234
275 481
480 275
480 275
204 275
204 480
204 480
1 204
480 1
480 204
1 480
266 1
266 204
266 480
479 266
479 266
130 266
130 479
134 479
478 130
478 130
294 134
294 478
294 478
1 294
478 1
478 294
1 478
416 478
477 1
477 294
74 416
74 477
410 74
410 74
410 477
476 410
476 410
45 410
45 476
45 476
1 45
476 1
476 45
1 476
147 476
475 1
475 45
48 147
48 475
334 48
334 48
334 475
474 334
474 334
34 334
34 474
462 474
473 34
473 34
27 473
453 27
453 473
472 453
472 453
11 472
336 11
336 472
471 336
471 336
143 462
143 471
143 471
1 143
471 1
471 143
1 471
269 471
470 1
470 143
72 470
274 72
274 470
469 269
469 274
138 274
138 469
138 469
1 138
469 1
469 138
1 469
301 1
301 138
301 469
468 301
468 301
105 301
105 468
312 105
312 105
312 468
467 312
467 312
78 467
294 78
294 467
466 294
466 294
218 312
218 466
285 218
285 466
465 218
465 285
169 285
169 465
380 169
380 169
380 465
464 380
464 380
121 380
121 464
335 464
463 121
463 121
24 463
314 463
462 24
462 314
197 462
341 197
341 462
461 335
461 341
122 461
412 122
412 461
460 341
460 412
176 460
209 176
209 412
209 460
459 209
459 209
58 209
58 459
58 459
1 58
459 1
459 58
1 459
269 1
269 459
458 58
458 269
275 458
417 458
457 269
457 275
309 417
309 457
423 309
423 309
423 457
456 423
456 423
97 423
97 456
289 97
289 97
289 456
455 289
455 289
226 455
386 455
454 226
454 289
274 454
313 274
313 386
313 454
453 313
453 313
147 453
424 453
452 147
452 313
151 424
151 452
151 452
1 151
452 1
452 151
1 452
449 1
449 452
451 151
451 449
78 449
78 451
182 78
182 451
450 78
450 182
174 450
280 174
280 450
449 182
449 280
172 280
172 449
270 172
270 449
448 172
448 270
157 270
157 448
157 448
1 157
448 1
448 157
1 448
173 1
173 157
173 448
447 173
447 173
302 173
302 447
302 447
1 302
447 1
447 302
1 447
417 1
417 447
446 302
446 417
166 417
166 446
166 446
1 166
446 1
446 166
1 446
180 1
180 446
445 166
445 180
156 180
156 445
369 445
444 156
444 156
332 369
332 444
443 332
443 444
65 443
227 65
227 443
442 227
442 227
77 332
77 442
344 77
344 77
344 442
441 344
441 344
213 344
213 441
341 213
341 213
341 441
440 341
440 341
111 440
359 111
359 341
359 440
439 359
439 359
10 439
348 10
348 439
438 348
438 348
92 438
177 438
437 92
437 177
250 359
250 437
410 437
436 250
436 250
133 436
144 133
144 436
435 144
435 144
260 435
278 260
278 410
278 435
434 278
434 278
93 278
93 434
99 93
99 434
433 93
433 99
60 433
190 60
190 433
432 99
432 190
174 190
174 432
237 174
237 174
237 432
431 237
431 237
22 431
310 22
310 237
310 431
430 310
430 310
132 310
132 430
354 430
429 132
429 132
27 354
27 429
278 27
278 27
278 429
428 278
428 278
16 428
291 16
291 278
291 428
427 291
427 291
15 427
283 427
426 15
426 283
154 426
290 154
290 291
290 426
425 290
425 290
68 290
68 425
359 425
424 68
424 68
269 424
277 269
277 359
277 424
423 277
423 277
65 277
65 423
163 65
163 65
163 423
422 163
422 163
18 422
141 18
141 422
421 141
421 141
22 421
54 421
420 22
420 54
72 163
72 420
366 72
366 420
419 72
419 366
264 366
264 419
264 419
1 264
419 1
419 264
1 419
272 1
272 419
418 264
418 272
4 272
4 418
4 418
1 4
418 1
418 4
1 418
280 1
280 418
417 4
417 280
343 280
343 417
391 417
416 343
416 343
295 391
295 416
319 416
415 295
415 295
213 415
259 213
259 319
259 415
414 259
414 259
103 259
103 414
263 414
413 103
413 103
185 263
185 413
321 185
321 185
321 413
412 321
412 321
241 412
390 412
411 241
411 321
90 390
90 411
90 411
1 90
411 1
411 90
1 411
216 411
410 1
410 90
238 216
238 410
238 410
1 238
410 1
410 238
1 410
314 410
409 1
409 238
240 409
375 240
375 409
408 314
408 375
60 375
60 408
363 60
363 60
363 408
407 363
407 363
153 363
153 407
343 153
343 407
406 153
406 343
190 343
190 406
190 406
1 190
406 1
406 190
1 406
348 1
348 406
405 190
405 348
178 405
241 178
241 348
241 405
404 241
404 241
338 404
359 404
403 241
403 338
75 359
75 403
75 403
1 75
403 1
403 75
1 403
294 403
402 1
402 75
13 294
13 402
32 13
32 402
401 13
401 32
48 401
199 32
199 48
199 401
400 199
400 199
178 199
178 400
248 178
248 400
399 178
399 248
60 248
60 399
60 399
1 60
399 1
399 60
1 399
125 1
125 60
125 399
398 125
398 125
120 125
120 398
148 120
148 120
148 398
397 148
397 148
164 397
394 397
396 148
396 164
91 394
91 396
91 396
1 91
396 1
396 91
1 396
387 1
387 396
395 91
395 387
267 387
267 395
267 395
1 267
395 1
395 267
1 395
313 395
394 1
394 267
209 394
274 209
274 313
274 394
393 274
393 274
43 274
43 393
178 43
178 393
392 43
392 178
229 178
229 392
229 392
1 229
392 1
392 229
1 392
372 1
372 229
372 392
391 372
391 372
100 372
100 391
100 391
1 100
391 1
391 100
1 391
128 1
128 100
128 391
390 128
390 128
88 128
88 390
365 88
365 390
389 88
389 365
137 389
385 389
388 137
388 365
175 385
175 388
202 175
202 388
387 175
387 202
98 202
98 387
98 387
1 98
387 1
387 98
1 387
231 1
231 387
386 98
386 231
131 231
131 386
312 131
312 131
312 386
385 312
385 312
168 312
168 385
274 168
274 168
274 385
384 274
384 274
39 274
39 384
208 39
208 39
208 384
383 208
383 208
254 208
254 383
290 383
382 254
382 254
279 382
381 382
381 279
61 381
370 381
380 61
380 290
80 370
80 380
178 80
178 80
178 380
379 178
379 178
44 178
44 379
44 379
1 44
379 1
379 44
1 379
118 1
118 379
378 44
378 118
167 118
167 378
167 378
1 167
378 1
378 167
1 378
372 1
372 378
377 167
377 372
261 372
261 377
359 377
376 261
376 261
6 359
6 376
6 376
1 6
376 1
376 6
1 376
160 1
160 376
375 6
375 160
8 375
282 375
374 8
374 160
174 282
174 374
174 374
1 174
374 1
374 174
1 374
359 1
359 374
373 174
373 359
195 359
195 373
195 373
1 195
373 1
373 195
1 373
301 1
301 373
372 195
372 301
178 301
178 372
178 372
1 178
372 1
372 178
1 372
311 1
311 372
371 178
371 311
169 311
169 371
226 169
226 169
226 371
370 226
370 226
3 226
3 370
3 370
1 3
370 1
370 3
1 370
268 370
369 1
369 3
108 268
108 369
122 108
122 108
122 369
368 122
368 122
120 122
120 368
341 120
341 368
367 120
367 341
3 341
3 367
3 367
1 3
367 1
367 3
1 367
192 1
192 367
366 3
366 192
169 192
169 366
169 366
1 169
366 1
366 169
1 366
212 1
212 366
365 169
365 212
142 212
142 365
353 142
353 365
364 142
364 353
61 353
61 364
215 61
215 61
215 364
363 215
363 215
169 215
169 363
260 363
362 169
362 169
21 260
21 362
204 21
204 362
361 21
361 204
98 204
98 361
232 98
232 98
232 361
360 232
360 232
108 360
221 360
359 108
359 221
3 232
3 359
125 359
358 3
358 3
113 358
176 113
176 358
357 125
357 176
211 176
211 357
351 211
351 357
356 211
356 351
159 351
159 356
340 159
340 159
340 356
355 340
355 340
174 340
174 355
174 355
1 174
355 1
355 174
1 355
202 1
202 174
202 355
354 202
354 202
122 354
271 122
271 354
353 202
353 271
109 271
109 353
215 353
352 109
352 109
198 352
206 198
206 352
351 206
351 206
14 351
74 14
74 351
350 74
350 74
166 215
166 350
166 350
1 166
350 1
350 166
1 350
303 350
349 1
349 166
38 349
147 349
348 38
348 147
169 303
169 348
320 169
320 169
320 348
347 320
347 320
77 347
273 347
346 77
346 273
68 320
68 346
68 346
1 68
346 1
346 68
1 346
115 1
115 346
345 68
345 115
243 115
243 345
243 345
1 243
345 1
345 243
1 345
312 345
344 1
344 243
89 312
89 344
120 89
120 344
343 89
343 120
81 120
81 343
130 81
130 81
130 343
342 130
342 130
29 130
29 342
29 342
1 29
342 1
342 29
1 342
281 1
281 342
341 29
341 281
21 341
328 21
328 281
328 341
340 328
340 328
18 328
18 340
18 340
1 18
340 1
340 18
1 340
143 1
143 340
339 18
339 143
187 339
275 143
275 339
338 187
338 275
10 275
10 338
252 10
252 338
337 10
337 252
29 337
317 337
336 29
336 252
224 317
224 336
224 336
1 224
336 1
336 224
1 336
262 336
335 1
335 224
139 262
139 335
180 139
180 335
334 139
334 180
210 180
210 334
210 334
1 210
334 1
334 210
1 334
286 1
286 210
286 334
333 286
333 286
7 286
7 333
79 333
332 7
332 7
177 79
177 332
177 332
1 177
332 1
332 177
1 332
192 1
192 332
331 177
331 192
121 192
121 331
121 331
1 121
331 1
331 121
1 331
195 1
195 121
195 331
330 195
330 195
186 195
186 330
298 186
298 330
329 186
329 298
223 329
246 329
328 223
328 246
185 298
185 328
185 328
1 185
328 1
328 185
1 328
190 1
190 185
190 328
327 190
327 190
91 190
91 327
193 91
193 91
193 327
326 193
326 193
225 326
296 193
296 326
325 225
325 296
97 296
97 325
317 97
317 325
324 97
324 317
2 317
2 324
290 324
323 2
323 2
46 290
46 323
186 323
322 46
322 46
73 186
73 322
73 322
1 73
322 1
322 73
1 322
102 322
321 1
321 73
53 102
53 321
53 321
1 53
321 1
321 53
1 321
159 1
159 53
159 321
320 159
320 159
178 320
317 159
317 320
319 178
319 317
101 319
153 319
318 101
318 153
117 318
254 318
317 117
247 317
285 317
316 247
316 254
5 285
5 316
5 316
1 5
316 1
316 5
1 316
173 1
173 316
315 5
315 173
80 315
186 80
186 173
186 315
314 186
314 186
81 314
87 314
313 81
313 87
99 186
99 313
102 99
102 313
312 99
312 102
84 102
84 312
84 312
1 84
312 1
312 84
1 312
103 1
103 84
103 312
311 103
311 103
102 103
102 311
102 311
1 102
311 1
311 102
1 311
260 1
260 311
310 102
310 260
54 260
54 310
189 310
309 54
309 54
100 309
105 309
308 100
308 105
115 308
190 308
307 115
307 189
34 307
40 34
40 190
40 307
306 40
306 40
16 40
16 306
16 306
1 16
306 1
306 16
1 306
223 306
305 1
305 16
2 305
129 305
304 2
304 129
173 223
173 304
173 304
1 173
304 1
304 173
1 304
189 1
189 304
303 173
303 189
97 189
97 303
97 303
1 97
303 1
303 97
1 303
177 303
302 1
302 97
9 177
9 302
75 9
75 9
75 302
301 75
301 75
6 75
6 301
271 6
271 6
271 301
300 271
300 271
66 271
66 300
66 300
1 66
300 1
300 66
1 300
232 1
232 66
232 300
299 232
299 232
110 299
184 110
184 299
298 184
298 184
55 298
126 55
126 298
297 126
297 126
69 232
69 297
111 297
296 69
296 69
108 111
108 296
108 296
1 108
296 1
296 108
1 296
270 1
270 296
295 108
295 270
65 270
65 295
65 295
1 65
295 1
295 65
1 295
147 295
294 1
294 65
22 147
22 294
271 294
293 22
293 22
18 271
18 293
222 293
292 18
292 18
114 292
169 292
291 114
291 169
115 222
115 291
115 291
1 115
291 1
291 115
1 291
127 1
127 115
127 291
290 127
290 127
128 127
128 290
157 290
289 128
289 128
149 157
149 289
266 289
288 149
288 149
168 288
226 168
226 266
226 288
287 226
287 226
199 287
261 199
261 226
261 287
286 261
286 261
15 261
15 286
15 286
1 15
286 1
286 15
1 286
215 1
215 286
285 15
285 215
40 215
40 285
50 40
50 285
284 40
284 50
14 50
14 284
64 284
283 14
283 14
115 64
115 283
229 115
229 115
229 283
282 229
282 229
85 229
85 282
128 282
281 85
281 85
138 128
138 281
229 281
280 138
280 138
22 229
22 280
274 22
274 22
274 280
279 274
279 274
135 279
268 135
268 279
278 268
278 268
42 274
42 278
184 42
184 42
184 278
277 184
277 184
73 277
175 73
175 277
276 175
276 175
2 184
2 276
37 276
275 2
275 2
61 37
61 275
61 275
1 61
275 1
275 61
1 275
234 275
274 1
274 61
213 234
213 274
230 213
230 274
273 213
273 230
48 273
61 48
61 273
272 61
272 61
27 230
27 272
69 27
69 27
69 272
271 69
271 69
214 271
244 69
244 271
270 214
270 244
14 244
14 270
25 270
269 14
269 14
65 269
240 25
240 65
240 269
268 240
268 240
128 240
128 268
128 268
1 128
268 1
268 128
1 268
223 1
223 268
267 128
267 223
145 223
145 267
145 267
1 145
267 1
267 145
1 267
251 1
251 145
251 267
266 251
266 251
54 251
54 266
143 54
143 54
143 266
265 143
265 143
161 143
161 265
180 161
180 265
264 161
264 180
133 264
190 133
190 180
190 264
263 190
263 190
171 190
171 263
209 263
262 171
262 171
29 262
178 29
178 262
261 178
261 178
149 261
208 149
208 261
260 208
260 208
66 260
181 260
259 66
259 181
172 259
246 172
246 259
258 209
258 246
32 246
32 258
32 258
1 32
258 1
258 32
1 258
251 258
257 1
257 32
57 257
66 257
256 57
256 66
9 251
9 256
236 9
236 256
255 9
255 236
129 236
129 255
232 255
254 129
254 129
216 254
239 254
253 216
253 232
68 253
161 253
252 68
252 161
21 252
91 21
91 239
91 252
251 91
251 91
72 91
72 251
72 251
1 72
251 1
251 72
1 251
180 1
180 72
180 251
250 180
250 180
8 250
76 250
249 8
249 76
43 180
43 249
43 249
1 43
249 1
249 43
1 249
234 249
248 1
248 43
18 234
18 248
209 248
247 18
247 18
72 209
72 247
115 72
115 247
246 72
246 115
112 115
112 246
112 246
1 112
246 1
246 112
1 246
127 1
127 112
127 246
245 127
245 127
142 245
164 127
164 142
164 245
244 164
244 164
52 244
71 52
71 164
71 244
243 71
243 71
26 71
26 243
72 243
242 26
242 26
8 242
50 8
50 242
241 50
241 50
107 241
107 72
107 241
240 107
240 107
22 107
22 240
22 240
1 22
240 1
240 22
1 240
233 240
239 1
239 22
58 233
58 239
117 239
238 58
238 58
99 238
119 238
237 99
237 117
73 119
73 237
73 237
1 73
237 1
237 73
1 237
236 237
236 1
163 73
163 236
189 163
189 163
189 236
235 189
235 189
11 189
11 235
95 11
95 11
95 235
234 95
234 95
77 234
112 234
233 77
233 95
122 233
167 112
167 122
167 233
232 167
232 167
1 167
1 232
1 232
2 1
232 2
232 1
2 232
126 232
231 1
231 2
185 126
185 231
185 231
1 185
231 1
231 185
1 231
219 231
230 1
230 185
122 230
159 122
159 219
159 230
229 159
229 159
29 159
29 229
57 229
228 29
228 29
78 57
78 228
144 228
227 78
227 78
42 144
42 227
149 42
149 227
226 42
226 149
37 149
37 226
37 226
1 37
226 1
226 37
1 226
88 226
225 1
225 37
6 88
6 225
176 225
224 6
224 6
154 224
179 224
223 154
223 176
140 223
212 140
212 223
222 179
222 212
11 212
11 222
92 11
92 11
92 222
221 92
221 92
153 221
207 221
220 92
220 153
120 220
217 120
217 207
217 220
219 217
219 217
169 219
210 219
218 169
218 210
113 217
113 218
145 218
217 113
217 113
141 145
141 217
145 141
145 217
216 141
216 145
30 216
93 30
93 145
93 216
215 93
215 93
66 215
183 215
214 66
214 93
177 214
188 177
188 214
213 183
213 188
95 188
95 213
210 213
212 95
212 95
87 212
98 87
98 212
211 98
211 98
66 210
66 211
66 211
1 66
211 1
211 66
1 211
158 1
158 211
210 66
210 158
100 158
100 210
192 100
192 100
192 210
209 192
209 192
9 209
154 209
208 9
208 154
131 192
131 208
162 131
162 131
162 208
207 162
207 162
95 162
95 207
181 95
181 95
181 207
206 181
206 181
76 181
76 206
182 76
182 206
205 76
205 182
125 182
125 205
125 205
1 125
205 1
205 125
1 205
186 205
204 1
204 125
18 186
18 204
18 204
1 18
204 1
204 18
1 204
55 204
203 1
203 18
23 55
23 203
23 203
1 23
203 1
203 23
1 203
106 203
202 1
202 23
43 202
170 43
170 202
201 106
201 170
137 170
137 201
146 137
146 201
200 137
200 146
64 146
64 200
64 200
1 64
200 1
200 64
1 200
199 1
199 64
199 200
1 199
4 199
159 1
159 199
198 4
198 159
14 198
102 14
102 198
197 102
197 102
92 197
190 197
196 92
196 159
11 196
97 196
195 11
195 97
70 190
70 195
70 195
1 70
195 1
195 70
1 195
90 1
90 70
90 195
194 90
194 90
37 90
37 194
115 37
115 37
115 194
193 115
193 115
55 115
55 193
55 193
1 55
193 1
193 55
1 193
173 1
173 55
173 193
192 173
192 173
35 173
35 192
35 192
1 35
192 1
192 35
1 192
156 192
191 1
191 35
37 156
37 191
169 37
169 37
169 191
190 169
190 169
59 169
59 190
168 190
189 59
189 59
19 168
19 189
19 189
1 19
189 1
189 19
1 189
98 1
98 19
98 189
188 98
188 98
84 188
88 84
88 188
187 88
187 88
73 187
176 187
186 73
186 98
37 176
37 186
83 37
83 186
185 37
185 83
103 83
103 185
133 185
184 103
184 103
28 133
28 184
117 28
117 28
117 184
183 117
183 117
26 183
60 26
60 117
60 183
182 60
182 60
1 60
1 182
116 1
116 1
116 182
181 116
181 116
32 181
130 32
130 116
130 181
180 130
180 130
47 180
151 47
151 180
179 130
179 151
20 151
20 179
20 179
1 20
179 1
179 20
1 179
55 1
55 179
178 20
178 55
18 178
136 18
136 178
177 55
177 136
12 177
126 12
126 177
176 126
176 126
101 136
101 176
129 101
129 101
129 176
175 129
175 129
6 129
6 175
6 175
1 6
175 1
175 6
1 175
64 175
174 1
174 6
5 174
155 5
155 64
155 174
173 155
173 155
27 173
160 173
172 27
172 155
52 160
52 172
52 172
1 52
172 1
172 52
1 172
106 1
106 52
106 172
171 106
171 106
105 106
105 171
105 171
1 105
171 1
171 105
1 171
169 1
169 171
170 105
170 169
51 169
51 170
51 170
1 51
170 1
170 51
1 170
133 170
169 1
169 51
39 133
39 169
39 169
1 39
169 1
169 39
1 169
101 1
101 39
101 169
168 101
168 101
11 101
11 168
11 168
1 11
168 1
168 11
1 168
128 168
167 1
167 11
35 167
50 35
50 167
166 50
166 50
57 128
57 166
57 166
1 57
166 1
166 57
1 166
101 1
101 166
165 57
165 101
48 101
48 165
60 48
60 165
164 48
164 60
4 60
4 164
77 4
77 4
77 164
163 77
163 77
43 77
43 163
150 43
150 163
162 43
162 150
40 150
40 162
40 162
1 40
162 1
162 40
1 162
95 162
161 1
161 40
5 95
5 161
5 161
1 5
161 1
161 5
1 161
90 1
90 161
160 5
160 90
2 90
2 160
2 160
1 2
160 1
160 2
1 160
91 1
91 2
91 160
159 91
159 91
72 159
142 72
142 91
142 159
158 142
158 142
13 142
13 158
13 158
1 13
158 1
158 13
1 158
69 158
157 1
157 13
12 69
12 157
12 157
1 12
157 1
157 12
1 157
153 157
156 1
156 12
54 153
54 156
108 156
155 54
155 54
31 108
31 155
37 155
154 31
154 31
19 154
136 19
136 154
153 37
153 136
86 136
86 153
112 153
152 86
152 86
24 112
24 152
132 24
132 24
132 152
151 132
151 132
82 151
120 151
150 82
150 120
2 132
2 150
143 2
143 150
149 2
149 143
8 143
8 149
70 8
70 8
70 149
148 70
148 70
121 70
121 148
121 148
1 121
148 1
148 121
1 148
145 1
145 148
147 121
147 145
50 147
146 147
146 50
85 146
108 85
108 146
145 108
2 145
58 2
58 145
144 58
144 58
31 108
31 144
31 144
1 31
144 1
144 31
1 144
46 1
46 144
143 31
143 46
57 143
133 46
133 143
142 57
142 133
73 133
73 142
100 73
100 142
141 73
141 100
39 100
39 141
39 141
1 39
141 1
141 39
1 141
104 1
104 141
140 39
140 104
45 104
45 140
78 45
78 140
139 45
139 78
112 139
127 78
127 112
127 139
138 127
138 127
81 138
82 81
82 138
137 82
137 82
73 127
73 137
121 73
121 137
136 73
136 121
84 136
109 136
135 84
135 109
23 121
23 135
23 135
1 23
135 1
135 23
1 135
42 135
134 1
134 23
46 42
46 134
46 134
1 46
134 1
134 46
1 134
106 134
133 1
133 46
129 106
129 133
131 129
131 129
131 133
132 131
132 131
55 132
94 55
94 131
94 132
131 94
131 94
4 94
4 131
86 4
86 4
86 131
130 86
130 86
58 86
58 130
97 58
97 58
97 130
129 97
129 97
115 97
115 129
126 115
126 115
126 129
128 126
128 126
58 128
112 58
112 126
112 128
127 112
127 112
6 112
6 127
107 6
107 6
107 127
126 107
126 107
4 126
93 4
93 126
125 93
125 93
94 107
94 125
94 125
1 94
125 1
125 94
1 125
121 1
121 94
121 125
124 121
124 121
21 121
21 124
21 124
1 21
124 1
124 21
1 124
71 124
123 1
123 21
44 123
58 123
122 44
122 58
12 71
12 122
25 122
121 12
121 12
69 25
69 121
69 121
1 69
121 1
121 69
1 121
74 1
74 121
120 69
120 74
23 120
53 23
53 74
53 120
119 53
119 53
48 53
48 119
48 119
1 48
119 1
119 48
1 119
112 1
112 48
112 119
118 112
118 112
11 112
11 118
11 118
1 11
118 1
118 11
1 118
16 1
16 11
16 118
117 16
117 16
62 16
62 117
62 117
1 62
117 1
117 62
1 117
99 117
116 1
116 62
51 99
51 116
51 116
1 51
116 1
116 51
1 116
92 1
92 51
92 116
115 92
115 92
16 92
16 115
66 16
66 16
66 115
114 66
114 66
98 66
98 114
98 114
1 98
114 1
114 98
1 114
110 1
110 114
113 98
113 110
15 110
15 113
15 113
1 15
113 1
113 15
1 113
85 1
85 113
112 15
112 85
9 85
9 112
9 112
1 9
112 1
112 9
1 112
65 1
65 9
65 112
111 65
111 65
67 65
67 111
67 111
1 67
111 1
111 67
1 111
99 1
99 111
110 67
110 99
38 110
74 38
74 110
109 74
109 74
30 99
30 109
30 109
1 30
109 1
109 30
1 109
93 1
93 30
93 109
108 93
108 93
2 93
2 108
2 108
1 2
108 1
108 2
1 108
73 1
73 108
107 2
107 73
36 73
36 107
79 107
106 36
106 36
2 106
55 2
55 79
55 106
105 55
105 55
8 105
46 8
46 105
104 46
104 46
54 55
54 104
54 104
1 54
104 1
104 54
1 104
79 1
79 54
79 104
103 79
103 79
27 79
27 103
90 27
90 27
90 103
102 90
102 90
5 90
5 102
99 5
99 5
99 102
101 99
101 99
34 99
34 101
34 101
1 34
101 1
101 34
1 101
93 101
100 1
100 34
7 93
7 100
7 100
1 7
100 1
100 7
1 100
64 1
64 7
64 100
99 64
99 64
35 99
83 35
83 64
83 99
98 83
98 83
22 83
22 98
22 98
1 22
98 1
98 22
1 98
41 98
97 1
97 22
69 97
95 97
96 41
96 69
2 96
90 2
90 96
95 90
48 95
68 48
68 95
94 68
94 68
6 94
31 94
93 6
93 31
53 90
53 93
76 53
76 53
76 93
92 76
92 76
3 76
3 92
46 92
91 3
91 3
32 46
32 91
32 91
1 32
91 1
91 32
1 91
74 1
74 32
74 91
90 74
90 74
5 74
5 90
5 90
1 5
90 1
90 5
1 90
78 1
78 90
89 5
89 78
58 78
58 89
58 89
1 58
89 1
89 58
1 89
80 1
80 89
88 58
88 80
58 88
64 88
87 58
87 64
6 87
52 6
52 87
86 52
86 52
30 80
30 86
30 86
1 30
86 1
86 30
1 86
52 1
52 30
52 86
85 52
85 52
23 52
23 85
23 85
1 23
85 1
85 23
1 85
39 1
39 85
84 23
84 39
24 39
24 84
24 84
1 24
84 1
84 24
1 84
45 84
83 1
83 24
31 45
31 83
49 83
82 31
82 31
8 49
8 82
73 8
73 82
81 8
81 73
8 81
79 8
79 81
80 73
80 79
25 79
25 80
49 25
49 80
79 25
79 49
10 79
21 10
21 79
78 21
78 21
1 78
8 1
8 49
8 78
77 8
77 8
32 77
59 8
59 32
59 77
76 59
76 59
27 76
38 76
75 27
75 38
4 59
4 75
12 4
12 4
12 75
74 12
74 12
28 12
28 74
63 28
63 28
63 74
73 63
73 63
32 63
32 73
32 73
1 32
73 1
73 32
1 73
41 1
41 32
41 73
72 41
72 41
30 41
30 72
30 72
1 30
72 1
72 30
1 72
46 1
46 72
71 30
71 46
64 71
68 71
70 46
70 64
16 68
16 70
16 70
1 16
70 1
70 16
1 70
51 1
51 16
51 70
69 51
69 51
9 51
9 69
46 9
46 9
46 69
68 46
68 46
24 46
24 68
24 68
1 24
68 1
68 24
1 68
43 68
67 1
67 24
10 67
47 10
47 43
47 67
66 47
66 47
10 47
10 66
10 66
1 10
66 1
66 10
1 66
40 1
40 66
65 10
65 40
58 40
58 65
58 65
1 58
65 1
65 58
1 65
59 1
59 65
64 58
64 59
23 59
23 64
23 64
1 23
64 1
64 23
1 64
49 1
49 23
49 64
63 49
63 49
48 49
48 63
48 63
1 48
63 1
63 48
1 63
53 1
53 63
62 48
62 53
10 53
10 62
10 62
1 10
62 1
62 10
1 62
48 62
61 1
61 10
21 48
21 61
21 61
1 21
61 1
61 21
1 61
26 1
26 21
26 61
60 26
60 26
15 60
33 15
33 60
59 26
59 33
31 59
50 31
50 33
50 59
58 50
58 50
1 58
28 58
57 1
57 28
40 50
40 57
45 40
45 57
56 40
56 45
4 56
12 4
12 56
55 12
55 12
28 45
28 55
36 28
36 28
36 55
54 36
54 36
4 36
4 54
4 54
1 4
54 1
54 4
1 54
37 1
37 54
53 4
53 37
21 37
21 53
21 53
1 21
53 1
53 21
1 53
42 1
42 21
42 53
52 42
52 42
24 52
33 52
51 24
51 33
15 42
15 51
44 15
44 15
44 51
50 44
50 44
7 50
30 50
49 7
49 30
6 49
29 6
29 44
29 49
48 29
48 29
15 48
43 48
47 15
47 29
2 43
2 47
11 2
11 47
46 2
46 11
8 11
8 46
8 46
1 8
46 1
46 8
1 46
29 46
45 1
45 8
24 29
24 45
24 45
1 24
45 1
45 24
1 45
39 1
39 24
39 45
44 39
44 39
27 39
27 44
27 44
1 27
44 1
44 27
1 44
33 44
43 1
43 27
9 43
24 9
24 43
42 24
42 24
3 33
3 42
10 3
10 42
41 3
41 10
14 41
33 10
33 14
33 41
40 33
40 33
15 40
35 15
35 40
39 33
39 35
4 39
33 39
38 4
38 33
4 35
4 38
4 38
1 4
38 1
38 4
1 38
30 1
30 4
30 38
37 30
37 30
2 30
2 37
24 2
24 2
24 37
36 24
36 24
9 36
26 9
26 24
26 36
35 26
35 26
3 35
17 3
17 26
17 35
34 17
34 17
14 17
14 34
14 34
1 14
34 1
34 14
1 34
30 1
30 14
30 34
33 30
33 30
9 33
25 9
25 30
25 33
32 25
32 25
3 25
3 32
21 3
21 3
21 32
31 21
31 21
9 21
9 31
9 31
30 9
30 9
5 9
5 30
5 30
1 5
30 1
30 5
1 30
26 30
29 1
29 5
15 26
15 29
15 29
1 15
29 1
29 15
1 29
21 1
21 29
28 15
28 21
3 21
3 28
3 28
1 3
28 1
28 3
1 28
24 1
24 28
27 3
27 24
2 24
2 27
2 27
1 2
27 1
27 2
1 27
8 27
26 1
26 2
3 8
3 26
3 26
1 3
26 1
26 3
1 26
7 1
7 26
25 3
25 7
10 7
10 25
17 10
17 10
17 25
24 17
24 17
2 17
2 24
2 24
1 2
24 1
24 2
1 24
3 1
3 24
23 2
23 3
4 3
4 23
4 23
1 4
23 1
23 4
1 23
20 1
20 23
22 4
22 20
12 20
12 22
18 12
18 12
18 22
21 18
21 18
5 18
5 21
12 21
20 5
20 5
2 12
2 20
13 20
19 2
19 2
2 13
2 19
9 2
9 2
9 19
18 9
18 9
4 9
4 18
4 18
1 4
18 1
18 4
1 18
7 1
7 18
17 4
17 7
3 7
3 17
3 17
1 3
17 1
17 3
1 17
8 17
16 1
16 3
8 16
9 16
15 8
15 8
4 9
4 15
14 4
14 15
8 4
8 14
8 14
1 8
14 1
14 8
1 14
11 1
11 14
13 8
13 11
5 13
11 13
12 5
12 11
6 11
6 12
6 12
1 6
12 1
12 6
1 12
8 12
11 1
11 6
7 8
7 11
7 11
1 7
11 1
11 7
1 11
10 11
10 1
1 10
5 1
5 7
5 10
9 5
9 5
4 9
8 4
8 5
8 9
1 8
1 8
6 1
6 8
7 1
7 6
3 7
3 6
3 7
6 3
6 3
1 3
1 6
5 1
5 1
5 6
1 5
4 5
4 5
1 4
1 4
2 1
4 2
4 1
2 4
3 4
3 1
1 2
1 3
2 1
2 1
2 3
1 2
1 2
1 2
