995
428 783 447
709 315 299
47 240 705
344 686 448
1 374 864
994 317 484
507 837 423
432 394 867
358 824 745
700 367 408
596 886 906
86 157 680
49 73 787
285 449 636
45 38 757
63 173 562
990 138 455
664 678 946
298 166 980
597 715 741
924 504 512
628 416 799
96 850 545
785 233 593
388 362 190
483 694 238
630 637 764
227 306 454
126 719 876
732 11 354
782 251 836
359 602 845
901 326 384
654 825 219
220 78 361
435 461 194
966 85 855
40 53 967
214 564 123
557 935 744
291 109 431
683 94 84
970 153 632
32 177 341
719 6 653
432 232 531
170 246 533
410 626 85
908 472 765
288 473 260
9 909 861
31 502 441
6 131 495
334 464 154
34 231 525
11 145 742
211 537 250
53 531 431
975 269 497
534 818 708
505 237 530
750 238 730
281 283 945
397 601 729
312 569 208
941 191 931
56 202 809
621 844 947
445 142 699
701 294 175
16 586 785
37 171 713
716 529 541
124 168 813
19 498 891
131 974 947
917 468 684
572 746 319
756 335 753
429 352 955
626 981 207
74 77 325
460 877 50
304 420 781
44 718 254
658 327 849
371 570 922
715 104 914
843 202 728
944 82 267
8 59 467
723 354 838
120 500 685
927 252 679
562 270 776
57 218 323
561 456 682
21 556 994
118 106 432
736 716 738
261 254 761
226 387 763
2 311 401
747 910 469
661 92 127
405 884 850
879 642 975
345 599 77
474 893 592
204 437 874
119 888 720
319 337 498
363 475 284
915 463 715
588 244 912
29 249 794
436 128 206
104 848 484
857 90 889
277 822 69
393 935 847
47 140 393
683 276 741
691 947 396
467 961 270
355 887 75
860 433 570
261 803 969
114 741 620
492 553 739
182 509 582
156 840 949
46 125 385
991 192 864
957 359 415
79 539 881
637 366 911
212 397 192
778 589 59
769 637 234
321 382 765
218 267 322
754 151 908
402 727 428
154 375 699
912 534 945
615 565 974
948 306 578
556 724 887
305 356 876
415 569 943
735 815 858
303 578 643
176 342 846
260 439 549
873 960 398
897 931 439
655 325 507
339 613 797
580 235 349
220 15 175
234 365 964
50 612 555
459 764 830
30 606 356
23 777 0
885 554 487
536 713 812
398 988 532
367 774 883
93 331 979
67 273 680
76 413 457
971 263 495
178 449 711
296 577 879
643 44 197
624 685 559
900 426 404
252 389 438
66 419 352
125 236 277
592 25 863
859 173 666
676 78 511
59 236 444
84 835 277
954 217 935
874 148 801
593 7 647
237 655 924
453 893 957
725 28 172
924 280 296
140 865 444
35 348 421
136 413 551
697 706 992
639 674 773
36 354 159
866 390 750
604 57 227
896 452 934
83 111 494
278 550 273
51 555 258
185 379 622
844 366 355
316 615 142
335 894 925
166 40 853
530 783 945
38 580 360
87 493 631
65 776 160
58 558 638
36 784 83
224 516 986
828 590 875
88 112 627
102 964 697
430 645 582
267 540 842
501 933 832
279 711 99
120 282 63
313 555 616
255 704 916
894 927 948
24 620 829
83 373 41
442 721 956
389 646 869
183 395 312
468 143 755
787 43 178
967 908 726
309 397 527
488 921 633
939 665 262
368 602 496
598 353 798
51 651 982
794 8 231
225 688 906
845 305 625
26 714 791
657 792 177
739 328 131
864 434 673
697 899 271
352 358 279
889 2 872
17 427 232
366 962 845
490 443 759
983 165 216
758 843 937
775 609 877
936 144 422
532 905 197
733 521 747
293 304 991
318 577 260
893 68 410
372 687 883
870 571 656
348 743 825
350 611 836
610 15 193
972 253 455
162 661 773
68 496 916
233 310 383
251 747 437
869 113 821
81 214 97
235 757 577
18 264 345
681 97 587
562 107 202
285 346 635
23 773 774
809 483 652
382 381 851
820 373 869
224 151 859
187 544 486
379 80 646
162 527 903
714 726 245
748 849 956
75 477 762
107 603 42
541 263 493
597 180 222
694 305 490
334 108 696
308 684 909
459 283 298
781 727 411
99 165 626
873 453 885
819 760 841
258 38 318
439 970 808
766 851 466
164 358 968
693 857 963
50 6 543
971 19 70
573 177 835
470 798 834
120 130 882
579 771 475
541 766 925
911 803 737
907 216 688
412 45 828
100 451 698
326 960 546
43 479 918
522 624 472
27 987 815
639 878 554
807 214 386
69 407 510
24 57 749
64 720 574
549 814 844
381 530 804
133 391 898
571 899 457
62 891 583
294 378 978
340 423 917
106 394 394
682 36 332
953 158 635
76 308 880
187 221 857
147 688 391
261 701 700
669 231 603
265 444 904
328 745 79
529 454 939
829 934 977
55 817 187
30 98 694
287 752 460
109 336 490
365 476 766
33 788 868
519 66 619
371 403 971
69 174 489
34 585 679
242 704 48
52 256 614
222 357 191
690 827 793
341 687 641
543 740 523
127 891 914
5 680 87
26 346 454
364 9 987
210 436 919
137 327 98
889 290 525
952 453 718
248 471 401
601 821 21
123 215 674
890 37 689
591 806 20
538 71 547
268 557 695
642 4 923
623 676 941
205 702 839
380 736 319
976 116 683
622 652 244
276 784 648
760 104 981
279 469 438
696 965 910
609 968 18
310 808 96
584 399 37
920 405 902
478 536 21
152 414 888
427 139 417
343 855 488
301 625 940
27 895 812
803 402 983
980 115 720
340 160 779
976 570 10
750 489 377
585 707 406
16 422 505
242 792 793
930 789 903
757 725 315
130 742 659
266 928 576
193 34 141
353 650 753
19 860 636
361 332 529
961 546 587
777 959 501
297 743 751
559 595 124
372 333 989
465 957 27
544 409 240
239 627 920
216 369 519
517 302 826
492 749 347
587 659 395
96 179 378
765 509 779
583 521 722
548 707 875
522 943 243
157 63 274
293 362 480
284 612 846
642 812 375
103 121 837
617 22 611
24 506 915
241 9 328
308 644 491
780 209 590
82 878 508
474 716 862
602 606 659
144 376 39
349 494 940
635 348 657
675 150 430
524 672 814
121 389 960
169 218 579
594 815 185
351 819 856
210 485 604
129 661 848
504 213 522
168 237 45
636 524 718
95 315 91
151 553 527
966 284 990
286 281 367
914 387 532
364 293 704
195 742 985
510 128 292
143 618 775
1 320 14
126 239 288
200 246 31
653 677 312
226 486 594
515 656 133
195 215 534
16 2 503
789 797 647
605 897 425
418 695 919
787 929 264
830 152 654
90 359 776
4 35 272
54 437 904
236 977 649
671 563 179
208 721 412
902 831 55
178 225 543
761 429 445
108 196 859
290 153 233
1 434 693
219 53 283
539 751 252
290 292 114
640 663 488
469 257 970
5 483 937
461 909 810
369 138 709
169 675 536
3 984 535
227 276 628
485 892 61
503 962 774
46 417 93
33 722 86
798 778 962
692 666 834
108 415 681
25 578 911
717 433 556
868 211 892
197 746 930
690 739 471
967 363 456
963 155 699
689 989 922
160 106 344
298 753 278
802 847 371
323 745 311
321 816 692
756 852 500
401 506 117
157 702 899
209 941 995
306 542 805
768 508 890
622 163 376
795 992 450
29 471 561
110 257 495
301 282 721
274 180 902
112 186 477
94 875 273
711 392 171
230 286 802
272 316 287
241 842 988
849 895 285
695 122 839
975 188 210
169 447 921
728 904 3
403 583 712
15 378 567
762 978 203
712 195 461
89 605 873
51 409 770
780 734 912
156 170 881
610 686 212
629 631 764
619 759 121
480 618 749
518 922 341
737 811 955
246 314 593
269 802 609
523 634 182
563 132 658
641 136 770
87 180 509
88 175 607
992 375 162
221 546 73
89 205 689
229 56 585
262 295 746
145 470 665
333 799 966
161 840 807
10 360 786
95 248 895
551 347 614
526 407 817
155 426 634
238 489 559
209 638 828
164 219 343
85 579 885
149 632 671
568 565 894
262 790 868
429 452 930
64 797 563
384 31 820
560 275 979
792 575 200
790 467 672
965 335 656
78 545 544
921 54 548
853 754 973
422 752 976
323 340 946
751 781 886
39 129 384
381 67 502
212 249 475
595 606 782
650 929 833
841 105 553
226 804 686
163 611 67
374 132 280
528 842 501
23 480 596
130 731 951
172 247 806
938 102 478
435 586 13
786 968 81
25 772 732
404 326 550
608 829 780
533 877 669
84 186 22
645 610 870
916 732 62
767 933 5
486 634 795
339 383 981
254 614 630
356 370 748
548 717 440
524 601 399
447 573 872
632 41 150
462 14 692
863 870 427
173 520 768
836 458 929
243 60 94
60 321 740
92 259 350
79 838 939
138 307 503
549 758 476
554 228 944
440 101 174
300 448 481
185 181 510
406 134 963
441 228 897
12 858 898
343 590 181
363 790 994
595 701 736
540 213 991
831 755 733
10 499 511
903 297 854
576 682 380
128 300 738
255 451 752
640 846 804
470 910 901
171 288 331
571 98 669
867 122 400
623 639 320
4 150 35
206 458 664
854 198 662
370 474 843
368 801 70
399 652 316
542 251 118
153 477 725
39 163 834
833 886 204
581 950 289
112 135 519
613 223 852
670 117 969
862 564 48
460 76 820
466 342 623
638 955 409
311 915 478
446 511 855
485 660 907
424 950 105
512 528 74
70 756 936
408 755 882
8 569 800
785 242 942
449 147 102
194 442 931
608 217 299
107 156 287
369 767 986
419 923 772
684 588 731
82 388 805
357 167 833
55 126 482
244 420 710
985 421 890
201 558 884
365 431 239
203 301 598
303 918 43
174 154 459
265 425 927
985 379 430
411 730 149
201 222 663
538 861 72
377 707 207
681 826 965
396 703 761
52 677 201
487 788 959
127 282 818
351 344 418
270 199 878
402 148 329
203 265 789
297 46 388
111 417 648
630 313 653
309 289 832
754 952 821
620 11 993
302 779 786
724 726 103
627 713 874
648 65 852
928 119 259
850 937 505
674 728 473
452 455 575
567 678 958
115 170 690
974 338 629
336 333 938
420 473 729
443 137 58
457 567 668
926 954 597
391 182 788
421 72 520
189 299 497
159 390 491
866 956 517
613 940 224
807 146 256
666 731 518
535 482 717
464 813 823
12 494 664
223 806 158
479 172 608
148 730 0
56 516 393
647 61 123
513 86 159
88 657 768
542 135 984
332 44 303
472 698 759
679 932 466
980 538 866
101 633 672
876 309 390
763 813 617
141 670 667
142 49 380
958 223 271
324 700 851
164 596 355
434 247 266
207 413 830
872 58 322
398 770 961
134 428 687
320 245 196
796 136 598
295 28 95
17 300 860
502 386 591
109 705 278
143 396 900
155 406 111
292 329 225
837 32 436
145 186 952
552 905 435
12 346 827
105 81 118
414 52 896
443 373 796
458 744 615
167 339 385
496 973 714
221 253 566
74 640 835
93 533 988
60 993 599
706 204 424
794 331 769
314 841 357
324 188 327
61 400 512
360 71 330
817 617 645
291 826 392
616 777 811
735 644 949
264 286 675
229 722 867
655 580 799
451 800 938
110 629 942
448 450 464
193 42 735
294 631 928
75 103 362
211 810 823
20 410 693
665 313 884
42 526 572
307 119 514
272 649 793
259 805 32
330 982 678
416 523 628
719 880 353
514 848 987
253 565 364
40 317 208
97 819 703
551 865 17
515 91 296
824 139 573
386 943 564
196 763 775
338 418 871
497 234 275
132 547 913
769 528 762
139 184 995
407 446 677
412 582 933
116 581 881
425 349 727
772 491 560
191 654 691
91 280 516
738 949 568
215 737 723
18 269 879
387 651 336
748 932 668
969 801 584
861 599 176
521 822 964
423 248 504
213 184 856
13 243 492
33 199 600
584 442 823
217 832 953
245 408 767
92 302 702
249 370 641
703 896 685
129 839 926
744 887 513
322 547 80
135 550 905
575 281 168
190 463 618
545 712 972
49 557 621
314 465 710
481 651 995
122 958 972
368 395 784
146 158 663
558 740 411
3 526 589
271 330 942
977 206 723
274 374 920
612 189 361
576 255 865
791 441 862
28 456 760
89 184 540
41 625 892
463 600 670
662 481 979
586 667 334
289 560 932
925 13 883
26 110 568
268 907 831
90 517 446
100 709 113
771 198 241
275 468 783
476 621 818
426 782 658
484 500 729
166 800 824
673 809 676
181 795 161
144 710 247
856 901 791
99 698 416
827 345 650
228 317 351
115 372 705
77 840 588
493 566 619
923 926 229
167 822 950
662 54 189
116 400 671
240 660 951
913 124 161
7 462 581
68 696 64
433 906 133
257 266 624
14 72 600
117 871 944
392 404 814
190 796 405
256 338 304
20 147 917
149 507 733
646 574 146
113 376 607
347 482 825
268 403 419
574 854 324
198 858 310
134 445 591
199 982 518
71 462 918
179 880 337
385 200 101
194 295 29
951 382 953
743 913 350
48 978 498
337 499 986
552 898 863
250 539 758
114 506 499
673 984 47
73 514 594
318 888 414
80 140 691
810 983 816
230 342 535
589 525 816
165 724 900
708 643 479
934 948 660
936 183 607
508 882 537
973 235 377
250 438 946
22 176 383
424 668 230
66 633 258
734 993 205
307 465 291
537 65 220
808 513 644
62 152 0
188 853 811
263 616 778
487 605 954
7 561 838
604 706 515
183 450 30
919 990 771
989 100 572
232 520 649
667 959 329
603 871 125
192 552 847
141 734 592
566 440 531
325 137 708
