6951
996 166
996 761
82 996
158 82
158 996
995 158
995 158
803 995
923 803
923 995
994 923
994 923
412 994
774 412
774 981
774 994
993 774
993 774
134 774
134 993
138 993
992 134
992 134
294 138
294 992
344 992
991 294
991 294
412 991
901 344
901 991
990 412
990 901
46 901
46 990
254 990
989 46
989 46
420 989
519 254
519 989
988 420
988 519
369 988
479 988
987 369
987 479
234 519
234 987
234 987
1 234
987 1
987 234
1 987
970 1
970 987
986 234
986 970
202 970
202 986
202 986
1 202
986 1
986 202
1 986
455 986
985 1
985 202
190 455
190 985
930 190
930 190
930 985
984 930
984 930
167 984
720 167
720 930
720 984
983 720
983 720
174 720
174 983
295 174
295 983
982 174
982 295
545 295
545 982
810 545
810 982
981 545
981 810
334 810
334 981
334 981
1 334
981 1
981 334
1 981
624 981
980 1
980 334
306 980
391 306
391 980
979 391
979 391
57 624
57 979
971 979
978 57
978 57
642 971
642 978
830 642
830 642
830 978
977 830
977 830
554 830
554 977
923 977
976 554
976 554
181 923
181 976
181 976
1 181
976 1
976 181
1 976
355 1
355 976
975 181
975 355
688 355
688 975
688 975
1 688
975 1
975 688
1 975
807 975
974 1
974 688
438 807
438 974
622 974
973 438
973 438
624 973
958 622
958 624
958 973
972 958
972 958
598 972
802 598
802 972
971 802
971 802
443 971
530 443
530 971
970 530
970 530
260 958
260 970
260 970
1 260
970 1
970 260
1 970
690 970
969 1
969 260
203 969
348 203
348 969
968 348
968 348
60 968
166 968
967 60
967 166
257 690
257 967
302 257
302 967
966 257
966 302
139 302
139 966
889 966
965 139
965 139
181 965
540 181
540 889
540 965
964 540
964 540
500 964
826 500
826 964
963 540
963 826
289 826
289 963
877 963
962 289
962 289
264 877
264 962
264 962
1 264
962 1
962 264
1 962
305 962
961 1
961 264
13 305
13 961
570 961
960 13
960 13
250 960
914 250
914 570
914 960
959 914
959 914
129 914
129 959
129 959
1 129
959 1
959 129
1 959
496 959
958 1
958 129
404 958
716 404
716 496
716 958
957 716
957 716
774 716
774 957
795 774
795 774
795 957
956 795
956 795
112 795
112 956
950 956
955 112
955 112
359 955
681 955
954 359
954 681
268 950
268 954
418 268
418 954
953 268
953 418
613 953
928 953
952 418
952 613
36 952
695 36
695 928
695 952
951 695
951 695
133 951
801 951
950 133
950 695
428 801
428 950
486 950
949 428
949 428
378 486
378 949
812 378
812 949
948 378
948 812
723 812
723 948
868 723
868 948
947 723
947 868
648 868
648 947
783 648
783 648
783 947
946 783
946 783
669 783
669 946
908 669
908 946
945 669
945 908
329 945
941 329
941 945
944 908
944 941
379 941
379 944
379 944
1 379
944 1
944 379
1 944
905 1
905 379
905 944
943 905
943 905
426 943
579 426
579 943
942 579
942 579
276 905
276 942
907 942
941 276
941 276
233 907
233 941
826 941
940 233
940 233
586 826
586 940
586 940
1 586
940 1
940 586
1 940
713 940
939 1
939 586
377 939
827 377
827 713
827 939
938 827
938 827
360 827
360 938
754 938
937 360
937 360
25 937
880 25
880 754
880 937
936 880
936 880
539 880
539 936
814 936
935 539
935 539
526 935
680 526
680 935
934 680
934 680
469 934
634 469
634 934
933 634
933 634
498 814
498 933
534 498
534 933
932 498
932 534
127 534
127 932
513 127
513 932
931 127
931 513
265 513
265 931
273 265
273 265
273 931
930 273
930 273
188 273
188 930
188 930
1 188
930 1
930 188
1 930
747 1
747 930
929 188
929 747
681 929
847 929
928 681
928 747
3 847
3 928
422 928
927 3
927 3
384 422
384 927
852 384
852 384
852 927
926 852
926 852
783 926
900 783
900 852
900 926
925 900
925 900
702 900
702 925
801 702
801 702
801 925
924 801
924 801
380 924
699 380
699 924
923 699
923 699
174 801
174 923
214 174
214 923
922 174
922 214
82 214
82 922
108 922
921 82
921 82
401 108
401 921
741 401
741 401
741 921
920 741
920 741
644 741
644 920
649 644
649 920
919 644
919 649
362 649
362 919
796 919
918 362
918 362
225 918
302 225
302 796
302 918
917 302
917 302
454 917
866 917
916 302
916 454
260 866
260 916
446 260
446 260
446 916
915 446
915 446
647 446
647 915
651 915
914 647
914 647
656 651
656 914
795 656
795 914
913 656
913 795
19 795
19 913
211 19
211 19
211 913
912 211
912 211
6 912
118 912
911 6
911 118
179 211
179 911
581 179
581 911
910 179
910 581
353 581
353 910
643 910
909 353
909 353
592 643
592 909
846 909
908 592
908 592
315 846
315 908
420 908
907 315
907 315
46 907
320 46
320 420
320 907
906 320
906 320
119 320
119 906
482 119
482 119
482 906
905 482
905 482
34 482
34 905
133 905
904 34
904 34
247 133
247 904
247 904
1 247
904 1
904 247
1 904
367 1
367 247
367 904
903 367
903 367
210 903
316 903
902 210
902 316
677 902
729 367
729 902
901 677
901 729
71 729
71 901
616 71
616 901
900 71
900 616
677 616
677 900
688 677
688 900
899 677
899 688
114 688
114 899
754 899
898 114
898 114
231 898
633 231
633 898
897 633
897 633
552 754
552 897
552 897
1 552
897 1
897 552
1 897
571 1
571 552
571 897
896 571
896 571
193 571
193 896
786 193
786 896
895 193
895 786
133 895
302 133
302 786
302 895
894 302
894 302
411 894
658 302
658 411
658 894
893 658
893 658
163 658
163 893
435 163
435 893
892 163
892 435
433 892
536 433
536 435
536 892
891 536
891 536
203 891
485 203
485 891
890 485
890 485
251 890
776 890
889 251
889 536
503 776
503 889
503 889
1 503
889 1
889 503
1 889
547 889
888 1
888 503
216 547
216 888
706 216
706 888
887 216
887 706
329 887
754 329
754 887
886 706
886 754
241 754
241 886
241 886
1 241
886 1
886 241
1 886
671 1
671 241
671 886
885 671
885 671
544 671
544 885
665 544
665 885
884 544
884 665
646 884
852 884
883 646
883 665
562 852
562 883
809 562
809 562
809 883
882 809
882 809
13 809
13 882
13 882
1 13
882 1
882 13
1 882
775 1
775 882
881 13
881 775
23 881
596 23
596 881
880 596
880 596
330 775
330 880
450 880
879 330
879 330
593 450
593 879
739 879
878 593
878 593
678 739
678 878
766 678
766 878
877 678
877 766
142 877
781 877
876 142
876 766
40 876
800 40
800 876
875 781
875 800
456 800
456 875
456 875
1 456
875 1
875 456
1 875
602 1
602 875
874 456
874 602
718 602
718 874
839 874
873 718
873 718
116 839
116 873
604 116
604 873
872 116
872 604
105 604
105 872
640 105
640 105
640 872
871 640
871 640
291 871
784 291
784 871
870 640
870 784
188 784
188 870
696 188
696 870
869 188
869 696
392 696
392 869
392 869
1 392
869 1
869 392
1 869
862 869
868 1
868 392
354 862
354 868
354 868
1 354
868 1
868 354
1 868
508 1
508 354
508 868
867 508
867 508
71 508
71 867
367 71
367 867
866 71
866 367
457 367
457 866
654 457
654 866
865 457
865 654
7 865
336 7
336 865
864 336
864 336
262 654
262 864
430 262
430 864
863 262
863 430
51 863
715 51
715 863
862 430
862 715
128 862
526 862
861 128
861 526
292 715
292 861
292 861
1 292
861 1
861 292
1 861
629 861
860 1
860 292
102 629
102 860
464 102
464 860
859 102
859 464
279 464
279 859
279 859
1 279
859 1
859 279
1 859
390 859
858 1
858 279
375 390
375 858
475 375
475 858
857 375
857 475
100 857
659 857
856 100
856 475
460 856
841 460
841 856
855 659
855 841
66 841
66 855
361 855
854 66
854 66
380 854
618 361
618 854
853 380
853 618
478 853
711 478
711 853
852 618
852 711
658 711
658 852
750 658
750 658
750 852
851 750
851 750
319 750
319 851
319 851
1 319
851 1
851 319
1 851
487 851
850 1
850 319
327 487
327 850
580 327
580 850
849 327
849 580
396 580
396 849
842 396
842 849
848 396
848 842
140 842
140 848
140 848
1 140
848 1
848 140
1 848
808 848
847 1
847 140
565 808
565 847
610 565
610 847
846 565
846 610
59 846
658 59
658 846
845 610
845 658
742 658
742 845
827 742
827 845
844 742
844 827
291 844
491 291
491 844
843 491
843 491
326 843
788 326
788 843
842 788
842 788
9 827
9 842
656 842
841 9
841 9
234 841
474 234
474 656
474 841
840 474
840 474
197 840
579 197
579 474
579 840
839 579
839 579
277 839
280 277
280 839
838 280
838 280
19 838
38 19
38 579
38 838
837 38
837 38
271 38
271 837
803 271
803 837
836 271
836 803
264 836
642 264
642 836
835 642
835 642
29 803
29 835
45 29
45 29
45 835
834 45
834 45
22 45
22 834
362 22
362 834
833 22
833 362
378 362
378 833
485 833
832 378
832 378
105 832
736 832
831 105
831 485
483 831
541 483
541 736
541 831
830 541
830 541
382 541
382 830
382 830
1 382
830 1
830 382
1 830
552 830
829 1
829 382
138 829
823 138
823 829
828 552
828 823
240 823
240 828
574 828
827 240
827 240
84 574
84 827
84 827
1 84
827 1
827 84
1 827
263 1
263 827
826 84
826 263
57 263
57 826
57 826
1 57
826 1
826 57
1 826
514 1
514 826
825 57
825 514
126 825
293 126
293 514
293 825
824 293
824 293
70 293
70 824
335 70
335 70
335 824
823 335
823 335
270 823
412 270
412 335
412 823
822 412
822 412
4 822
646 4
646 822
821 412
821 646
34 821
534 34
534 646
534 821
820 534
820 534
420 820
660 420
660 820
819 534
819 660
158 660
158 819
158 819
1 158
819 1
819 158
1 819
191 1
191 819
818 158
818 191
572 191
572 818
572 818
1 572
818 1
818 572
1 818
801 1
801 572
801 818
817 801
817 801
279 801
279 817
480 817
816 279
816 279
138 816
152 138
152 480
152 816
815 152
815 152
227 815
720 152
720 815
814 227
814 720
41 720
41 814
41 814
1 41
814 1
814 41
1 814
57 1
57 814
813 41
813 57
327 57
327 813
349 327
349 813
812 327
812 349
213 812
577 213
577 812
811 349
811 577
505 811
763 505
763 811
810 577
810 763
669 810
777 669
777 763
777 810
809 777
809 777
68 777
68 809
68 809
1 68
809 1
809 68
1 809
581 1
581 809
808 68
808 581
244 581
244 808
244 808
1 244
808 1
808 244
1 808
579 1
579 244
579 808
807 579
807 579
198 579
198 807
530 807
806 198
806 198
638 530
638 806
639 638
639 638
639 806
805 639
805 639
171 639
171 805
171 805
1 171
805 1
805 171
1 805
507 805
804 1
804 171
82 507
82 804
82 804
1 82
804 1
804 82
1 804
689 804
803 1
803 82
341 689
341 803
570 341
570 341
570 803
802 570
802 570
265 802
754 802
801 265
801 570
449 754
449 801
449 801
1 449
801 1
801 449
1 801
502 1
502 801
800 449
800 502
637 502
637 800
668 637
668 800
799 637
799 668
256 668
256 799
745 256
745 256
745 799
798 745
798 745
289 745
289 798
395 289
395 798
797 289
797 395
355 797
607 355
607 797
796 395
796 607
650 607
650 796
650 796
1 650
796 1
796 650
1 796
758 1
758 650
758 796
795 758
795 758
218 795
698 795
794 218
794 698
56 758
56 794
574 56
574 56
574 794
793 574
793 574
7 574
7 793
437 793
792 7
792 7
467 792
496 437
496 792
791 467
791 496
518 496
518 791
581 518
581 518
581 791
790 581
790 581
235 581
235 790
468 235
468 235
468 790
789 468
789 468
41 468
41 789
352 41
352 41
352 789
788 352
788 352
52 352
52 788
603 788
787 52
787 52
254 603
254 787
254 787
1 254
787 1
787 254
1 787
474 1
474 254
474 787
786 474
786 474
573 474
573 786
613 786
785 573
785 573
360 785
637 785
784 360
784 613
469 637
469 784
666 784
783 469
783 469
274 666
274 783
391 274
391 274
391 783
782 391
782 391
156 782
169 156
169 391
169 782
781 169
781 169
253 781
632 781
780 169
780 253
81 780
404 780
779 81
779 404
250 632
250 779
493 250
493 779
778 250
778 493
308 493
308 778
308 778
1 308
778 1
778 308
1 778
584 1
584 308
584 778
777 584
777 584
503 584
503 777
678 503
678 777
776 503
776 678
671 678
671 776
740 776
775 671
775 671
69 740
69 775
209 775
774 69
774 69
121 774
522 121
522 774
773 209
773 522
240 773
629 773
772 240
772 522
150 772
449 150
449 629
449 772
771 449
771 449
645 449
645 771
695 645
695 645
695 771
770 695
770 695
401 695
401 770
401 770
1 401
770 1
770 401
1 770
758 1
758 401
758 770
769 758
769 758
94 769
358 769
768 94
768 358
49 758
49 768
323 768
767 49
767 49
338 767
415 323
415 767
766 338
766 415
529 415
529 766
673 529
673 529
673 766
765 673
765 673
220 673
220 765
220 765
1 220
765 1
765 220
1 765
568 1
568 220
568 765
764 568
764 568
142 764
334 764
763 142
763 334
455 763
477 763
762 455
762 477
67 568
67 762
67 762
1 67
762 1
762 67
1 762
572 1
572 762
761 67
761 572
189 572
189 761
724 189
724 761
760 189
760 724
322 724
322 760
348 322
348 760
759 322
759 348
678 348
678 759
679 678
679 759
758 678
758 679
307 758
683 307
683 679
683 758
757 683
757 683
54 683
54 757
412 54
412 54
412 757
756 412
756 412
139 412
139 756
503 756
755 139
755 139
184 755
510 184
510 755
754 503
754 510
326 510
326 754
326 754
1 326
754 1
754 326
1 754
576 754
753 1
753 326
159 576
159 753
679 159
679 159
679 753
752 679
752 679
201 679
201 752
201 752
1 201
752 1
752 201
1 752
695 1
695 201
695 752
751 695
751 695
200 751
568 200
568 695
568 751
750 568
750 568
224 568
224 750
625 224
625 750
749 224
749 625
196 749
705 196
705 749
748 625
748 705
332 705
332 748
342 748
747 332
747 332
169 342
169 747
169 747
1 169
747 1
747 169
1 747
326 1
326 169
326 747
746 326
746 326
173 746
333 746
745 173
745 326
203 333
203 745
203 745
1 203
745 1
745 203
1 745
602 1
602 745
744 203
744 602
84 602
84 744
704 84
704 744
743 84
743 704
41 743
279 41
279 704
279 743
742 279
742 279
76 279
76 742
147 742
741 76
741 76
454 147
454 741
454 741
1 454
741 1
741 454
1 741
722 1
722 454
722 741
740 722
740 722
326 722
326 740
549 740
739 326
739 326
203 549
203 739
589 203
589 739
738 203
738 589
199 589
199 738
390 738
737 199
737 199
23 390
23 737
106 737
736 23
736 23
293 106
293 736
293 736
1 293
736 1
736 293
1 736
411 1
411 736
735 293
735 411
386 735
727 735
734 386
734 411
423 727
423 734
673 734
733 423
733 423
149 673
149 733
166 733
732 149
732 149
425 166
425 732
604 425
604 732
731 425
731 604
230 604
230 731
647 230
647 731
730 230
730 647
143 647
143 730
143 730
1 143
730 1
730 143
1 730
598 1
598 730
729 143
729 598
238 598
238 729
238 729
1 238
729 1
729 238
1 729
522 729
728 1
728 238
27 522
27 728
27 728
1 27
728 1
728 27
1 728
628 728
727 1
727 27
204 628
204 727
467 727
726 204
726 204
418 467
418 726
418 726
1 418
726 1
726 418
1 726
657 1
657 726
725 418
725 657
550 725
708 550
708 657
708 725
724 708
724 708
144 708
144 724
144 724
1 144
724 1
724 144
1 724
400 1
400 724
723 144
723 400
95 400
95 723
125 723
722 95
722 95
145 722
496 722
721 125
721 145
365 496
365 721
365 721
1 365
721 1
721 365
1 721
425 1
425 721
720 365
720 425
139 425
139 720
139 720
1 139
720 1
720 139
1 720
509 1
509 720
719 139
719 509
95 509
95 719
360 95
360 95
360 719
718 360
718 360
124 718
581 124
581 718
717 360
717 581
280 581
280 717
280 717
1 280
717 1
717 280
1 717
511 717
716 1
716 280
183 716
635 183
635 511
635 716
715 635
715 635
201 715
378 201
378 635
378 715
714 378
714 378
139 714
706 139
706 378
706 714
713 706
713 706
241 706
241 713
241 713
1 241
713 1
713 241
1 713
301 713
712 1
712 241
466 712
705 301
705 466
705 712
711 705
711 705
345 705
345 711
345 711
1 345
711 1
711 345
1 711
657 1
657 711
710 345
710 657
357 657
357 710
449 710
709 357
709 357
49 449
49 709
153 49
153 49
153 709
708 153
708 153
357 708
428 153
428 708
707 357
707 428
162 428
162 707
353 162
353 162
353 707
706 353
706 353
48 353
48 706
48 706
1 48
706 1
706 48
1 706
513 706
705 1
705 48
206 513
206 705
227 206
227 705
704 206
704 227
115 227
115 704
385 704
703 115
703 115
349 385
349 703
349 703
1 349
703 1
703 349
1 703
488 703
702 1
702 349
361 488
361 702
562 361
562 702
701 361
701 562
90 562
90 701
443 90
443 90
443 701
700 443
700 443
77 700
299 77
299 700
699 299
699 299
181 443
181 699
592 181
592 699
698 181
698 592
424 592
424 698
501 424
501 424
501 698
697 501
697 501
281 501
281 697
294 281
294 281
294 697
696 294
696 294
189 696
620 189
620 294
620 696
695 620
695 620
66 695
441 695
694 66
694 441
14 620
14 694
175 14
175 694
693 14
693 175
24 175
24 693
24 693
1 24
693 1
693 24
1 693
143 693
692 1
692 24
91 143
91 692
91 692
1 91
692 1
692 91
1 692
244 1
244 692
691 91
691 244
10 691
640 10
640 691
690 244
690 640
13 640
13 690
13 690
1 13
690 1
690 13
1 690
311 690
689 1
689 13
21 689
385 689
688 21
688 311
271 385
271 688
558 271
558 271
558 688
687 558
687 558
455 558
455 687
505 455
505 455
505 687
686 505
686 505
319 686
320 319
320 505
320 686
685 320
685 320
103 320
103 685
523 685
684 103
684 103
547 684
583 523
583 684
683 547
683 583
188 683
500 683
682 188
682 500
83 583
83 682
83 682
1 83
682 1
682 83
1 682
351 682
681 1
681 83
193 681
444 681
680 193
680 351
545 680
677 680
679 444
679 545
425 677
425 679
425 679
1 425
679 1
679 425
1 679
505 679
678 1
678 425
220 505
220 678
537 220
537 220
537 678
677 537
677 537
190 537
190 677
384 677
676 190
676 190
508 676
606 676
675 384
675 508
260 606
260 675
602 260
602 260
602 675
674 602
674 602
43 602
43 674
492 43
492 674
673 43
673 492
530 492
530 673
530 673
1 530
673 1
673 530
1 673
636 673
672 1
672 530
392 636
392 672
631 672
671 392
671 392
271 631
271 671
271 671
1 271
671 1
671 271
1 671
640 671
670 1
670 271
360 640
360 670
360 670
1 360
670 1
670 360
1 670
629 1
629 670
669 360
669 629
144 629
144 669
144 669
1 144
669 1
669 144
1 669
181 1
181 669
668 144
668 181
117 668
536 117
536 668
667 181
667 536
380 536
380 667
483 380
483 380
483 667
666 483
666 483
307 666
381 307
381 483
381 666
665 381
665 381
8 665
158 665
664 8
664 158
267 381
267 664
333 267
333 267
333 664
663 333
663 333
72 333
72 663
596 72
596 663
662 72
662 596
56 662
313 56
313 596
313 662
661 313
661 313
171 661
497 171
497 313
497 661
660 497
660 497
228 497
228 660
228 660
1 228
660 1
660 228
1 660
302 1
302 660
659 228
659 302
117 302
117 659
467 117
467 659
658 117
658 467
35 658
415 35
415 467
415 658
657 415
657 415
290 657
408 657
656 290
656 408
403 656
577 403
577 415
577 656
655 577
655 577
488 577
488 655
586 488
586 488
586 655
654 586
654 586
223 586
223 654
633 223
633 654
653 223
653 633
419 633
419 653
605 419
605 419
605 653
652 605
652 605
113 605
113 652
113 652
1 113
652 1
652 113
1 652
517 1
517 652
651 113
651 517
397 517
397 651
397 651
1 397
651 1
651 397
1 651
401 1
401 397
401 651
650 401
650 401
168 401
168 650
168 650
1 168
650 1
650 168
1 650
394 1
394 650
649 168
649 394
352 649
474 352
474 649
648 394
648 474
405 648
496 405
496 648
647 474
647 496
207 496
207 647
207 647
1 207
647 1
647 207
1 647
453 647
646 1
646 207
52 646
302 52
302 646
645 302
645 302
497 453
497 645
497 645
1 497
645 1
645 497
1 645
630 645
644 1
644 497
167 630
167 644
325 644
643 167
643 167
155 643
330 155
330 325
330 643
642 330
642 330
17 330
17 642
424 642
641 17
641 17
136 424
136 641
136 641
1 136
641 1
641 136
1 641
346 641
640 1
640 136
592 346
592 640
625 592
625 592
625 640
639 625
639 625
391 639
542 639
638 391
638 542
432 638
508 432
508 638
637 508
637 508
31 637
269 637
636 31
636 269
16 625
16 636
184 16
184 636
635 16
635 184
232 635
545 635
634 184
634 232
153 634
537 634
633 153
633 537
488 633
602 633
632 488
632 545
234 602
234 632
234 632
1 234
632 1
632 234
1 632
546 1
546 632
631 234
631 546
450 546
450 631
450 631
1 450
631 1
631 450
1 631
459 1
459 631
630 450
630 459
431 459
431 630
431 630
1 431
630 1
630 431
1 630
597 630
629 1
629 431
150 597
150 629
165 629
628 150
628 150
85 628
101 85
101 628
627 101
627 101
24 165
24 627
24 627
1 24
627 1
627 24
1 627
159 1
159 24
159 627
626 159
626 159
288 626
473 159
473 626
625 288
625 473
167 473
167 625
469 167
469 625
624 167
624 469
265 469
265 624
453 624
623 265
623 265
222 453
222 623
468 623
622 222
622 222
42 622
187 42
187 468
187 622
621 187
621 187
47 621
473 47
473 621
620 187
620 473
12 473
12 620
12 620
1 12
620 1
620 12
1 620
292 1
292 12
292 620
619 292
619 292
72 292
72 619
211 619
618 72
618 72
183 211
183 618
512 183
512 183
512 618
617 512
617 512
149 512
149 617
213 617
616 149
616 149
36 213
36 616
36 616
1 36
616 1
616 36
1 616
69 616
615 1
615 36
84 615
534 69
534 84
534 615
614 534
614 534
153 534
153 614
571 614
613 153
613 153
314 571
314 613
410 314
410 314
410 613
612 410
612 410
166 410
166 612
166 612
1 166
612 1
612 166
1 612
283 1
283 166
283 612
611 283
611 283
13 611
352 13
352 283
352 611
610 352
610 352
5 352
5 610
435 5
435 610
609 5
609 435
432 609
531 432
531 609
608 435
608 531
102 531
102 608
102 608
1 102
608 1
608 102
1 608
473 1
473 102
473 608
607 473
607 473
304 607
361 304
361 607
606 361
606 361
136 473
136 606
136 606
1 136
606 1
606 136
1 606
413 1
413 606
605 136
605 413
6 413
6 605
6 605
1 6
605 1
605 6
1 605
98 605
604 1
604 6
138 98
138 604
138 604
1 138
604 1
604 138
1 604
556 604
603 1
603 138
285 556
285 603
331 285
331 285
331 603
602 331
602 331
193 331
193 602
193 602
1 193
602 1
602 193
1 602
409 1
409 602
601 193
601 409
268 409
268 601
495 268
495 601
600 268
600 495
96 600
523 96
523 495
523 600
599 523
599 523
379 523
379 599
379 599
1 379
599 1
599 379
1 599
406 1
406 599
598 379
598 406
19 406
19 598
295 19
295 598
597 19
597 295
239 295
239 597
450 239
450 239
450 597
596 450
596 450
35 450
35 596
185 35
185 596
595 35
595 185
234 185
234 595
234 595
1 234
595 1
595 234
1 595
389 1
389 595
594 234
594 389
413 389
413 594
588 413
588 594
593 413
593 588
248 588
248 593
407 248
407 593
592 248
592 407
66 407
66 592
316 592
591 66
591 66
33 591
392 33
392 316
392 591
590 392
590 392
127 590
329 127
329 392
329 590
589 329
589 329
80 329
80 589
80 589
1 80
589 1
589 80
1 589
490 1
490 589
588 80
588 490
335 490
335 588
335 588
1 335
588 1
588 335
1 588
573 1
573 335
573 588
587 573
587 573
34 573
34 587
375 587
586 34
586 34
104 375
104 586
104 586
1 104
586 1
586 104
1 586
275 1
275 586
585 104
585 275
37 275
37 585
353 585
584 37
584 37
124 353
124 584
279 584
583 124
583 124
442 279
442 583
528 442
528 442
528 583
582 528
582 528
26 582
62 26
62 582
581 62
581 62
60 581
179 60
179 528
179 581
580 179
580 179
52 580
382 580
579 52
579 179
269 382
269 579
435 269
435 579
578 269
578 435
193 435
193 578
460 193
460 193
460 578
577 460
577 460
233 460
233 577
262 233
262 233
262 577
576 262
576 262
95 262
95 576
446 95
446 95
446 576
575 446
575 446
227 446
227 575
420 227
420 575
574 227
574 420
117 420
117 574
117 574
1 117
574 1
574 117
1 574
369 1
369 574
573 117
573 369
210 369
210 573
229 210
229 210
229 573
572 229
572 229
21 229
21 572
21 572
1 21
572 1
572 21
1 572
194 1
194 21
194 572
571 194
571 194
304 194
304 571
387 304
387 304
387 571
570 387
570 387
91 570
194 91
194 387
194 570
569 194
569 194
52 569
532 52
532 569
568 194
568 532
96 568
219 96
219 532
219 568
567 219
567 219
214 219
214 567
214 567
1 214
567 1
567 214
1 567
366 567
566 1
566 214
360 366
360 566
363 566
565 360
565 360
392 363
392 565
392 565
1 392
565 1
565 392
1 565
486 1
486 565
564 392
564 486
45 486
45 564
364 564
563 45
563 45
59 364
59 563
464 59
464 563
562 59
562 464
47 464
47 562
471 47
471 562
561 47
561 471
317 561
469 561
560 317
560 469
139 471
139 560
362 560
559 139
559 139
410 362
410 559
434 559
558 410
558 410
318 434
318 558
318 558
1 318
558 1
558 318
1 558
523 558
557 1
557 318
207 557
420 557
556 207
556 420
265 556
270 265
270 523
270 556
555 270
555 270
132 270
132 555
132 555
1 132
555 1
555 132
1 555
501 1
501 555
554 132
554 501
189 554
442 189
442 501
442 554
553 442
553 442
206 442
206 553
206 553
1 206
553 1
553 206
1 553
243 1
243 206
243 553
552 243
552 243
28 552
347 28
347 552
551 243
551 347
316 551
548 551
550 316
550 347
126 550
396 550
549 126
549 396
161 548
161 549
523 549
548 161
548 161
276 548
356 276
356 548
547 356
547 356
89 547
329 89
329 547
546 329
546 329
452 523
452 546
452 546
1 452
546 1
546 452
1 546
502 1
502 452
502 546
545 502
545 502
59 502
59 545
59 545
1 59
545 1
545 59
1 545
107 545
544 1
544 59
276 107
276 544
479 276
479 544
543 276
543 479
12 543
86 543
542 12
542 86
431 542
440 431
440 479
440 542
541 440
541 440
146 440
146 541
146 541
1 146
541 1
541 146
1 541
446 541
540 1
540 146
257 540
524 257
524 540
539 446
539 524
14 524
14 539
225 14
225 539
538 14
538 225
42 225
42 538
492 538
537 42
537 42
153 537
443 153
443 492
443 537
536 443
536 443
92 443
92 536
92 536
1 92
536 1
536 92
1 536
319 1
319 92
319 536
535 319
535 319
48 319
48 535
48 535
1 48
535 1
535 48
1 535
398 1
398 48
398 535
534 398
534 398
348 398
348 534
377 348
377 534
533 348
533 377
116 377
116 533
116 533
1 116
533 1
533 116
1 533
117 1
117 533
532 116
532 117
95 532
159 95
159 117
159 532
531 159
531 159
385 159
385 531
385 531
1 385
531 1
531 385
1 531
496 531
530 1
530 385
141 530
429 141
429 496
429 530
529 429
529 429
28 429
28 529
148 28
148 529
528 28
528 148
178 528
419 148
419 178
419 528
527 419
527 419
12 419
12 527
433 12
433 12
433 527
526 433
526 433
320 526
373 526
525 320
525 373
79 433
79 525
79 525
1 79
525 1
525 79
1 525
473 525
524 1
524 79
141 473
141 524
141 524
1 141
524 1
524 141
1 524
391 524
523 1
523 141
384 391
384 523
384 523
1 384
523 1
523 384
1 523
403 1
403 384
403 523
522 403
522 403
45 522
153 522
521 45
521 153
19 403
19 521
19 521
1 19
521 1
521 19
1 521
300 521
520 1
520 19
215 520
402 215
402 520
519 300
519 402
376 519
503 376
503 402
503 519
518 503
518 503
309 518
354 309
354 503
354 518
517 354
517 354
237 354
237 517
237 517
1 237
517 1
517 237
1 517
406 517
516 1
516 237
362 406
362 516
362 516
1 362
516 1
516 362
1 516
397 516
515 1
515 362
177 515
261 515
514 177
514 261
413 397
413 514
430 514
513 413
513 413
412 430
412 513
412 513
1 412
513 1
513 412
1 513
459 1
459 513
512 412
512 459
277 459
277 512
277 512
1 277
512 1
512 277
1 512
395 1
395 512
511 277
511 395
298 395
298 511
491 298
491 298
491 511
510 491
510 491
257 510
508 257
508 510
509 491
509 508
242 509
450 242
450 508
450 509
508 450
508 450
130 450
130 508
130 508
1 130
508 1
508 130
1 508
426 1
426 130
426 508
507 426
507 426
133 426
133 507
133 507
1 133
507 1
507 133
1 507
204 507
506 1
506 133
387 204
387 506
476 506
505 387
505 387
275 505
397 275
397 505
504 397
504 397
28 476
28 504
28 504
1 28
504 1
504 28
1 504
385 504
503 1
503 28
171 385
171 503
333 171
333 171
333 503
502 333
502 333
312 333
312 502
312 502
1 312
502 1
502 312
1 502
396 1
396 502
501 312
501 396
351 396
351 501
351 501
1 351
501 1
501 351
1 501
380 1
380 501
500 351
500 380
36 380
36 500
243 500
499 36
499 36
224 243
224 499
366 224
366 224
366 499
498 366
498 366
375 498
388 366
388 498
497 375
497 388
11 497
245 497
496 11
496 245
371 388
371 496
492 371
492 371
492 496
495 492
495 492
136 492
136 495
167 495
494 136
494 136
308 494
482 494
493 167
493 308
5 482
5 493
5 493
1 5
493 1
493 5
1 493
469 1
469 5
469 493
492 469
492 469
240 469
240 492
346 240
346 492
491 240
491 346
24 346
24 491
24 491
1 24
491 1
491 24
1 491
377 1
377 24
377 491
490 377
490 377
85 490
454 85
454 377
454 490
489 454
489 454
175 454
175 489
175 489
1 175
489 1
489 175
1 489
236 489
488 1
488 175
12 236
12 488
393 488
487 12
487 12
65 487
280 65
280 487
486 280
486 280
3 393
3 486
260 3
260 486
485 3
485 260
182 260
182 485
186 182
186 485
484 182
484 186
295 186
295 484
319 484
483 295
483 295
101 483
260 101
260 319
260 483
482 260
482 260
230 482
374 230
374 482
481 260
481 374
164 481
342 481
480 164
480 342
236 374
236 480
236 480
1 236
480 1
480 236
1 480
305 480
479 1
479 236
293 305
293 479
293 479
1 293
479 1
479 293
1 479
467 1
467 479
478 293
478 467
243 467
243 478
273 243
273 478
477 243
477 273
408 273
408 477
418 477
476 408
476 408
71 418
71 476
71 476
1 71
476 1
476 71
1 476
406 1
406 71
406 476
475 406
475 406
347 406
347 475
466 347
466 347
466 475
474 466
474 466
33 466
33 474
33 474
1 33
474 1
474 33
1 474
292 474
473 1
473 33
65 473
301 473
472 65
472 292
27 301
27 472
27 472
1 27
472 1
472 27
1 472
29 1
29 472
471 27
471 29
302 29
302 471
329 302
329 471
470 302
470 329
29 329
29 470
29 470
1 29
470 1
470 29
1 470
115 470
469 1
469 29
435 115
435 469
435 469
1 435
469 1
469 435
1 469
462 1
462 469
468 435
468 462
45 468
205 45
205 462
205 468
467 205
467 205
12 205
12 467
95 12
95 467
466 12
466 95
49 95
49 466
49 466
1 49
466 1
466 49
1 466
237 1
237 466
465 49
465 237
38 237
38 465
38 465
1 38
465 1
465 38
1 465
368 1
368 38
368 465
464 368
464 368
88 464
405 464
463 88
463 368
251 463
387 251
387 405
387 463
462 387
462 387
37 387
37 462
37 462
1 37
462 1
462 37
1 462
446 1
446 37
446 462
461 446
461 446
143 446
143 461
287 143
287 461
460 143
460 287
5 460
30 5
30 287
30 460
459 30
459 30
187 459
414 459
458 30
458 187
74 414
74 458
325 458
457 74
457 74
21 325
21 457
74 21
74 457
456 21
456 74
113 74
113 456
113 456
1 113
456 1
456 113
1 456
383 1
383 113
383 456
455 383
455 383
19 383
19 455
369 19
369 19
369 455
454 369
454 369
310 454
364 310
364 369
364 454
453 364
453 364
12 364
12 453
129 12
129 12
129 453
452 129
452 129
349 129
349 452
362 349
362 452
451 349
451 362
271 362
271 451
437 271
437 451
450 271
450 437
80 437
80 450
80 450
1 80
450 1
450 80
1 450
104 1
104 450
449 80
449 104
234 449
239 449
448 104
448 234
282 448
339 448
447 239
447 282
72 447
160 447
446 72
446 160
290 339
290 446
379 446
445 290
445 290
32 379
32 445
241 32
241 445
444 32
444 241
109 241
109 444
109 444
1 109
444 1
444 109
1 444
362 444
443 1
443 109
144 362
144 443
301 144
301 443
442 144
442 301
391 301
391 442
392 391
392 391
392 442
441 392
441 392
299 392
299 441
299 441
1 299
441 1
441 299
1 441
340 1
340 441
440 299
440 340
129 340
129 440
129 440
1 129
440 1
440 129
1 440
398 440
439 1
439 129
230 398
230 439
230 439
1 230
439 1
439 230
1 439
328 1
328 230
328 439
438 328
438 328
57 328
57 438
209 438
437 57
437 57
261 437
423 209
423 437
436 261
436 423
107 423
107 436
380 107
380 107
380 436
435 380
435 380
102 435
201 102
201 435
434 201
434 201
237 380
237 434
263 237
263 237
263 434
433 263
433 263
12 263
12 433
12 433
1 12
433 1
433 12
1 433
19 1
19 433
432 12
432 19
323 19
323 432
323 432
1 323
432 1
432 323
1 432
367 432
431 1
431 323
85 367
85 431
372 431
430 85
430 85
19 372
19 430
19 430
1 19
430 1
430 19
1 430
161 430
429 1
429 19
31 161
31 429
275 31
275 31
275 429
428 275
428 275
23 275
23 428
23 428
1 23
428 1
428 23
1 428
306 428
427 1
427 23
30 306
30 427
30 427
1 30
427 1
427 30
1 427
416 427
426 1
426 30
266 416
266 426
266 426
1 266
426 1
426 266
1 426
420 1
420 266
420 426
425 420
425 420
232 420
232 425
232 425
1 232
425 1
425 232
1 425
294 1
294 425
424 232
424 294
244 424
318 244
318 424
423 294
423 318
329 318
329 423
357 423
422 329
422 329
288 357
288 422
390 422
421 288
421 288
237 390
237 421
381 237
381 237
381 421
420 381
420 381
305 420
373 420
419 305
419 373
251 381
251 419
267 419
418 251
418 251
163 418
393 163
393 267
393 418
417 393
417 393
152 393
152 417
166 152
166 417
416 152
416 166
125 166
125 416
391 125
391 125
391 416
415 391
415 391
148 391
148 415
404 148
404 415
414 148
414 404
75 404
75 414
75 414
1 75
414 1
414 75
1 414
311 1
311 414
413 75
413 311
242 311
242 413
330 242
330 413
412 242
412 330
203 330
203 412
408 203
408 203
408 412
411 408
411 408
81 411
184 411
410 81
410 184
11 408
11 410
11 410
1 11
410 1
410 11
1 410
308 410
409 1
409 11
15 409
278 15
278 409
408 278
408 278
168 308
168 408
171 168
171 408
407 168
407 171
175 171
175 407
359 175
359 175
359 407
406 359
406 359
325 406
360 406
405 325
405 359
191 405
358 191
358 405
404 358
404 358
32 404
62 32
62 360
62 404
403 62
403 62
132 62
132 403
132 403
1 132
403 1
403 132
1 403
164 1
164 403
402 132
402 164
29 402
336 29
336 164
336 402
401 336
401 336
150 336
150 401
282 401
400 150
400 150
128 282
128 400
317 128
317 400
399 128
399 317
288 317
288 399
324 288
324 288
324 399
398 324
398 324
74 324
74 398
74 398
1 74
398 1
398 74
1 398
332 398
397 1
397 74
97 332
97 397
204 397
396 97
396 97
211 396
254 204
254 396
395 211
395 254
334 395
374 254
374 395
394 334
394 374
166 374
166 394
166 394
1 166
394 1
394 166
1 394
320 1
320 166
320 394
393 320
393 320
224 320
224 393
224 393
1 224
393 1
393 224
1 393
283 1
283 224
283 393
392 283
392 283
171 392
342 171
342 283
342 392
391 342
391 342
59 391
163 391
390 59
390 163
45 342
45 390
259 45
259 390
389 45
389 259
75 389
211 389
388 75
388 211
225 259
225 388
225 388
1 225
388 1
388 225
1 388
252 388
387 1
387 225
31 252
31 387
292 31
292 31
292 387
386 292
386 292
123 292
123 386
166 123
166 123
166 386
385 166
385 166
87 166
87 385
384 385
384 87
252 384
315 87
315 252
315 384
383 315
383 315
114 315
114 383
158 114
158 114
158 383
382 158
382 158
82 158
82 382
225 382
381 82
381 82
178 225
178 381
178 381
1 178
381 1
381 178
1 381
323 1
323 381
380 178
380 323
82 323
82 380
82 380
1 82
380 1
380 82
1 380
333 380
379 1
379 82
2 333
2 379
193 379
378 2
378 2
216 378
313 378
377 193
377 216
55 313
55 377
55 377
1 55
377 1
377 55
1 377
358 1
358 55
358 377
376 358
376 358
90 358
90 376
196 376
375 90
375 90
39 375
315 39
315 375
374 196
374 315
64 315
64 374
302 64
302 374
373 64
373 302
34 373
323 34
323 373
372 302
372 323
218 372
245 372
371 218
371 245
48 323
48 371
48 371
1 48
371 1
371 48
1 371
253 1
253 48
253 371
370 253
370 253
67 370
256 370
369 67
369 253
72 256
72 369
190 72
190 72
190 369
368 190
368 190
222 190
222 368
258 222
258 222
258 368
367 258
367 258
152 367
170 367
366 152
366 170
331 258
331 366
331 366
1 331
366 1
366 331
1 366
332 1
332 331
332 366
365 332
365 332
146 365
257 146
257 332
257 365
364 257
364 257
117 257
117 364
131 364
363 117
363 117
44 363
128 44
128 363
362 128
362 128
24 362
302 24
302 362
361 131
361 302
2 361
296 361
360 2
360 296
89 302
89 360
89 360
1 89
360 1
360 89
1 360
222 360
359 1
359 89
70 222
70 359
112 359
358 70
358 70
222 112
222 358
222 358
1 222
358 1
358 222
1 358
345 1
345 222
345 358
357 345
357 345
120 357
327 120
327 345
327 357
356 327
356 327
87 327
87 356
87 356
1 87
356 1
356 87
1 356
121 356
355 1
355 87
240 121
240 355
326 240
326 355
354 240
354 326
166 326
166 354
166 354
1 166
354 1
354 166
1 354
239 1
239 166
239 354
353 239
353 239
184 239
184 353
229 184
229 184
229 353
352 229
352 229
113 229
113 352
113 352
1 113
352 1
352 113
1 352
134 352
351 1
351 113
112 351
340 351
350 112
350 134
21 340
21 350
21 350
1 21
350 1
350 21
1 350
165 1
165 21
165 350
349 165
349 165
182 349
327 165
327 182
327 349
348 327
348 327
75 327
75 348
75 348
1 75
348 1
348 75
1 348
138 1
138 75
138 348
347 138
347 138
24 347
73 24
73 347
346 73
346 73
19 138
19 346
19 346
1 19
346 1
346 19
1 346
249 1
249 346
345 19
345 249
95 249
95 345
95 345
1 95
345 1
345 95
1 345
281 1
281 95
281 345
344 281
344 281
8 344
187 8
187 281
187 344
343 187
343 187
101 187
101 343
101 343
1 101
343 1
343 101
1 343
128 1
128 101
128 343
342 128
342 128
21 342
290 342
341 21
341 128
19 341
288 19
288 290
288 341
340 288
340 288
21 288
21 340
21 340
1 21
340 1
340 21
1 340
173 1
173 21
173 340
339 173
339 173
10 339
132 10
132 173
132 339
338 132
338 132
89 132
89 338
89 338
1 89
338 1
338 89
1 338
143 1
143 89
143 338
337 143
337 143
99 143
99 337
315 99
315 99
315 337
336 315
336 315
44 336
318 44
318 336
335 315
335 318
69 318
69 335
69 335
1 69
335 1
335 69
1 335
161 335
334 1
334 69
17 334
299 17
299 161
299 334
333 299
333 299
142 299
142 333
223 142
223 142
223 333
332 223
332 223
58 332
275 58
275 332
331 223
331 275
21 331
197 21
197 331
330 197
330 197
44 330
129 44
129 275
129 330
329 129
329 129
152 129
152 329
272 329
328 152
328 152
129 328
180 328
327 129
327 180
97 272
97 327
97 327
1 97
327 1
327 97
1 327
202 327
326 1
326 97
87 326
282 326
325 87
325 202
199 282
199 325
199 325
1 199
325 1
325 199
1 325
295 325
324 1
324 199
98 295
98 324
98 324
1 98
324 1
324 98
1 324
207 1
207 98
207 324
323 207
323 207
38 207
38 323
147 38
147 323
322 38
322 147
236 147
236 322
249 236
249 322
321 236
321 249
31 321
33 31
33 321
320 33
320 33
53 320
170 320
319 53
319 170
205 319
232 205
232 319
318 232
318 232
71 249
71 318
71 318
1 71
318 1
318 71
1 318
140 318
317 1
317 71
137 317
183 137
183 317
316 140
316 183
24 316
295 24
295 183
295 316
315 295
315 295
133 295
133 315
133 315
1 133
315 1
315 133
1 315
279 1
279 315
314 133
314 279
93 279
93 314
93 314
1 93
314 1
314 93
1 314
226 1
226 93
226 314
313 226
313 226
159 226
159 313
285 159
285 313
312 159
312 285
171 285
171 312
273 171
273 171
273 312
311 273
311 273
174 273
174 311
174 311
1 174
311 1
311 174
1 311
294 311
310 1
310 174
124 294
124 310
163 124
163 124
163 310
309 163
309 163
180 309
250 163
250 309
308 180
308 250
67 250
67 308
67 308
1 67
308 1
308 67
1 308
202 1
202 67
202 308
307 202
307 202
183 202
183 307
244 183
244 183
244 307
306 244
306 244
155 244
155 306
157 306
305 155
305 155
272 305
273 157
273 305
304 272
304 273
13 273
13 304
13 304
1 13
304 1
304 13
1 304
193 304
303 1
303 13
127 303
156 127
156 193
156 303
302 156
302 156
195 156
195 302
204 302
301 195
301 195
11 301
56 11
56 301
300 56
300 56
87 204
87 300
87 300
1 87
300 1
300 87
1 300
164 1
164 87
164 300
299 164
299 164
67 164
67 299
67 299
1 67
299 1
299 67
1 299
188 1
188 299
298 67
298 188
54 188
54 298
54 298
1 54
298 1
298 54
1 298
281 1
281 54
281 298
297 281
297 281
26 281
26 297
112 297
296 26
296 26
20 112
20 296
20 296
1 20
296 1
296 20
1 296
247 1
247 20
247 296
295 247
295 247
140 295
242 140
242 247
242 295
294 242
294 242
70 294
72 70
72 242
72 294
293 72
293 72
51 72
51 293
51 293
1 51
293 1
293 51
1 293
207 293
292 1
292 51
110 292
189 110
189 207
189 292
291 189
291 189
20 291
238 20
238 189
238 291
290 238
290 238
194 238
194 290
194 290
1 194
290 1
290 194
1 290
272 1
272 194
272 290
289 272
289 272
32 272
32 289
98 289
288 32
288 32
178 98
178 288
279 288
287 178
287 178
201 279
201 287
201 287
1 201
287 1
287 201
1 287
218 1
218 201
218 287
286 218
286 218
54 218
54 286
54 286
1 54
286 1
286 54
1 286
66 1
66 286
285 54
285 66
141 66
141 285
251 285
284 141
284 141
128 284
200 284
283 128
283 200
80 251
80 283
252 80
252 80
252 283
282 252
282 252
14 252
14 282
14 282
1 14
282 1
282 14
1 282
276 282
281 1
281 14
41 276
41 281
256 41
256 41
256 281
280 256
280 256
247 256
247 280
247 280
1 247
280 1
280 247
1 280
255 1
255 280
279 247
279 255
235 255
235 279
259 235
259 235
259 279
278 259
278 259
12 259
12 278
160 12
160 278
277 12
277 160
96 277
225 96
225 277
276 160
276 225
80 225
80 276
218 80
218 80
218 276
275 218
275 218
67 218
67 275
67 275
1 67
275 1
275 67
1 275
221 1
221 275
274 67
274 221
24 221
24 274
43 24
43 274
273 24
273 43
91 273
102 273
272 43
272 91
99 102
99 272
99 272
1 99
272 1
272 99
1 272
138 272
271 1
271 99
23 138
23 271
209 23
209 23
209 271
270 209
270 209
87 209
87 270
205 270
269 87
269 87
105 205
105 269
175 105
175 269
268 105
268 175
196 175
196 268
234 268
267 196
267 196
12 267
265 12
265 267
266 234
266 265
148 265
148 266
199 266
265 148
265 148
109 199
109 265
192 109
192 265
264 109
264 192
81 264
223 264
263 81
263 192
6 223
6 263
6 263
1 6
263 1
263 6
1 263
153 263
262 1
262 6
125 153
125 262
171 262
261 125
261 125
102 171
102 261
127 261
260 102
260 102
19 127
19 260
19 260
1 19
260 1
260 19
1 260
172 1
172 19
172 260
259 172
259 172
215 172
215 259
215 259
1 215
259 1
259 215
1 259
221 1
221 259
258 215
258 221
4 221
4 258
4 258
1 4
258 1
258 4
1 258
237 1
237 4
237 258
257 237
257 237
68 237
68 257
208 68
208 68
208 257
256 208
256 208
203 256
237 203
237 208
237 256
255 237
255 237
68 255
137 68
137 255
254 137
254 137
18 237
18 254
18 254
1 18
254 1
254 18
1 254
146 254
253 1
253 18
114 146
114 253
134 253
252 114
252 114
36 134
36 252
222 36
222 252
251 36
251 222
99 222
99 251
99 251
1 99
251 1
251 99
1 251
198 1
198 99
198 251
250 198
250 198
229 198
229 250
229 250
1 229
250 1
250 229
1 250
241 1
241 229
241 250
249 241
249 241
6 241
6 249
6 249
1 6
249 1
249 6
1 249
38 1
38 6
38 249
248 38
248 38
54 38
54 248
54 248
1 54
248 1
248 54
1 248
104 248
247 1
247 54
184 247
239 104
239 247
246 184
246 239
55 239
55 246
55 246
1 55
246 1
246 55
1 246
67 1
67 55
67 246
245 67
245 67
7 67
7 245
99 7
99 7
99 245
244 99
244 99
15 99
15 244
15 244
1 15
244 1
244 15
1 244
92 244
243 1
243 15
106 92
106 243
216 106
216 243
242 106
242 216
62 216
62 242
148 62
148 242
241 62
241 148
158 148
158 241
158 241
1 158
241 1
241 158
1 241
205 1
205 158
205 241
240 205
240 205
17 205
17 240
23 17
23 17
23 240
239 23
239 23
178 239
183 239
238 23
238 178
74 183
74 238
74 238
1 74
238 1
238 74
1 238
208 238
237 1
237 74
25 237
139 237
236 25
236 139
185 208
185 236
185 236
1 185
236 1
236 185
1 236
202 236
235 1
235 185
77 202
77 235
162 77
162 235
234 77
234 162
61 162
61 234
61 234
1 61
234 1
234 61
1 234
199 1
199 234
233 61
233 199
21 199
21 233
21 233
1 21
233 1
233 21
1 233
180 1
180 233
232 21
232 180
4 180
4 232
87 232
231 4
231 4
204 87
204 231
204 231
1 204
231 1
231 204
1 231
217 231
230 1
230 204
114 217
114 230
114 230
1 114
230 1
230 114
1 230
123 1
123 230
229 114
229 123
32 229
139 32
139 123
139 229
228 139
228 139
190 228
220 228
227 139
227 190
20 227
21 227
226 20
226 21
129 226
130 129
130 220
130 226
225 130
225 130
123 130
123 225
162 123
162 123
162 225
224 162
224 162
93 162
93 224
211 93
211 224
223 93
223 211
48 211
48 223
81 48
81 48
81 223
222 81
222 81
81 222
81 222
1 81
222 1
222 81
1 222
82 1
82 81
82 222
221 82
221 82
107 82
107 221
168 221
220 107
220 107
133 220
138 133
138 168
138 220
219 138
219 138
131 138
131 219
172 131
172 219
218 131
218 172
96 172
96 218
142 96
142 96
142 218
217 142
217 142
132 142
132 217
200 132
200 132
200 217
216 200
216 200
41 216
169 41
169 216
215 169
215 169
33 200
33 215
136 33
136 33
136 215
214 136
214 136
176 136
176 214
176 214
1 176
214 1
214 176
1 214
193 1
193 214
213 176
213 193
15 193
15 213
155 213
212 15
212 15
123 155
123 212
159 123
159 212
211 123
211 159
7 211
126 211
210 7
210 126
79 159
79 210
185 79
185 210
209 79
209 185
142 209
144 209
208 142
208 144
98 208
205 98
205 208
207 185
207 205
39 207
184 207
206 39
206 184
55 206
89 55
89 206
205 89
17 205
189 17
189 205
204 89
204 189
38 189
38 204
74 38
74 38
74 204
203 74
203 74
113 74
113 203
113 203
1 113
203 1
203 113
1 203
116 1
116 113
116 203
202 116
202 116
66 116
66 202
66 202
1 66
202 1
202 66
1 202
110 202
201 1
201 66
88 110
88 201
118 88
118 88
118 201
200 118
200 118
104 118
104 200
186 200
199 104
199 104
24 186
24 199
24 199
1 24
199 1
199 24
1 199
193 1
193 24
193 199
198 193
198 193
37 193
37 198
155 37
155 198
197 37
197 155
104 155
104 197
104 197
1 104
197 1
197 104
1 197
136 1
136 104
136 197
196 136
196 136
5 136
5 196
5 196
1 5
196 1
196 5
1 196
181 196
195 1
195 5
59 195
122 59
122 195
194 122
194 122
48 181
48 194
112 194
193 48
193 48
96 193
100 96
100 112
100 193
192 100
192 100
13 192
89 13
89 192
191 89
191 89
8 191
61 8
61 191
190 61
190 61
63 100
63 190
63 190
1 63
190 1
190 63
1 190
99 1
99 63
99 190
189 99
189 99
55 189
184 55
184 99
184 189
188 184
188 184
77 184
77 188
77 188
1 77
188 1
188 77
1 188
139 188
187 1
187 77
10 139
10 187
10 187
1 10
187 1
187 10
1 187
164 1
164 10
164 187
186 164
186 164
14 164
14 186
91 14
91 186
185 14
185 91
105 185
152 185
184 91
184 105
52 184
130 52
130 184
183 130
183 130
6 152
6 183
6 183
1 6
183 1
183 6
1 183
161 183
182 1
182 6
133 161
133 182
134 133
134 182
181 133
181 134
132 134
132 181
160 181
180 132
180 132
94 160
94 180
175 94
175 180
179 94
179 175
30 179
144 30
144 179
178 144
178 144
40 175
40 178
40 178
1 40
178 1
178 40
1 178
176 1
176 40
176 178
177 176
177 176
49 176
49 177
147 49
147 177
176 49
176 147
107 176
172 107
172 176
175 147
175 172
64 175
158 64
158 175
174 158
174 158
16 172
16 174
16 174
1 16
174 1
174 16
1 174
137 1
137 174
173 16
173 137
35 173
132 35
132 173
172 132
172 132
104 137
104 172
156 104
156 172
171 104
171 156
33 156
33 171
58 33
58 33
58 171
170 58
170 58
10 58
10 170
110 170
169 10
169 10
47 110
47 169
47 169
1 47
169 1
169 47
1 169
91 1
91 169
168 47
168 91
84 168
91 84
91 168
167 91
167 91
87 91
87 167
87 167
1 87
167 1
167 87
1 167
109 1
109 87
109 167
166 109
166 109
12 109
12 166
107 12
107 166
165 12
165 107
113 107
113 165
113 165
1 113
165 1
165 113
1 165
148 1
148 165
164 113
164 148
78 148
78 164
107 78
107 164
163 78
163 107
8 163
89 163
162 8
162 89
34 107
34 162
86 162
161 34
161 34
15 86
15 161
15 161
1 15
161 1
161 15
1 161
35 1
35 15
35 161
160 35
160 35
24 160
93 24
93 160
159 35
159 93
5 93
5 159
5 159
1 5
159 1
159 5
1 159
107 1
107 5
107 159
158 107
158 107
24 107
24 158
24 158
1 24
158 1
158 24
1 158
96 158
157 1
157 24
64 157
90 64
90 157
156 90
156 90
103 156
110 156
155 96
155 103
50 155
139 155
154 50
154 110
42 154
96 154
153 42
153 96
1 139
1 153
1 153
2 1
153 2
153 1
2 153
97 1
97 2
97 153
152 97
152 97
29 97
29 152
41 29
41 29
41 152
151 41
151 41
47 41
47 151
47 151
1 47
151 1
151 47
1 151
135 151
150 1
150 47
23 135
23 150
113 150
149 23
149 23
98 113
98 149
127 98
127 149
148 98
148 127
81 127
81 148
126 148
147 81
147 81
17 126
17 147
81 17
81 147
146 17
146 81
97 81
97 146
123 97
123 146
145 97
145 123
40 123
40 145
40 145
1 40
145 1
145 40
1 145
128 1
128 145
144 40
144 128
4 128
4 144
21 4
21 4
21 144
143 21
143 21
8 21
8 143
21 8
21 143
142 8
142 21
31 142
51 21
51 31
51 142
141 51
141 51
53 141
54 51
54 141
140 53
140 54
31 54
31 140
57 140
139 31
139 31
92 57
92 139
92 139
1 92
139 1
139 92
1 139
124 1
124 92
124 139
138 124
138 124
7 124
7 138
7 138
1 7
138 1
138 7
1 138
69 1
69 7
69 138
137 69
137 69
27 69
27 137
54 27
54 137
136 27
136 54
3 136
109 136
135 3
135 54
87 135
133 87
133 109
133 135
134 133
134 133
4 134
57 4
57 133
57 134
133 57
133 57
27 133
92 27
92 133
132 57
132 92
24 92
24 132
126 24
126 132
131 24
131 126
41 131
42 131
130 41
130 42
9 126
9 130
9 130
1 9
130 1
130 9
1 130
48 130
129 1
129 9
63 48
63 129
63 129
1 63
129 1
129 63
1 129
103 1
103 129
128 63
128 103
19 128
114 19
114 128
127 103
127 114
48 114
48 127
48 127
1 48
127 1
127 48
1 127
52 1
52 127
126 48
126 52
68 52
68 126
78 126
125 68
125 68
29 125
61 29
61 78
61 125
124 61
124 61
59 61
59 124
59 124
1 59
124 1
124 59
1 124
99 1
99 59
99 124
123 99
123 99
9 123
42 9
42 99
42 123
122 42
122 42
3 42
3 122
3 122
1 3
122 1
122 3
1 122
13 1
13 122
121 3
121 13
61 121
118 121
120 13
120 61
10 118
10 120
10 120
1 10
120 1
120 10
1 120
79 1
79 120
119 10
119 79
5 119
83 5
83 79
83 119
118 83
118 83
95 118
109 83
109 95
109 118
117 109
117 109
110 109
110 117
114 110
114 117
116 110
116 114
27 114
27 116
82 116
115 27
115 27
31 82
31 115
67 31
67 31
67 115
114 67
114 67
6 67
6 114
6 114
1 6
114 1
114 6
1 114
96 1
96 6
96 114
113 96
113 96
33 96
33 113
111 33
111 33
111 113
112 111
112 111
80 111
80 112
80 112
1 80
112 1
112 80
1 112
98 112
111 1
111 80
19 111
73 19
73 98
73 111
110 73
110 73
70 110
94 110
109 70
109 73
62 94
62 109
95 62
95 109
108 62
108 95
59 95
59 108
104 108
107 59
107 59
41 107
72 41
72 107
106 72
106 72
19 104
19 106
19 106
1 19
106 1
106 19
1 106
54 1
54 106
105 19
105 54
38 105
42 38
42 105
104 42
104 42
13 54
13 104
40 13
40 104
103 13
103 40
74 40
74 103
97 74
97 103
102 74
102 97
28 97
28 102
28 102
1 28
102 1
102 28
1 102
58 1
58 102
101 28
101 58
14 101
31 14
31 101
100 31
100 31
10 58
10 100
10 100
1 10
100 1
100 10
1 100
44 100
99 1
99 10
31 99
77 31
77 44
77 99
98 77
98 77
13 98
15 98
97 13
97 15
82 77
82 97
82 97
1 82
97 1
97 82
1 97
84 1
84 97
96 82
96 84
15 84
15 96
31 15
31 96
95 15
95 31
53 31
53 95
76 53
76 53
76 95
94 76
94 76
61 76
61 94
61 94
1 61
94 1
94 61
1 94
72 1
72 61
72 94
93 72
93 72
47 72
47 93
47 93
1 47
93 1
93 47
1 93
66 1
66 47
66 93
92 66
92 66
1 92
14 92
91 1
91 14
30 66
30 91
67 30
67 30
67 91
90 67
90 67
35 90
53 90
89 35
89 53
14 67
14 89
33 89
88 14
88 14
3 33
3 88
3 88
1 3
88 1
88 3
1 88
20 1
20 88
87 3
87 20
44 20
44 87
44 87
1 44
87 1
87 44
1 87
66 1
66 87
86 44
86 66
45 86
74 45
74 66
74 86
85 74
85 74
17 74
17 85
36 85
84 17
84 17
46 36
46 84
78 46
78 46
78 84
83 78
83 78
38 78
38 83
38 83
1 38
83 1
83 38
1 83
41 83
82 1
82 38
15 41
15 82
70 15
70 15
70 82
81 70
81 70
25 81
32 25
32 81
80 32
80 32
71 70
71 80
78 80
79 71
79 71
51 78
51 79
62 51
62 79
78 51
78 62
26 62
26 78
26 78
1 26
78 1
78 26
1 78
51 1
51 26
51 78
77 51
77 51
15 51
15 77
74 15
74 77
76 15
76 74
16 76
69 16
69 74
69 76
75 69
75 69
41 69
41 75
65 41
65 75
74 41
74 65
7 65
7 74
31 7
31 74
73 7
73 31
40 73
46 31
46 73
72 40
72 46
11 72
16 11
16 72
71 16
71 16
30 71
35 71
70 30
70 35
15 70
23 15
23 70
69 23
69 23
24 46
24 69
64 24
64 24
64 69
68 64
68 64
25 64
25 68
55 25
55 25
55 68
67 55
67 55
23 67
32 23
32 67
66 32
66 32
9 55
9 66
16 9
16 9
16 66
65 16
65 16
41 16
41 65
56 41
56 65
64 41
64 56
10 64
42 10
42 56
42 64
63 42
63 42
12 42
12 63
12 63
1 12
63 1
63 12
1 63
59 1
59 12
59 63
62 59
62 59
14 59
14 62
15 14
15 14
15 62
61 15
61 15
24 61
50 15
50 24
50 61
60 50
60 50
24 50
24 60
35 60
59 24
59 24
5 35
5 59
15 5
15 59
58 5
58 15
8 15
8 58
32 8
32 58
57 8
57 32
44 32
44 57
47 57
56 44
56 44
12 56
13 12
13 56
55 13
55 13
4 47
4 55
4 55
1 4
55 1
55 4
1 55
12 1
12 4
12 55
54 12
54 12
2 12
2 54
16 54
53 2
53 2
4 16
4 53
4 53
1 4
53 1
53 4
1 53
29 1
29 4
29 53
52 29
52 29
14 29
14 52
14 52
1 14
52 1
52 14
1 52
47 1
47 52
51 14
51 47
12 47
12 51
49 51
50 12
50 12
12 50
16 12
16 50
49 16
6 16
6 49
6 49
1 6
49 1
49 6
1 49
17 1
17 6
17 49
48 17
48 17
3 17
3 48
12 3
12 48
47 3
47 12
16 12
16 47
16 47
1 16
47 1
47 16
1 47
44 47
46 1
46 16
8 44
8 46
8 46
1 8
46 1
46 8
1 46
21 1
21 8
21 46
45 21
45 21
13 21
13 45
22 13
22 13
22 45
44 22
44 22
12 22
12 44
37 12
37 12
37 44
43 37
43 37
25 37
25 43
31 25
31 43
42 25
42 31
19 31
19 42
19 42
1 19
42 1
42 19
1 42
32 1
32 42
41 19
41 32
19 32
19 41
31 41
40 19
40 19
3 40
11 3
11 31
11 40
39 11
39 11
4 39
35 4
35 39
38 11
38 35
5 35
5 38
5 38
1 5
38 1
38 5
1 38
17 1
17 38
37 5
37 17
24 17
24 37
24 37
1 24
37 1
37 24
1 37
33 1
33 24
33 37
36 33
36 33
11 33
11 36
11 36
1 11
36 1
36 11
1 36
18 1
18 11
18 36
35 18
35 18
15 35
28 35
34 15
34 18
6 34
17 6
17 28
17 34
33 17
33 17
2 17
2 33
13 33
32 2
32 2
18 13
18 32
18 32
1 18
32 1
32 18
1 32
28 1
28 18
28 32
31 28
31 28
3 28
3 31
24 3
24 31
30 3
30 24
12 30
22 12
22 30
29 22
29 22
2 24
2 29
18 29
28 2
28 2
15 18
15 28
15 28
1 15
28 1
28 15
1 28
27 1
27 28
7 15
7 27
22 27
26 7
26 7
14 22
14 26
22 14
22 26
25 14
25 22
14 22
14 25
14 25
1 14
25 1
25 14
1 25
23 1
23 25
24 14
24 23
15 23
15 24
15 24
23 15
23 15
9 15
9 23
9 23
1 9
23 1
23 9
1 23
16 23
22 1
22 9
12 22
17 12
17 16
17 22
21 17
21 17
12 17
12 21
14 12
14 12
14 21
20 14
20 14
9 14
9 20
17 9
17 20
19 9
19 17
2 17
2 19
8 19
18 2
18 2
8 18
10 8
10 8
10 18
17 10
17 10
10 17
10 17
1 10
17 1
17 10
1 17
12 1
12 17
16 10
16 12
7 16
14 16
15 7
15 12
3 14
3 15
7 3
7 15
14 3
14 7
1 7
1 14
5 1
5 1
5 14
13 5
13 5
7 13
12 5
12 7
12 13
1 12
4 1
4 12
7 4
7 4
7 12
11 7
11 7
5 7
5 11
7 5
7 5
7 11
10 7
10 7
2 7
2 10
2 10
1 2
10 1
10 2
1 10
6 10
9 1
9 2
1 6
1 9
4 1
4 1
4 9
8 4
8 4
2 4
2 8
2 8
1 2
8 1
8 2
1 8
5 8
7 1
7 2
4 5
4 7
5 4
5 7
6 4
6 5
2 5
2 6
3 2
3 2
3 6
5 3
5 3
1 5
4 5
4 1
2 4
3 2
3 4
1 3
1 3
1 3
2 1
3 2
3 1
2 3
1 2
1 3
