7663
978 136
978 395
483 718
483 978
659 483
659 483
659 978
977 659
977 659
114 659
114 977
719 114
719 114
719 977
976 719
976 719
274 976
343 274
343 719
343 976
975 343
975 343
188 343
188 975
188 975
1 188
975 1
975 188
1 975
465 1
465 188
465 975
974 465
974 465
876 465
876 974
876 974
1 876
974 1
974 876
1 974
946 1
946 876
946 974
973 946
973 946
199 946
199 973
559 199
559 973
972 199
972 559
161 559
161 972
319 161
319 161
319 972
971 319
971 319
74 319
74 971
74 971
1 74
971 1
971 74
1 971
256 1
256 74
256 971
970 256
970 256
113 256
113 970
399 113
399 113
399 970
969 399
969 399
718 399
718 969
904 718
904 718
904 969
968 904
968 904
495 968
578 495
578 904
578 968
967 578
967 578
302 578
302 967
302 967
1 302
967 1
967 302
1 967
684 967
966 1
966 302
148 684
148 966
148 966
1 148
966 1
966 148
1 966
786 1
786 148
786 966
965 786
965 786
447 965
889 447
889 965
964 786
964 889
21 889
21 964
512 21
512 964
963 21
963 512
66 512
66 963
66 963
1 66
963 1
963 66
1 963
960 1
960 66
960 963
962 960
962 960
55 960
55 962
55 962
1 55
962 1
962 55
1 962
855 1
855 55
855 962
961 855
961 855
94 855
94 961
94 961
1 94
961 1
961 94
1 961
619 1
619 961
960 94
960 619
389 619
389 960
494 960
959 389
959 389
546 494
546 959
546 959
1 546
959 1
959 546
1 959
863 1
863 546
863 959
958 863
958 863
56 863
56 958
56 958
1 56
958 1
958 56
1 958
83 1
83 958
957 56
957 83
363 83
363 957
728 363
728 957
956 363
956 728
562 728
562 956
562 956
1 562
956 1
956 562
1 956
798 1
798 956
955 562
955 798
697 798
697 955
697 955
1 697
955 1
955 697
1 955
828 955
954 1
954 697
730 828
730 954
730 954
1 730
954 1
954 730
1 954
782 1
782 730
782 954
953 782
953 782
185 953
791 185
791 953
952 782
952 791
198 791
198 952
198 952
1 198
952 1
952 198
1 952
636 1
636 952
951 198
951 636
9 636
9 951
9 951
1 9
951 1
951 9
1 951
67 1
67 9
67 951
950 67
950 67
453 67
453 950
489 950
949 453
949 453
197 949
823 949
948 197
948 489
398 823
398 948
398 948
1 398
948 1
948 398
1 948
764 1
764 398
764 948
947 764
947 764
152 764
152 947
872 152
872 947
946 152
946 872
228 946
644 946
945 228
945 644
296 945
450 296
450 872
450 945
944 450
944 450
444 450
444 944
583 444
583 944
943 444
943 583
139 583
139 943
139 943
1 139
943 1
943 139
1 943
586 1
586 139
586 943
942 586
942 586
917 586
917 942
917 942
1 917
942 1
942 917
1 942
941 1
941 917
941 942
1 941
674 941
708 1
708 941
940 674
940 708
204 708
204 940
804 204
804 940
939 204
939 804
320 804
320 939
320 939
1 320
939 1
939 320
1 939
717 1
717 320
717 939
938 717
938 717
165 717
165 938
172 165
172 938
937 165
937 172
351 172
351 937
359 351
359 937
936 351
936 359
566 359
566 936
566 936
1 566
936 1
936 566
1 936
901 1
901 566
901 936
935 901
935 901
228 901
228 935
228 935
1 228
935 1
935 228
1 935
781 1
781 228
781 935
934 781
934 781
69 781
69 934
69 934
1 69
934 1
934 69
1 934
403 1
403 69
403 934
933 403
933 403
237 403
237 933
237 933
1 237
933 1
933 237
1 933
363 1
363 237
363 933
932 363
932 363
408 363
408 932
408 932
1 408
932 1
932 408
1 932
647 1
647 408
647 932
931 647
931 647
491 647
491 931
491 931
1 491
931 1
931 491
1 931
520 1
520 491
520 931
930 520
930 520
176 520
176 930
690 176
690 176
690 930
929 690
929 690
142 690
142 929
515 142
515 142
515 929
928 515
928 515
181 515
181 928
853 181
853 928
927 181
927 853
7 853
7 927
7 927
1 7
927 1
927 7
1 927
680 1
680 927
926 7
926 680
401 926
903 401
903 926
925 680
925 903
677 903
677 925
815 677
815 925
924 677
924 815
518 815
518 924
518 924
1 518
924 1
924 518
1 924
604 1
604 518
604 924
923 604
923 604
52 604
52 923
115 52
115 923
922 52
922 115
56 115
56 922
329 56
329 922
921 56
921 329
405 329
405 921
405 921
1 405
921 1
921 405
1 921
561 1
561 405
561 921
920 561
920 561
14 561
14 920
14 920
1 14
920 1
920 14
1 920
269 1
269 920
919 14
919 269
223 919
783 223
783 919
918 269
918 783
215 783
215 918
215 918
1 215
918 1
918 215
1 918
250 1
250 215
250 918
917 250
917 250
478 917
717 250
717 478
717 917
916 717
916 717
552 717
552 916
635 552
635 552
635 916
915 635
915 635
63 635
63 915
63 915
1 63
915 1
915 63
1 915
446 1
446 63
446 915
914 446
914 446
542 914
543 446
543 914
913 542
913 543
261 913
658 261
658 543
658 913
912 658
912 658
400 658
400 912
400 912
1 400
912 1
912 400
1 912
666 1
666 400
666 912
911 666
911 666
60 666
60 911
750 60
750 60
750 911
910 750
910 750
208 750
208 910
348 208
348 208
348 910
909 348
909 348
324 348
324 909
712 324
712 324
712 909
908 712
908 712
387 712
387 908
387 908
1 387
908 1
908 387
1 908
706 1
706 908
907 387
907 706
331 907
904 907
906 331
906 706
329 904
329 906
550 906
905 329
905 329
699 550
699 905
699 905
1 699
905 1
905 699
1 905
774 1
774 699
774 905
904 774
904 774
120 904
738 904
903 120
903 738
72 774
72 903
72 903
1 72
903 1
903 72
1 903
330 903
902 1
902 72
498 330
498 902
498 902
1 498
902 1
902 498
1 902
723 1
723 498
723 902
901 723
901 723
31 901
382 31
382 723
382 901
900 382
900 382
287 382
287 900
867 287
867 900
899 287
899 867
359 867
359 899
359 899
1 359
899 1
899 359
1 899
379 899
898 1
898 359
448 379
448 898
448 898
1 448
898 1
898 448
1 898
741 898
897 1
897 448
333 741
333 897
333 897
1 333
897 1
897 333
1 897
766 1
766 333
766 897
896 766
896 766
722 766
722 896
722 896
1 722
896 1
896 722
1 896
829 1
829 896
895 722
895 829
346 829
346 895
574 895
894 346
894 346
240 574
240 894
240 894
1 240
894 1
894 240
1 894
570 1
570 240
570 894
893 570
893 570
107 570
107 893
712 893
892 107
892 107
395 712
395 892
395 892
1 395
892 1
892 395
1 892
485 1
485 395
485 892
891 485
891 485
41 485
41 891
41 891
1 41
891 1
891 41
1 891
837 1
837 41
837 891
890 837
890 837
617 837
617 890
617 890
1 617
890 1
890 617
1 890
734 1
734 890
889 617
889 734
336 889
397 889
888 336
888 397
18 734
18 888
18 888
1 18
888 1
888 18
1 888
161 1
161 888
887 18
887 161
91 161
91 887
91 887
1 91
887 1
887 91
1 887
217 1
217 91
217 887
886 217
886 217
69 886
319 69
319 886
885 217
885 319
1 885
273 885
884 1
884 273
410 319
410 884
670 410
670 884
883 410
883 670
424 670
424 883
424 883
1 424
883 1
883 424
1 883
662 1
662 424
662 883
882 662
882 662
82 662
82 882
82 882
1 82
882 1
882 82
1 882
161 882
881 1
881 82
491 161
491 881
610 491
610 491
610 881
880 610
880 610
177 880
640 177
640 880
879 610
879 640
487 640
487 879
487 879
1 487
879 1
879 487
1 879
755 1
755 879
878 487
878 755
209 755
209 878
719 878
877 209
877 209
22 719
22 877
22 877
1 22
877 1
877 22
1 877
854 1
854 22
854 877
876 854
876 854
287 876
819 876
875 287
875 819
704 875
769 704
769 875
874 769
874 769
24 854
24 874
24 874
1 24
874 1
874 24
1 874
852 1
852 874
873 24
873 852
199 873
334 199
334 873
872 334
872 334
152 852
152 872
152 872
1 152
872 1
872 152
1 872
833 1
833 152
833 872
871 833
871 833
303 833
303 871
303 871
1 303
871 1
871 303
1 871
621 1
621 303
621 871
870 621
870 621
187 621
187 870
187 870
1 187
870 1
870 187
1 870
230 1
230 187
230 870
869 230
869 230
1 869
394 1
394 230
394 869
868 394
868 394
508 394
508 868
508 868
1 508
868 1
868 508
1 868
865 1
865 508
865 868
867 865
867 865
322 865
322 867
322 867
1 322
867 1
867 322
1 867
559 1
559 867
866 322
866 559
299 559
299 866
299 866
1 299
866 1
866 299
1 866
728 1
728 299
728 866
865 728
865 728
5 728
5 865
293 5
293 865
864 5
864 293
12 293
12 864
622 12
622 12
622 864
863 622
863 622
371 622
371 863
371 863
1 371
863 1
863 371
1 863
520 863
862 1
862 371
603 520
603 862
790 603
790 862
861 603
861 790
380 790
380 861
801 380
801 380
801 861
860 801
860 801
137 801
137 860
137 860
1 137
860 1
860 137
1 860
174 1
174 137
174 860
859 174
859 174
28 859
546 28
546 859
858 174
858 546
159 546
159 858
159 858
1 159
858 1
858 159
1 858
259 858
857 1
857 159
316 857
751 259
751 857
856 316
856 751
344 751
344 856
557 344
557 344
557 856
855 557
855 557
283 557
283 855
283 855
1 283
855 1
855 283
1 855
442 1
442 855
854 283
854 442
146 854
515 854
853 146
853 442
528 515
528 853
528 853
1 528
853 1
853 528
1 853
681 1
681 528
681 853
852 681
852 681
523 681
523 852
523 852
1 523
852 1
852 523
1 852
656 1
656 523
656 852
851 656
851 656
154 656
154 851
544 851
850 154
850 154
710 544
710 850
804 710
804 850
849 710
849 804
434 804
434 849
498 849
848 434
848 434
318 498
318 848
710 318
710 318
710 848
847 710
847 710
137 710
137 847
754 137
754 137
754 847
846 754
846 754
150 754
150 846
150 846
1 150
846 1
846 150
1 846
211 846
845 1
845 150
1 211
1 845
358 1
358 1
358 845
844 358
844 358
246 358
246 844
246 844
1 246
844 1
844 246
1 844
466 1
466 844
843 246
843 466
420 466
420 843
420 843
1 420
843 1
843 420
1 843
574 1
574 420
574 843
842 574
842 574
403 574
403 842
765 403
765 403
765 842
841 765
841 765
524 765
524 841
524 841
1 524
841 1
841 524
1 841
735 1
735 841
840 524
840 735
345 735
345 840
345 840
1 345
840 1
840 345
1 840
697 840
839 1
839 345
312 697
312 839
312 839
1 312
839 1
839 312
1 839
473 1
473 312
473 839
838 473
838 473
24 473
24 838
24 838
1 24
838 1
838 24
1 838
231 838
837 1
837 24
409 837
774 231
774 409
774 837
836 774
836 774
363 774
363 836
607 363
607 363
607 836
835 607
835 607
579 607
579 835
579 835
1 579
835 1
835 579
1 835
677 1
677 579
677 835
834 677
834 677
319 834
647 319
647 677
647 834
833 647
833 647
192 647
192 833
471 833
832 192
832 192
40 471
40 832
40 832
1 40
832 1
832 40
1 832
337 1
337 40
337 832
831 337
831 337
310 337
310 831
310 831
1 310
831 1
831 310
1 831
809 1
809 310
809 831
830 809
830 809
141 809
141 830
682 141
682 830
829 141
829 682
507 682
507 829
507 829
1 507
829 1
829 507
1 829
540 1
540 507
540 829
828 540
828 540
689 540
689 828
689 828
1 689
828 1
828 689
1 828
714 1
714 689
714 828
827 714
827 714
766 714
766 827
808 766
808 766
808 827
826 808
826 808
217 808
217 826
750 217
750 826
825 217
825 750
113 825
393 113
393 825
824 393
824 393
400 824
684 824
823 400
823 684
280 750
280 823
280 823
1 280
823 1
823 280
1 823
618 1
618 280
618 823
822 618
822 618
68 618
68 822
68 822
1 68
822 1
822 68
1 822
638 1
638 68
638 822
821 638
821 638
49 638
49 821
49 821
1 49
821 1
821 49
1 821
628 1
628 49
628 821
820 628
820 628
42 820
468 42
468 820
819 468
819 468
113 628
113 819
611 819
818 113
818 113
386 611
386 818
386 818
1 386
818 1
818 386
1 818
541 818
817 1
817 386
14 541
14 817
654 14
654 14
654 817
816 654
816 654
166 654
166 816
166 816
1 166
816 1
816 166
1 816
649 1
649 166
649 816
815 649
815 649
381 649
381 815
381 815
1 381
815 1
815 381
1 815
443 1
443 381
443 815
814 443
814 443
145 443
145 814
145 814
1 145
814 1
814 145
1 814
813 1
813 814
98 145
98 813
98 813
1 98
813 1
813 98
1 813
168 1
168 98
168 813
812 168
812 168
604 168
604 812
673 604
673 604
673 812
811 673
811 673
400 673
400 811
760 400
760 811
810 400
810 760
245 760
245 810
425 245
425 245
425 810
809 425
809 425
100 809
714 100
714 425
714 809
808 714
808 714
136 808
211 808
807 136
807 211
149 714
149 807
240 807
806 149
806 149
29 240
29 806
213 29
213 29
213 806
805 213
805 213
264 213
264 805
264 805
1 264
805 1
805 264
1 805
551 1
551 264
551 805
804 551
804 551
44 551
44 804
44 804
1 44
804 1
804 44
1 804
122 1
122 44
122 804
803 122
803 122
495 122
495 803
495 803
1 495
803 1
803 495
1 803
665 1
665 803
802 495
802 665
144 665
144 802
144 802
1 144
802 1
802 144
1 802
747 1
747 144
747 802
801 747
801 747
177 801
580 801
800 177
800 580
318 747
318 800
343 318
343 318
343 800
799 343
799 343
51 343
51 799
51 799
1 51
799 1
799 51
1 799
636 1
636 51
636 799
798 636
798 636
611 636
611 798
611 798
1 611
798 1
798 611
1 798
778 1
778 798
797 611
797 778
530 797
782 797
796 530
796 778
72 796
438 72
438 782
438 796
795 438
795 438
243 438
243 795
243 795
1 243
795 1
795 243
1 795
431 1
431 243
431 795
794 431
794 431
229 431
229 794
781 794
793 229
793 229
325 781
325 793
684 325
684 793
792 325
792 684
390 684
390 792
390 792
1 390
792 1
792 390
1 792
429 1
429 792
791 390
791 429
255 429
255 791
255 791
1 255
791 1
791 255
1 791
683 1
683 255
683 791
790 683
790 683
158 683
158 790
158 790
1 158
790 1
790 158
1 790
474 1
474 158
474 790
789 474
789 474
30 474
30 789
30 789
1 30
789 1
789 30
1 789
677 789
788 1
788 30
591 677
591 788
591 788
1 591
788 1
788 591
1 788
705 1
705 788
787 591
787 705
54 705
54 787
54 787
1 54
787 1
787 54
1 787
397 1
397 54
397 787
786 397
786 397
614 786
734 786
785 397
785 614
429 734
429 785
612 429
612 429
612 785
784 612
784 612
318 612
318 784
318 784
1 318
784 1
784 318
1 784
546 1
546 318
546 784
783 546
783 546
661 546
661 783
661 783
1 661
783 1
783 661
1 783
769 1
769 783
782 661
782 769
45 782
693 782
781 45
781 693
690 769
690 781
695 690
695 781
780 690
780 695
528 695
528 780
699 528
699 528
699 780
779 699
779 699
505 699
505 779
505 779
1 505
779 1
779 505
1 779
705 1
705 505
705 779
778 705
778 705
38 705
38 778
38 778
1 38
778 1
778 38
1 778
738 1
738 38
738 778
777 738
777 738
665 738
665 777
665 777
1 665
777 1
777 665
1 777
686 1
686 665
686 777
776 686
776 686
128 686
128 776
128 776
1 128
776 1
776 128
1 776
381 776
775 1
775 128
139 381
139 775
746 139
746 139
746 775
774 746
774 746
328 774
368 328
368 774
773 368
773 368
21 746
21 773
21 773
1 21
773 1
773 21
1 773
264 773
772 1
772 21
55 264
55 772
113 55
113 55
113 772
771 113
771 113
274 113
274 771
320 274
320 771
770 274
770 320
447 320
447 770
635 770
769 447
769 447
73 635
73 769
73 769
1 73
769 1
769 73
1 769
205 1
205 769
768 73
768 205
399 205
399 768
498 399
498 768
767 399
767 498
324 498
324 767
324 767
1 324
767 1
767 324
1 767
327 1
327 324
327 767
766 327
766 327
346 327
346 766
346 766
1 346
766 1
766 346
1 766
743 1
743 766
765 346
765 743
171 743
171 765
314 171
314 171
314 765
764 314
764 314
140 764
593 764
763 140
763 314
22 593
22 763
125 22
125 763
762 22
762 125
271 125
271 762
557 271
557 762
761 271
761 557
225 557
225 761
225 761
1 225
761 1
761 225
1 761
740 1
740 225
740 761
760 740
760 740
447 740
447 760
447 760
1 447
760 1
760 447
1 760
596 1
596 447
596 760
759 596
759 596
544 596
544 759
544 759
1 544
759 1
759 544
1 759
729 759
758 1
758 544
470 729
470 758
470 758
1 470
758 1
758 470
1 758
483 1
483 470
483 758
757 483
757 483
507 483
507 757
694 507
694 507
694 757
756 694
756 694
132 694
132 756
542 132
542 756
755 132
755 542
324 755
338 324
338 542
338 755
754 338
754 338
386 338
386 754
386 754
1 386
754 1
754 386
1 754
707 754
753 1
753 386
136 707
136 753
136 753
1 136
753 1
753 136
1 753
247 753
752 1
752 136
422 247
422 752
583 752
751 422
751 422
255 751
619 255
619 583
619 751
750 619
750 619
377 750
390 377
390 619
390 750
749 390
749 390
40 749
581 40
581 390
581 749
748 581
748 581
566 748
686 566
686 748
747 581
747 686
270 686
270 747
270 747
1 270
747 1
747 270
1 747
557 1
557 747
746 270
746 557
503 746
511 746
745 503
745 511
476 557
476 745
605 476
605 745
744 476
744 605
474 744
692 474
692 744
743 605
743 692
112 692
112 743
112 743
1 112
743 1
743 112
1 743
568 1
568 112
568 743
742 568
742 568
15 568
15 742
15 742
1 15
742 1
742 15
1 742
89 1
89 742
741 15
741 89
144 89
144 741
144 741
1 144
741 1
741 144
1 741
327 741
740 1
740 144
40 740
360 740
739 40
739 327
105 739
262 105
262 739
738 262
738 262
495 738
639 738
737 360
737 495
285 639
285 737
547 285
547 285
547 737
736 547
736 547
423 547
423 736
540 423
540 736
735 423
735 540
47 540
47 735
47 735
1 47
735 1
735 47
1 735
88 1
88 47
88 735
734 88
734 88
462 734
490 88
490 734
733 462
733 490
80 490
80 733
302 80
302 733
732 80
732 302
210 302
210 732
491 210
491 732
731 210
731 491
168 491
168 731
430 168
430 168
430 731
730 430
730 430
378 430
378 730
378 730
1 378
730 1
730 378
1 730
447 730
729 1
729 378
306 447
306 729
306 729
1 306
729 1
729 306
1 729
607 1
607 729
728 306
728 607
485 607
485 728
485 728
1 485
728 1
728 485
1 728
557 1
557 485
557 728
727 557
727 557
273 557
273 727
364 273
364 273
364 727
726 364
726 364
266 364
266 726
278 266
278 266
278 726
725 278
725 278
350 278
350 725
350 725
1 350
725 1
725 350
1 725
637 1
637 350
637 725
724 637
724 637
51 724
348 51
348 724
723 348
723 348
301 723
677 723
722 301
722 637
11 722
635 722
721 11
721 635
72 677
72 721
72 721
1 72
721 1
721 72
1 721
693 721
720 1
720 72
23 693
23 720
23 720
1 23
720 1
720 23
1 720
171 1
171 23
171 720
719 171
719 171
460 719
578 171
578 460
578 719
718 578
718 578
57 578
57 718
57 718
1 57
718 1
718 57
1 718
341 1
341 718
717 57
717 341
25 341
25 717
650 717
716 25
716 25
342 650
342 716
643 716
715 342
715 342
127 643
127 715
215 715
714 127
714 127
256 215
256 714
256 714
1 256
714 1
714 256
1 714
290 714
713 1
713 256
285 290
285 713
538 285
538 285
538 713
712 538
712 538
383 712
455 383
455 712
711 455
711 455
5 538
5 711
5 711
1 5
711 1
711 5
1 711
633 1
633 5
633 711
710 633
710 633
7 633
7 710
319 7
319 7
319 710
709 319
709 319
91 319
91 709
667 91
667 91
667 709
708 667
708 667
635 667
635 708
683 635
683 708
707 635
707 683
155 683
155 707
155 707
1 155
707 1
707 155
1 707
366 1
366 155
366 707
706 366
706 366
134 366
134 706
134 706
1 134
706 1
706 134
1 706
703 1
703 134
703 706
705 703
705 703
98 705
527 98
527 703
527 705
704 527
704 527
146 527
146 704
146 704
1 146
704 1
704 146
1 704
444 1
444 146
444 704
703 444
703 444
232 703
628 232
628 444
628 703
702 628
702 628
126 628
126 702
126 702
1 126
702 1
702 126
1 702
149 1
149 126
149 702
701 149
701 149
594 149
594 701
594 701
1 594
701 1
701 594
1 701
603 1
603 594
603 701
700 603
700 603
294 603
294 700
627 294
627 294
627 700
699 627
699 627
313 627
313 699
313 699
1 313
699 1
699 313
1 699
468 1
468 699
698 313
698 468
3 468
3 698
3 698
1 3
698 1
698 3
1 698
633 1
633 3
633 698
697 633
697 633
291 697
557 291
557 697
696 557
696 557
164 633
164 696
164 696
1 164
696 1
696 164
1 696
385 1
385 164
385 696
695 385
695 385
278 385
278 695
278 695
1 278
695 1
695 278
1 695
331 1
331 695
694 278
694 331
4 694
530 694
693 4
693 331
104 530
104 693
104 693
1 104
693 1
693 104
1 693
646 1
646 104
646 693
692 646
692 646
304 646
304 692
304 692
1 304
692 1
692 304
1 692
374 1
374 304
374 692
691 374
691 374
296 374
296 691
296 691
1 296
691 1
691 296
1 691
418 1
418 691
690 296
690 418
25 418
25 690
578 25
578 690
689 25
689 578
364 689
494 689
688 364
688 494
96 578
96 688
96 688
1 96
688 1
688 96
1 688
577 1
577 96
577 688
687 577
687 577
89 577
89 687
89 687
1 89
687 1
687 89
1 687
452 1
452 89
452 687
686 452
686 452
37 452
37 686
37 686
1 37
686 1
686 37
1 686
47 1
47 37
47 686
685 47
685 47
234 47
234 685
234 685
1 234
685 1
685 234
1 685
541 1
541 234
541 685
684 541
684 541
160 541
160 684
160 684
1 160
684 1
684 160
1 684
483 684
683 1
683 160
406 483
406 683
430 683
682 406
682 406
201 430
201 682
201 682
1 201
682 1
682 201
1 682
279 1
279 201
279 682
681 279
681 279
117 279
117 681
178 681
680 117
680 117
16 178
16 680
16 680
1 16
680 1
680 16
1 680
264 1
264 680
679 16
679 264
401 679
503 679
678 264
678 401
259 503
259 678
259 678
1 259
678 1
678 259
1 678
440 1
440 259
440 678
677 440
677 440
308 677
461 308
461 677
676 440
676 461
2 461
2 676
2 676
1 2
676 1
676 2
1 676
379 1
379 2
379 676
675 379
675 379
384 379
384 675
384 675
1 384
675 1
675 384
1 675
602 1
602 384
602 675
674 602
674 602
34 674
547 34
547 602
547 674
673 547
673 547
254 547
254 673
635 254
635 673
672 254
672 635
495 635
495 672
670 495
670 672
671 495
671 670
20 670
20 671
20 671
1 20
671 1
671 20
1 671
221 1
221 20
221 671
670 221
670 221
533 221
533 670
533 670
1 533
670 1
670 533
1 670
641 1
641 670
669 533
669 641
218 641
218 669
218 669
1 218
669 1
669 218
1 669
525 1
525 218
525 669
668 525
668 525
138 525
138 668
138 668
1 138
668 1
668 138
1 668
367 1
367 138
367 668
667 367
667 367
329 667
594 329
594 667
666 367
666 594
88 666
94 88
94 594
94 666
665 94
665 94
358 94
358 665
453 358
453 665
664 358
664 453
104 453
104 664
187 664
663 104
663 104
101 187
101 663
101 663
1 101
663 1
663 101
1 663
598 663
662 1
662 101
262 598
262 662
431 262
431 662
661 262
661 431
67 661
102 67
102 661
660 102
660 102
505 431
505 660
640 505
640 505
640 660
659 640
659 640
73 640
73 659
73 659
1 73
659 1
659 73
1 659
449 659
658 1
658 73
157 658
328 157
328 658
657 328
657 328
295 657
374 295
374 657
656 374
656 374
5 449
5 656
584 656
655 5
655 5
342 584
342 655
342 655
1 342
655 1
655 342
1 655
568 1
568 655
654 342
654 568
416 654
455 654
653 416
653 455
24 568
24 653
24 653
1 24
653 1
653 24
1 653
334 1
334 653
652 24
652 334
265 334
265 652
265 652
1 265
652 1
652 265
1 652
534 1
534 265
534 652
651 534
651 534
271 534
271 651
271 651
1 271
651 1
651 271
1 651
641 1
641 271
641 651
650 641
650 641
11 641
11 650
11 650
1 11
650 1
650 11
1 650
17 1
17 11
17 650
649 17
649 17
169 649
543 17
543 649
648 169
648 543
11 543
11 648
11 648
1 11
648 1
648 11
1 648
452 1
452 648
647 11
647 452
394 647
450 647
646 394
646 450
2 452
2 646
2 646
1 2
646 1
646 2
1 646
417 646
645 1
645 2
68 417
68 645
609 68
609 645
644 68
644 609
293 644
343 293
343 644
643 343
643 343
66 643
566 66
566 643
642 566
642 566
6 609
6 642
382 642
641 6
641 6
276 382
276 641
425 276
425 276
425 641
640 425
640 425
107 425
107 640
469 640
639 107
639 107
19 469
19 639
19 639
1 19
639 1
639 19
1 639
62 1
62 19
62 639
638 62
638 62
283 638
327 62
327 283
327 638
637 327
637 327
180 327
180 637
467 637
636 180
636 180
154 467
154 636
154 636
1 154
636 1
636 154
1 636
206 1
206 636
635 154
635 206
2 206
2 635
2 635
1 2
635 1
635 2
1 635
308 635
634 1
634 2
156 308
156 634
156 634
1 156
634 1
634 156
1 634
409 1
409 156
409 634
633 409
633 409
133 409
133 633
380 133
380 633
632 133
632 380
70 380
70 632
70 632
1 70
632 1
632 70
1 632
269 1
269 70
269 632
631 269
631 269
240 269
240 631
240 631
1 240
631 1
631 240
1 631
583 1
583 631
630 240
630 583
117 583
117 630
117 630
1 117
630 1
630 117
1 630
428 1
428 630
629 117
629 428
478 428
478 629
478 629
1 478
629 1
629 478
1 629
558 1
558 629
628 478
628 558
27 558
27 628
27 628
1 27
628 1
628 27
1 628
521 1
521 628
627 27
627 521
37 521
37 627
214 37
214 627
626 37
626 214
181 214
181 626
181 626
1 181
626 1
626 181
1 626
187 1
187 626
625 181
625 187
251 187
251 625
251 625
1 251
625 1
625 251
1 625
555 1
555 251
555 625
624 555
624 555
425 555
425 624
611 425
611 624
623 425
623 611
25 611
25 623
71 25
71 623
622 25
622 71
67 622
495 67
495 622
621 71
621 495
148 621
384 148
384 621
620 384
620 384
438 495
438 620
538 438
538 438
538 620
619 538
619 538
24 619
24 619
618 24
618 24
92 538
92 618
92 618
1 92
618 1
618 92
1 618
325 618
617 1
617 92
132 617
345 132
345 325
345 617
616 345
616 345
421 345
421 616
433 421
433 616
615 421
615 433
251 615
443 615
614 251
614 433
401 443
401 614
605 401
605 614
613 401
613 605
430 605
430 613
453 613
612 430
612 430
126 612
442 612
611 126
611 442
76 453
76 611
79 76
79 76
79 611
610 79
610 79
131 79
131 610
131 610
1 131
610 1
610 131
1 610
185 1
185 610
609 131
609 185
556 185
556 609
587 556
587 609
608 556
608 587
521 587
521 608
560 521
560 521
560 608
607 560
607 560
330 607
491 330
491 560
491 607
606 491
606 491
115 491
115 606
115 606
1 115
606 1
606 115
1 606
117 1
117 115
117 606
605 117
605 117
294 117
294 605
294 605
1 294
605 1
605 294
1 605
565 1
565 294
565 605
604 565
604 565
493 565
493 604
594 493
594 604
603 493
603 594
166 594
166 603
294 603
602 166
602 166
454 602
569 602
601 294
601 454
361 569
361 601
563 361
563 361
563 601
600 563
600 563
432 563
432 600
432 600
1 432
600 1
600 432
1 600
529 1
529 432
529 600
599 529
599 529
381 529
381 599
381 599
1 381
599 1
599 381
1 599
596 1
596 599
598 381
598 596
326 596
326 598
442 326
442 598
597 326
597 442
215 442
215 597
593 215
593 597
596 215
596 593
400 593
400 596
400 596
1 400
596 1
596 400
1 596
405 1
405 400
405 596
595 405
595 405
248 405
248 595
248 595
1 248
595 1
595 248
1 595
579 1
579 595
594 248
594 579
139 579
139 594
246 139
246 594
593 139
593 246
384 593
590 246
590 384
590 593
592 590
592 590
43 590
43 592
43 592
1 43
592 1
592 43
1 592
148 1
148 592
591 43
591 148
479 148
479 591
493 479
493 591
590 479
590 493
56 493
56 590
56 590
1 56
590 1
590 56
1 590
79 1
79 56
79 590
589 79
589 79
38 589
226 38
226 79
226 589
588 226
588 226
161 226
161 588
161 588
1 161
588 1
588 161
1 588
208 1
208 161
208 588
587 208
587 208
325 208
325 587
452 587
586 325
586 325
10 586
462 586
585 10
585 452
430 462
430 585
430 585
1 430
585 1
585 430
1 585
542 1
542 430
542 585
584 542
584 542
378 542
378 584
544 378
544 378
544 584
583 544
583 544
312 583
459 312
459 544
459 583
582 459
582 459
268 459
268 582
268 582
1 268
582 1
582 268
1 582
562 1
562 582
581 268
581 562
105 581
132 105
132 581
580 132
580 132
171 562
171 580
380 171
380 580
579 171
579 380
19 380
19 579
19 579
1 19
579 1
579 19
1 579
72 1
72 579
578 19
578 72
158 72
158 578
304 578
577 158
577 158
47 304
47 577
47 577
1 47
577 1
577 47
1 577
418 1
418 577
576 47
576 418
166 418
166 576
207 166
207 576
575 166
575 207
476 207
476 575
476 575
1 476
575 1
575 476
1 575
492 1
492 476
492 575
574 492
574 492
175 574
470 574
573 175
573 470
250 492
250 573
360 250
360 250
360 573
572 360
572 360
151 360
151 572
524 151
524 151
524 572
571 524
571 524
57 524
57 571
308 57
308 57
308 571
570 308
570 308
49 308
49 570
49 570
1 49
570 1
570 49
1 570
222 570
569 1
569 49
167 222
167 569
167 569
1 167
569 1
569 167
1 569
384 569
568 1
568 167
115 384
115 568
115 568
1 115
568 1
568 115
1 568
431 1
431 115
431 568
567 431
567 431
125 431
125 567
125 567
1 125
567 1
567 125
1 567
410 1
410 125
410 567
566 410
566 410
166 410
166 566
166 566
1 166
566 1
566 166
1 566
272 1
272 566
565 166
565 272
363 272
363 565
363 565
1 363
565 1
565 363
1 565
542 565
564 1
564 363
81 542
81 564
81 564
1 81
564 1
564 81
1 564
218 1
218 564
563 81
563 218
58 218
58 563
338 563
562 58
562 58
284 562
361 284
361 562
561 338
561 361
182 561
440 182
440 561
560 361
560 440
310 440
310 560
310 560
1 310
560 1
560 310
1 560
355 1
355 560
559 310
559 355
165 355
165 559
165 559
1 165
559 1
559 165
1 559
475 1
475 559
558 165
558 475
208 475
208 558
208 558
1 208
558 1
558 208
1 558
244 1
244 558
557 208
557 244
1 244
1 557
165 1
165 1
165 557
556 165
556 165
344 165
344 556
344 556
1 344
556 1
556 344
1 556
352 1
352 344
352 556
555 352
555 352
34 555
377 555
554 34
554 352
241 377
241 554
241 554
1 241
554 1
554 241
1 554
336 1
336 554
553 241
553 336
97 336
97 553
276 97
276 97
276 553
552 276
552 276
3 552
39 3
39 276
39 552
551 39
551 39
91 39
91 551
284 551
550 91
550 91
83 284
83 550
83 550
1 83
550 1
550 83
1 550
331 1
331 83
331 550
549 331
549 331
151 549
167 151
167 331
167 549
548 167
548 167
260 167
260 548
537 260
537 260
537 548
547 537
547 537
298 537
298 547
298 547
1 298
547 1
547 298
1 547
528 547
546 1
546 298
190 528
190 546
339 190
339 546
545 190
545 339
56 339
56 545
56 545
1 56
545 1
545 56
1 545
156 1
156 545
544 56
544 156
424 156
424 544
450 424
450 424
450 544
543 450
543 450
111 450
111 543
111 543
1 111
543 1
543 111
1 543
513 1
513 111
513 543
542 513
542 513
39 513
39 542
144 39
144 542
541 39
541 144
364 541
423 541
540 144
540 364
43 423
43 540
182 540
539 43
539 43
173 182
173 539
173 539
1 173
539 1
539 173
1 539
245 1
245 173
245 539
538 245
538 245
193 245
193 538
193 538
1 193
538 1
538 193
1 538
241 1
241 193
241 538
537 241
537 241
280 241
280 537
280 537
1 280
537 1
537 280
1 537
516 537
536 1
536 280
146 516
146 536
146 536
1 146
536 1
536 146
1 536
282 1
282 146
282 536
535 282
535 282
243 282
243 535
268 243
268 243
268 535
534 268
534 268
479 534
493 534
533 268
533 479
344 493
344 533
364 344
364 344
364 533
532 364
532 364
176 364
176 532
176 532
1 176
532 1
532 176
1 532
184 1
184 176
184 532
531 184
531 184
254 184
254 531
254 531
1 254
531 1
531 254
1 531
419 1
419 254
419 531
530 419
530 419
8 419
8 530
8 530
1 8
530 1
530 8
1 530
334 1
334 8
334 530
529 334
529 334
117 334
117 529
117 529
1 117
529 1
529 117
1 529
390 1
390 117
390 529
528 390
528 390
103 390
103 528
126 103
126 528
527 103
527 126
45 527
148 45
148 527
526 126
526 148
43 148
43 526
369 43
369 43
369 526
525 369
525 369
466 369
466 525
501 466
501 466
501 525
524 501
524 501
148 501
148 524
148 524
1 148
524 1
524 148
1 524
487 1
487 148
487 524
523 487
523 487
154 487
154 523
307 523
522 154
522 154
129 307
129 522
457 129
457 522
521 129
521 457
42 457
42 521
42 521
1 42
521 1
521 42
1 521
433 1
433 42
433 521
520 433
520 433
52 433
52 520
294 520
519 52
519 52
203 294
203 519
203 519
1 203
519 1
519 203
1 519
444 1
444 203
444 519
518 444
518 444
90 444
90 518
367 518
517 90
517 90
5 517
34 5
34 517
516 34
516 34
228 367
228 516
347 228
347 228
347 516
515 347
515 347
243 347
243 515
243 515
1 243
515 1
515 243
1 515
375 515
514 1
514 243
380 514
424 375
424 514
513 380
513 424
32 424
32 513
32 513
1 32
513 1
513 32
1 513
271 513
512 1
512 32
341 271
341 512
341 512
1 341
512 1
512 341
1 512
453 1
453 341
453 512
511 453
511 453
118 453
118 511
118 511
1 118
511 1
511 118
1 511
361 1
361 118
361 511
510 361
510 361
19 361
19 510
489 510
509 19
509 19
111 489
111 509
412 111
412 509
508 111
508 412
46 508
199 508
507 46
507 199
14 412
14 507
14 507
1 14
507 1
507 14
1 507
115 1
115 507
506 14
506 115
356 115
356 506
356 506
1 356
506 1
506 356
1 506
413 1
413 356
413 506
505 413
505 413
14 413
14 505
14 505
1 14
505 1
505 14
1 505
233 505
504 1
504 14
101 504
491 101
491 504
503 233
503 491
354 491
354 503
362 354
362 354
362 503
502 362
502 362
185 362
185 502
185 502
1 185
502 1
502 185
1 502
307 1
307 185
307 502
501 307
501 307
232 307
232 501
425 232
425 232
425 501
500 425
500 425
372 425
372 500
372 500
1 372
500 1
500 372
1 500
404 1
404 372
404 500
499 404
499 404
208 499
421 208
421 404
421 499
498 421
498 421
160 421
160 498
333 160
333 498
497 160
497 333
289 497
418 289
418 333
418 497
496 418
496 418
52 418
52 496
52 496
1 52
496 1
496 52
1 496
370 1
370 52
370 496
495 370
495 370
362 370
362 495
362 495
1 362
495 1
495 362
1 495
452 1
452 362
452 495
494 452
494 452
51 452
51 494
51 494
1 51
494 1
494 51
1 494
387 1
387 494
493 51
493 387
33 387
33 493
33 493
1 33
493 1
493 33
1 493
218 1
218 493
492 33
492 218
156 492
305 156
305 492
491 218
491 305
115 305
115 491
115 491
1 115
491 1
491 115
1 491
424 491
490 1
490 115
95 424
95 490
95 490
1 95
490 1
490 95
1 490
107 1
107 95
107 490
489 107
489 107
130 107
130 489
130 489
1 130
489 1
489 130
1 489
298 489
488 1
488 130
43 488
437 488
487 43
487 298
83 437
83 487
212 83
212 487
486 83
486 212
316 212
316 486
316 486
1 316
486 1
486 316
1 486
332 1
332 316
332 486
485 332
485 332
298 332
298 485
390 485
484 298
484 298
65 390
65 484
124 484
483 65
483 65
410 124
410 483
455 410
455 483
482 410
482 455
54 455
54 482
54 482
1 54
482 1
482 54
1 482
316 1
316 482
481 54
481 316
325 316
325 481
325 481
1 325
481 1
481 325
1 481
333 1
333 325
333 481
480 333
480 333
46 333
46 480
323 46
323 480
479 46
479 323
125 323
125 479
125 479
1 125
479 1
479 125
1 479
130 1
130 125
130 479
478 130
478 130
192 478
476 478
477 130
477 192
190 476
190 477
190 477
1 190
477 1
477 190
1 477
370 1
370 477
476 190
476 370
141 370
141 476
141 476
1 141
476 1
476 141
1 476
163 476
475 1
475 141
76 163
76 475
76 475
1 76
475 1
475 76
1 475
236 1
236 76
236 475
474 236
474 236
177 474
410 474
473 177
473 236
40 473
436 40
436 473
472 410
472 436
105 436
105 472
387 105
387 105
387 472
471 387
471 387
290 471
433 290
433 471
470 387
470 433
138 433
138 470
138 470
1 138
470 1
470 138
1 470
229 1
229 470
469 138
469 229
42 229
42 469
63 469
468 42
468 42
117 63
117 468
218 117
218 117
218 468
467 218
467 218
200 218
200 467
200 467
1 200
467 1
467 200
1 467
337 1
337 467
466 200
466 337
162 337
162 466
162 466
1 162
466 1
466 162
1 466
239 1
239 466
465 162
465 239
157 465
315 465
464 157
464 239
33 315
33 464
392 33
392 33
392 464
463 392
463 392
99 392
99 463
99 463
1 99
463 1
463 99
1 463
460 1
460 99
460 463
462 460
462 460
1 460
1 462
1 462
2 1
462 2
462 1
2 462
273 1
273 2
273 462
461 273
461 273
128 273
128 461
352 461
460 128
460 128
429 460
442 460
459 352
459 429
266 442
266 459
447 266
447 459
458 266
458 447
47 447
47 458
255 47
255 47
255 458
457 255
457 255
10 255
10 457
10 457
1 10
457 1
457 10
1 457
110 1
110 10
110 457
456 110
456 110
131 110
131 456
313 131
313 456
455 131
455 313
359 313
359 455
412 359
412 455
454 359
454 412
19 412
19 454
19 454
1 19
454 1
454 19
1 454
220 1
220 454
453 19
453 220
192 453
309 192
309 220
309 453
452 309
452 309
49 309
49 452
425 49
425 49
425 452
451 425
451 425
260 425
260 451
324 451
450 260
450 260
349 450
375 324
375 450
449 349
449 375
47 375
47 449
437 47
437 47
437 449
448 437
448 437
65 437
65 448
139 65
139 448
447 65
447 139
170 447
427 447
446 139
446 170
146 446
385 446
445 146
445 385
80 427
80 445
80 445
1 80
445 1
445 80
1 445
198 1
198 445
444 80
444 198
236 198
236 444
291 236
291 444
443 236
443 291
118 291
118 443
124 443
442 118
442 118
204 124
204 442
204 442
1 204
442 1
442 204
1 442
235 1
235 204
235 442
441 235
441 235
301 235
301 441
301 441
1 301
441 1
441 301
1 441
408 1
408 441
440 301
440 408
25 440
390 440
439 25
439 390
261 439
378 439
438 261
438 378
219 408
219 438
343 219
343 219
343 438
437 343
437 343
17 343
17 437
141 437
436 17
436 17
43 141
43 436
387 43
387 43
387 436
435 387
435 387
63 387
63 435
63 435
1 63
435 1
435 63
1 435
354 1
354 63
354 435
434 354
434 354
265 354
265 434
265 434
1 265
434 1
434 265
1 434
398 1
398 434
433 265
433 398
189 433
311 433
432 189
432 311
139 398
139 432
139 432
1 139
432 1
432 139
1 432
359 1
359 139
359 432
431 359
431 359
256 359
256 431
256 431
1 256
431 1
431 256
1 431
259 1
259 256
259 431
430 259
430 259
244 430
273 430
429 244
429 259
172 273
172 429
172 429
1 172
429 1
429 172
1 429
349 1
349 172
349 429
428 349
428 349
211 349
211 428
307 211
307 211
307 428
427 307
427 307
157 307
157 427
157 427
1 157
427 1
427 157
1 427
244 1
244 157
244 427
426 244
426 244
303 426
330 244
330 426
425 303
425 330
300 330
300 425
376 300
376 300
376 425
424 376
424 376
5 376
5 424
5 424
1 5
424 1
424 5
1 424
62 1
62 5
62 424
423 62
423 62
164 423
420 62
420 423
422 164
422 420
267 420
267 422
267 422
1 267
422 1
422 267
1 422
289 1
289 267
289 422
421 289
421 289
10 421
153 10
153 289
153 421
420 153
420 153
74 153
74 420
295 74
295 420
419 74
419 295
50 295
50 419
50 419
1 50
419 1
419 50
1 419
58 419
418 1
418 50
27 418
173 418
417 27
417 58
348 417
370 173
370 348
370 417
416 370
416 370
332 370
332 416
332 416
1 332
416 1
416 332
1 416
343 416
415 1
415 332
124 343
124 415
351 124
351 124
351 415
414 351
414 351
354 351
354 414
354 414
1 354
414 1
414 354
1 414
373 1
373 414
413 354
413 373
64 413
393 64
393 413
412 373
412 393
5 412
221 5
221 412
411 221
411 221
308 393
308 411
358 308
358 411
410 308
410 358
132 358
132 410
323 132
323 410
409 132
409 323
82 323
82 409
82 409
1 82
409 1
409 82
1 409
389 409
408 1
408 82
55 389
55 408
55 408
1 55
408 1
408 55
1 408
117 1
117 55
117 408
407 117
407 117
206 117
206 407
272 407
406 206
406 206
357 272
357 406
392 357
392 406
405 357
405 392
6 392
6 405
6 405
1 6
405 1
405 6
1 405
90 1
90 6
90 405
404 90
404 90
299 90
299 404
299 404
1 299
404 1
404 299
1 404
326 1
326 404
403 299
403 326
144 403
256 144
256 403
402 256
402 256
298 326
298 402
298 402
1 298
402 1
402 298
1 402
300 1
300 402
401 298
401 300
173 300
173 401
226 173
226 401
400 173
400 226
210 400
218 400
399 210
399 218
67 399
246 67
246 226
246 399
398 246
398 246
62 246
62 398
397 62
397 62
397 398
1 397
41 1
41 397
41 397
1 41
397 1
397 41
1 397
66 1
66 41
66 397
396 66
396 66
26 66
26 396
26 396
1 26
396 1
396 26
1 396
306 1
306 396
395 26
395 306
77 306
77 395
344 77
344 77
344 395
394 344
394 344
25 344
25 394
25 394
1 25
394 1
394 25
1 394
339 1
339 25
339 394
393 339
393 339
10 339
10 393
10 393
1 10
393 1
393 10
1 393
392 1
392 393
35 10
35 392
175 392
391 35
391 35
153 175
153 391
153 391
1 153
391 1
391 153
1 391
365 391
390 1
390 153
88 390
159 390
389 88
389 159
266 365
266 389
266 389
1 266
389 1
389 266
1 389
300 1
300 266
300 389
388 300
388 300
211 300
211 388
211 388
1 211
388 1
388 211
1 388
285 1
285 211
285 388
387 285
387 285
204 285
204 387
372 204
372 204
372 387
386 372
386 372
45 386
270 45
270 372
270 386
385 270
385 270
73 270
73 385
256 73
256 385
384 73
384 256
95 256
95 384
95 384
1 95
384 1
384 95
1 384
259 1
259 95
259 384
383 259
383 259
137 383
192 383
382 137
382 192
123 382
378 123
378 259
378 382
381 378
381 378
301 378
301 381
301 381
1 301
381 1
381 301
1 381
328 381
380 1
380 301
229 328
229 380
229 380
1 229
380 1
380 229
1 380
248 380
379 1
379 229
55 248
55 379
91 55
91 55
91 379
378 91
378 91
8 91
8 378
197 8
197 8
197 378
377 197
377 197
91 197
91 377
321 91
321 377
376 91
376 321
63 321
63 376
234 63
234 63
234 376
375 234
375 234
90 234
90 375
331 375
374 90
374 90
19 331
19 374
245 374
373 19
373 19
177 245
177 373
177 373
1 177
373 1
373 177
1 373
330 1
330 177
330 373
372 330
372 330
20 372
342 20
342 372
371 330
371 342
275 371
305 371
370 275
370 305
70 370
104 70
104 370
369 104
369 104
80 369
319 80
319 342
319 369
368 319
368 319
102 368
265 368
367 102
367 265
4 367
172 367
366 4
366 172
74 366
203 366
365 74
365 203
134 365
151 365
364 134
364 151
99 319
99 364
110 364
363 99
363 99
80 110
80 363
80 363
1 80
363 1
363 80
1 363
316 1
316 80
316 363
362 316
362 316
14 362
40 362
361 14
361 40
137 316
137 361
305 137
305 361
360 137
360 305
50 305
50 360
50 360
1 50
360 1
360 50
1 360
282 1
282 50
282 360
359 282
359 282
196 359
197 196
197 282
197 359
358 197
358 197
137 197
137 358
223 137
223 358
357 137
357 223
59 357
152 357
356 59
356 152
135 223
135 356
298 135
298 135
298 356
355 298
355 298
159 298
159 355
159 355
1 159
355 1
355 159
1 355
245 1
245 355
354 159
354 245
33 245
33 354
304 354
353 33
353 33
10 304
10 353
10 353
1 10
353 1
353 10
1 353
22 1
22 353
352 10
352 22
14 22
14 352
14 352
1 14
352 1
352 14
1 352
85 1
85 352
351 14
351 85
35 351
238 351
350 35
350 85
17 238
17 350
17 350
1 17
350 1
350 17
1 350
349 350
349 1
84 17
84 349
158 84
158 349
348 84
348 158
62 348
251 62
251 158
251 348
347 251
347 251
67 251
67 347
67 347
1 67
347 1
347 67
1 347
253 347
346 1
346 67
220 253
220 346
220 346
1 220
346 1
346 220
1 346
234 346
345 1
345 220
154 234
154 345
335 345
344 154
344 154
39 335
39 344
184 344
343 39
343 39
201 343
210 343
342 184
342 201
240 210
240 342
323 342
341 240
341 240
50 323
50 341
50 341
1 50
341 1
341 50
1 341
102 1
102 50
102 341
340 102
340 102
292 102
292 340
292 340
1 292
340 1
340 292
1 340
297 1
297 292
297 340
339 297
339 297
39 297
39 339
39 339
1 39
339 1
339 39
1 339
135 339
338 1
338 39
72 135
72 338
72 338
1 72
338 1
338 72
1 338
141 1
141 338
337 72
337 141
290 337
291 141
291 337
336 290
336 291
36 291
36 336
36 336
1 36
336 1
336 36
1 336
250 1
250 36
250 336
335 250
335 250
131 250
131 335
142 335
334 131
334 131
41 142
41 334
41 334
1 41
334 1
334 41
1 334
237 1
237 334
333 41
333 237
87 333
138 87
138 333
332 138
332 138
86 237
86 332
111 86
111 86
111 332
331 111
331 111
113 331
194 331
330 111
330 113
71 330
297 71
297 194
297 330
329 297
329 297
70 329
206 70
206 297
206 329
328 206
328 206
38 206
38 328
38 328
1 38
328 1
328 38
1 328
300 328
327 1
327 38
241 327
260 241
260 300
260 327
326 260
326 260
60 260
60 326
60 326
1 60
326 1
326 60
1 326
316 1
316 60
316 326
325 316
325 316
82 325
324 82
324 325
131 316
131 324
269 131
269 131
269 324
323 269
323 269
98 269
98 323
106 98
106 98
106 323
322 106
322 106
41 322
245 41
245 322
321 106
321 245
61 245
61 321
61 321
1 61
321 1
321 61
1 321
273 1
273 321
320 61
320 273
62 273
62 320
62 320
1 62
320 1
320 62
1 320
147 320
319 1
319 62
95 147
95 319
298 95
298 319
318 95
318 298
88 318
302 88
302 298
302 318
317 302
317 302
29 302
29 317
29 317
1 29
317 1
317 29
1 317
301 317
316 1
316 29
201 301
201 316
201 316
1 201
316 1
316 201
1 316
203 1
203 316
315 201
315 203
71 203
71 315
71 315
1 71
315 1
315 71
1 315
287 1
287 71
287 315
314 287
314 287
104 314
138 104
138 287
138 314
313 138
313 138
208 138
208 313
208 313
1 208
313 1
313 208
1 313
300 1
300 208
300 313
312 300
312 300
298 312
308 298
308 300
308 312
311 308
311 308
253 311
309 311
310 253
310 308
18 309
18 310
18 310
1 18
310 1
310 18
1 310
82 310
309 1
309 18
16 82
16 309
209 16
209 16
209 309
308 209
308 209
36 209
36 308
301 36
301 308
307 36
307 301
35 301
35 307
39 35
39 35
39 307
306 39
306 39
192 39
192 306
215 192
215 192
215 306
305 215
305 215
80 305
151 80
151 305
304 151
304 151
139 304
205 139
205 215
205 304
303 205
303 205
181 205
181 303
181 303
1 181
303 1
303 181
1 303
270 1
270 181
270 303
302 270
302 270
44 270
44 302
44 302
1 44
302 1
302 44
1 302
83 1
83 44
83 302
301 83
301 83
83 301
168 83
168 83
168 301
300 168
300 168
79 300
276 300
299 79
299 168
11 276
11 299
11 299
1 11
299 1
299 11
1 299
273 1
273 11
273 299
298 273
298 273
136 273
136 298
137 136
137 136
137 298
297 137
297 137
210 137
210 297
210 297
1 210
297 1
297 210
1 297
287 1
287 297
296 210
296 287
11 287
11 296
41 11
41 11
41 296
295 41
295 41
218 295
252 41
252 218
252 295
294 252
294 252
66 294
289 66
289 294
293 252
293 289
46 289
46 293
46 293
1 46
293 1
293 46
1 293
267 293
292 1
292 46
106 267
106 292
106 292
1 106
292 1
292 106
1 292
191 1
191 106
191 292
291 191
291 191
165 191
165 291
264 165
264 165
264 291
290 264
290 264
24 290
159 24
159 264
159 290
289 159
289 159
8 159
8 289
8 289
1 8
289 1
289 8
1 289
151 1
151 8
151 289
288 151
288 151
75 151
75 288
278 288
287 75
287 75
181 278
181 287
190 181
190 181
190 287
286 190
286 190
210 190
210 286
210 286
1 210
286 1
286 210
1 286
231 1
231 210
231 286
285 231
285 231
106 231
106 285
106 285
1 106
285 1
285 106
1 285
213 1
213 285
284 106
284 213
50 213
50 284
200 50
200 50
200 284
283 200
283 200
16 283
173 283
282 16
282 173
64 282
237 64
237 200
237 282
281 237
281 237
140 237
140 281
140 281
1 140
281 1
281 140
1 281
169 1
169 140
169 281
280 169
280 169
138 280
156 138
156 169
156 280
279 156
279 156
259 156
259 279
259 279
1 259
279 1
279 259
1 279
278 1
278 259
278 279
1 278
166 1
166 278
226 166
226 166
226 278
277 226
277 226
267 226
267 277
274 277
276 267
276 267
3 274
3 276
233 3
233 276
275 3
275 233
12 233
12 275
12 275
1 12
275 1
275 12
1 275
110 275
274 1
274 12
161 110
161 274
170 161
170 161
170 274
273 170
273 170
83 170
83 273
144 83
144 83
144 273
272 144
272 144
196 144
196 272
196 272
1 196
272 1
272 196
1 272
236 272
271 1
271 196
68 271
260 68
260 236
260 271
270 260
270 260
132 260
132 270
254 270
269 132
269 132
169 254
169 269
243 269
268 169
268 169
75 243
75 268
75 268
1 75
268 1
268 75
1 268
248 1
248 75
248 268
267 248
267 248
34 248
34 267
144 34
144 34
144 267
266 144
266 144
6 144
6 266
6 266
1 6
266 1
266 6
1 266
232 1
232 6
232 266
265 232
265 232
19 232
19 265
30 265
264 19
264 19
106 264
256 264
263 30
263 106
86 256
86 263
86 263
1 86
263 1
263 86
1 263
212 1
212 263
262 86
262 212
107 212
107 262
214 107
214 107
214 262
261 214
261 214
124 214
124 261
124 261
1 124
261 1
261 124
1 261
188 1
188 261
260 124
260 188
70 188
70 260
70 260
1 70
260 1
260 70
1 260
136 1
136 260
259 70
259 136
56 136
56 259
56 259
1 56
259 1
259 56
1 259
237 259
258 1
258 56
174 237
174 258
174 258
1 174
258 1
258 174
1 258
179 1
179 174
179 258
257 179
257 179
121 179
121 257
121 257
1 121
257 1
257 121
1 257
135 257
256 1
256 121
214 135
214 256
233 214
233 256
255 214
255 233
12 233
12 255
20 255
254 12
254 12
1 20
1 254
116 254
253 1
253 1
3 253
41 3
41 253
252 41
252 41
145 252
235 116
235 145
235 252
251 235
251 235
25 235
25 251
216 25
216 251
250 25
250 216
32 216
32 250
221 250
249 32
249 32
145 221
145 249
145 249
1 145
249 1
249 145
1 249
167 249
248 1
248 145
31 248
182 248
247 31
247 167
7 182
7 247
155 247
246 7
246 7
73 155
73 246
195 73
195 246
245 73
245 195
56 245
196 245
244 56
244 195
1 196
1 244
42 1
42 1
42 244
243 42
243 42
37 42
37 243
37 243
1 37
243 1
243 37
1 243
152 1
152 37
152 243
242 152
242 152
101 152
101 242
101 242
1 101
242 1
242 101
1 242
158 1
158 101
158 242
241 158
241 158
162 241
163 241
240 158
240 162
38 240
120 38
120 163
120 240
239 120
239 120
70 120
70 239
114 70
114 70
114 239
238 114
238 114
19 238
212 238
237 19
237 114
25 212
25 237
150 237
236 25
236 25
181 150
181 236
226 236
235 181
235 181
70 226
70 235
70 235
1 70
235 1
235 70
1 235
176 1
176 70
176 235
234 176
234 176
91 176
91 234
100 91
100 234
233 91
233 100
168 233
188 100
188 168
188 233
232 188
232 188
122 188
122 232
154 122
154 122
154 232
231 154
231 154
25 154
25 231
25 231
1 25
231 1
231 25
1 231
141 1
141 25
141 231
230 141
230 141
18 141
18 230
79 230
229 18
229 18
175 79
175 229
175 229
1 175
229 1
229 175
1 229
177 1
177 229
228 175
228 177
79 228
192 228
227 79
227 177
35 227
73 227
226 35
226 73
79 226
142 79
142 226
225 142
225 142
3 192
3 225
9 3
9 225
224 3
224 9
145 9
145 224
199 145
199 224
223 145
223 199
75 223
178 75
178 199
178 223
222 178
222 178
30 222
36 222
221 30
221 36
12 221
63 12
63 178
63 221
220 63
220 63
9 63
9 220
22 9
22 220
219 9
219 22
83 22
83 219
83 219
1 83
219 1
219 83
1 219
182 1
182 219
218 83
218 182
58 182
58 218
67 218
217 58
217 58
46 67
46 217
46 217
1 46
217 1
217 46
1 217
182 1
182 217
216 46
216 182
207 182
207 216
207 216
1 207
216 1
216 207
1 216
214 1
214 207
214 216
215 214
215 214
31 214
31 215
31 215
1 31
215 1
215 31
1 215
51 1
51 215
214 31
214 51
28 214
40 28
40 214
213 40
213 40
8 51
8 213
11 8
11 8
11 213
212 11
212 11
126 11
126 212
200 212
211 126
211 126
158 211
177 158
177 200
177 211
210 177
210 177
46 177
46 210
46 210
1 46
210 1
210 46
1 210
53 210
209 1
209 46
59 53
59 209
115 209
208 59
208 59
89 115
89 208
89 208
1 89
208 1
208 89
1 208
128 1
128 89
128 208
207 128
207 128
63 128
63 207
63 207
1 63
207 1
207 63
1 207
203 1
203 207
206 63
206 203
98 203
98 206
98 206
1 98
206 1
206 98
1 206
156 1
156 98
156 206
205 156
205 156
47 205
148 47
148 205
204 148
204 148
67 204
197 67
197 204
203 156
203 197
175 203
182 175
182 203
202 182
202 182
77 202
144 77
144 197
144 202
201 144
201 144
36 144
36 201
46 201
200 36
200 36
3 46
3 200
165 200
199 3
199 3
84 165
84 199
84 199
1 84
199 1
199 84
1 199
105 1
105 84
105 199
198 105
198 105
49 198
116 49
116 105
116 198
197 116
197 116
74 197
181 197
196 74
196 116
62 196
69 62
69 181
69 196
195 69
195 69
74 69
74 195
113 74
113 195
194 74
194 113
31 113
31 194
46 31
46 31
46 194
193 46
193 46
10 46
10 193
117 193
192 10
192 10
104 117
104 192
189 104
189 104
189 192
191 189
191 189
82 189
82 191
82 191
1 82
191 1
191 82
1 191
165 191
190 1
190 82
81 190
178 81
178 190
189 165
189 178
6 189
68 189
188 6
188 68
114 188
133 114
133 188
187 133
187 133
18 178
18 187
126 187
186 18
186 18
42 186
171 186
185 42
185 126
122 171
122 185
122 185
1 122
185 1
185 122
1 185
134 1
134 122
134 185
184 134
184 134
25 184
117 25
117 134
117 184
183 117
183 117
76 183
120 76
120 117
120 183
182 120
182 120
4 120
4 182
4 182
1 4
182 1
182 4
1 182
21 182
181 1
181 4
11 21
11 181
27 11
27 181
180 11
180 27
43 27
43 180
129 43
129 180
179 43
179 129
47 179
152 47
152 179
178 129
178 152
36 152
36 178
64 178
177 36
177 36
66 64
66 177
169 177
176 66
176 66
50 176
112 176
175 50
175 112
11 175
118 175
174 11
174 118
6 169
6 174
107 6
107 174
173 6
173 107
14 173
104 14
104 173
172 104
172 104
86 172
137 86
137 107
137 172
171 137
171 137
111 137
111 171
120 171
170 111
170 111
84 170
116 170
169 84
169 116
101 120
101 169
122 101
122 169
168 101
168 122
54 122
54 168
75 54
75 168
167 54
167 75
50 75
50 167
106 167
166 50
166 50
124 166
134 166
165 106
165 124
33 134
33 165
33 165
1 33
165 1
165 33
1 165
40 165
164 1
164 33
77 164
106 164
163 40
163 77
40 106
40 163
71 40
71 163
162 40
162 71
10 71
10 162
71 10
71 162
161 10
161 71
49 161
55 161
160 49
160 55
108 160
144 160
159 71
159 108
68 144
68 159
68 159
1 68
159 1
159 68
1 159
148 1
148 159
158 68
158 148
100 148
100 158
121 100
121 100
121 158
157 121
157 121
10 121
10 157
10 157
1 10
157 1
157 10
1 157
88 1
88 157
156 10
156 88
36 88
36 156
36 156
1 36
156 1
156 36
1 156
73 1
73 156
155 36
155 73
69 73
69 155
137 69
137 155
154 69
154 137
93 154
138 93
138 137
138 154
153 138
153 138
120 138
120 153
128 120
128 120
128 153
152 128
152 128
124 152
136 124
136 128
136 152
151 136
151 136
66 136
66 151
66 151
1 66
151 1
151 66
1 151
145 1
145 66
145 151
150 145
150 145
110 145
110 150
110 150
1 110
150 1
150 110
1 150
149 1
149 110
149 150
1 149
33 1
33 149
36 33
36 33
36 149
148 36
148 36
86 36
86 148
125 86
125 148
147 86
147 125
33 125
33 147
33 147
1 33
147 1
147 33
1 147
82 1
82 33
82 147
146 82
146 82
26 82
26 146
26 146
1 26
146 1
146 26
1 146
91 1
91 146
145 26
145 91
86 145
134 86
134 91
134 145
144 134
144 134
76 134
76 144
76 144
1 76
144 1
144 76
1 144
108 144
143 1
143 76
45 108
45 143
45 143
1 45
143 1
143 45
1 143
71 1
71 143
142 45
142 71
73 71
73 142
73 142
1 73
142 1
142 73
1 142
91 1
91 73
91 142
141 91
141 91
54 141
69 54
69 91
69 141
140 69
140 69
35 69
35 140
35 140
1 35
140 1
140 35
1 140
42 1
42 35
42 140
139 42
139 42
26 139
58 139
138 26
138 42
53 58
53 138
53 138
1 53
138 1
138 53
1 138
97 1
97 53
97 138
137 97
137 97
20 137
114 137
136 20
136 97
50 136
130 50
130 136
135 114
135 130
4 130
4 135
4 135
1 4
135 1
135 4
1 135
36 1
36 4
36 135
134 36
134 36
2 36
2 134
13 2
13 2
13 134
133 13
133 13
109 133
115 13
115 133
132 109
132 115
85 132
121 132
131 85
131 115
98 121
98 131
98 131
1 98
131 1
131 98
1 131
118 1
118 98
118 131
130 118
130 118
31 118
31 130
51 130
129 31
129 31
33 129
55 33
55 129
128 51
128 55
12 128
87 128
127 12
127 55
36 87
36 127
81 127
126 36
126 36
3 126
45 3
45 81
45 126
125 45
125 45
98 125
101 125
124 45
124 98
55 101
55 124
66 124
123 55
123 55
64 66
64 123
64 123
1 64
123 1
123 64
1 123
70 1
70 64
70 123
122 70
122 70
49 122
86 49
86 70
86 122
121 86
121 86
56 121
92 121
120 56
120 86
26 92
26 120
34 26
34 26
34 120
119 34
119 34
7 34
7 119
31 119
118 7
118 7
21 31
21 118
114 118
117 21
117 21
68 117
70 68
70 114
70 117
116 70
116 70
15 116
15 70
15 116
115 15
115 15
85 15
85 115
103 115
114 85
114 85
13 114
36 13
36 114
113 36
113 36
36 113
83 113
112 36
112 83
65 103
65 112
88 65
88 65
88 112
111 88
111 88
32 111
98 32
98 111
110 88
110 98
16 98
16 110
16 110
1 16
110 1
110 16
1 110
94 110
109 1
109 16
8 94
8 109
58 109
108 8
108 8
27 108
46 108
107 27
107 46
1 58
1 107
87 1
87 1
87 107
106 87
106 87
7 87
7 106
7 106
1 7
106 1
106 7
1 106
99 1
99 7
99 106
105 99
105 99
92 105
97 92
97 99
97 105
104 97
104 97
37 104
95 37
95 104
103 95
103 95
3 103
25 103
102 3
102 25
19 102
57 102
101 19
101 57
51 97
51 101
64 51
64 51
64 101
100 64
100 64
9 64
9 100
9 100
1 9
100 1
100 9
1 100
26 100
99 1
99 9
35 99
44 26
44 35
44 99
98 44
98 44
3 44
3 98
3 98
1 3
98 1
98 3
1 98
72 1
72 98
97 3
97 72
46 97
90 46
90 72
90 97
96 90
96 90
5 96
28 96
95 5
95 28
22 90
22 95
22 95
1 22
95 1
95 22
1 95
25 95
94 1
94 22
15 25
15 94
42 15
42 15
42 94
93 42
93 42
23 42
23 93
73 23
73 93
92 23
92 73
38 73
38 92
86 38
86 92
91 38
91 86
33 86
33 91
33 91
1 33
91 1
91 33
1 91
54 1
54 91
90 33
90 54
17 90
27 17
27 90
89 27
89 27
61 89
61 54
61 89
88 61
88 61
8 61
8 88
8 88
1 8
88 1
88 8
1 88
72 88
87 1
87 8
64 72
64 87
66 87
86 64
86 64
32 86
47 32
47 86
85 47
85 47
28 66
28 85
28 85
1 28
85 1
85 28
1 85
48 1
48 28
48 85
84 48
84 48
59 48
59 84
59 84
1 59
84 1
84 59
1 84
71 1
71 84
83 59
83 71
23 83
46 83
82 23
82 46
18 71
18 82
31 18
31 18
31 82
81 31
81 31
46 31
46 81
72 46
72 46
72 81
80 72
80 72
17 80
54 17
54 72
54 80
79 54
79 54
16 54
16 79
16 79
1 16
79 1
79 16
1 79
27 1
27 16
27 79
78 27
78 27
2 78
45 2
45 27
45 78
77 45
77 45
10 45
10 77
36 10
36 10
36 77
76 36
76 36
10 36
10 76
45 76
75 10
75 10
5 45
5 75
10 5
10 75
74 5
74 10
42 74
69 74
73 10
73 42
2 73
43 2
43 69
43 73
72 43
72 43
38 43
38 72
38 72
1 38
72 1
72 38
1 72
45 1
45 72
71 38
71 45
17 45
17 71
17 71
1 17
71 1
71 17
1 71
67 71
70 1
70 17
38 67
38 70
44 70
69 38
69 38
10 44
10 69
28 10
28 10
28 69
68 28
68 28
50 28
50 68
50 68
1 50
68 1
68 50
1 68
56 1
56 68
67 50
67 56
19 67
33 19
33 56
33 67
66 33
66 33
40 33
40 66
55 40
55 40
55 66
65 55
65 55
7 65
45 65
64 7
64 45
34 55
34 64
34 64
1 34
64 1
64 34
1 64
44 1
44 34
44 64
63 44
63 44
10 44
10 63
51 63
62 10
62 10
11 62
61 62
61 11
3 61
43 3
43 51
43 61
60 43
60 43
26 60
53 60
59 26
59 43
13 53
13 59
13 59
1 13
59 1
59 13
1 59
24 59
58 1
58 13
16 24
16 58
16 58
1 16
58 1
58 16
1 58
29 1
29 58
57 16
57 29
41 57
53 57
56 29
56 41
24 53
24 56
33 24
33 56
55 24
55 33
35 55
37 33
37 55
54 35
54 37
12 54
31 12
31 54
53 31
53 31
6 37
6 53
16 53
52 6
52 6
14 16
14 52
14 52
1 14
52 1
52 14
1 52
27 1
27 14
27 52
51 27
51 27
22 27
22 51
22 51
1 22
51 1
51 22
1 51
43 51
50 1
50 22
6 43
6 50
13 50
49 6
49 6
13 49
13 49
1 13
49 1
49 13
1 49
18 49
48 1
48 13
5 18
5 48
43 5
43 48
47 5
47 43
7 43
7 47
7 47
1 7
47 1
47 7
1 47
40 47
46 1
46 7
7 40
7 46
8 46
45 7
45 7
25 45
44 45
44 8
23 25
23 44
38 23
38 44
43 23
43 38
18 43
22 18
22 38
22 43
42 22
42 22
2 22
2 42
19 2
19 42
41 2
41 19
11 41
26 41
40 11
40 19
6 26
6 40
6 40
1 6
40 1
40 6
1 40
30 1
30 6
30 40
39 30
39 30
17 39
24 17
24 30
24 39
38 24
38 24
14 38
14 38
37 14
37 14
18 24
18 37
36 18
36 18
36 37
1 36
21 1
21 36
21 36
1 21
36 1
36 21
1 36
29 1
29 21
29 36
35 29
35 29
3 35
5 35
34 3
34 5
3 29
3 34
3 34
1 3
34 1
34 3
1 34
31 34
33 1
33 3
4 31
4 33
4 33
1 4
33 1
33 4
1 33
32 1
32 33
14 4
14 32
15 14
15 32
31 14
31 15
8 15
8 31
8 31
1 8
31 1
31 8
1 31
26 1
26 31
30 8
30 26
5 26
5 30
22 5
22 5
22 30
29 22
29 22
19 22
19 29
19 29
1 19
29 1
29 19
1 29
24 29
28 1
28 19
6 28
6 28
27 6
27 6
5 27
25 5
25 24
25 27
26 25
26 25
4 25
4 26
22 4
22 4
22 26
25 22
25 22
10 22
10 25
10 25
1 10
25 1
25 10
1 25
19 1
19 10
19 25
24 19
24 19
13 24
20 13
20 19
20 24
23 20
23 20
2 23
15 2
15 20
15 23
22 15
22 15
11 15
11 22
11 22
1 11
22 1
22 11
1 22
14 22
21 1
21 11
6 14
6 21
7 6
7 6
7 21
20 7
20 7
11 7
11 20
17 11
17 20
19 11
19 17
1 17
1 19
1 19
2 1
19 2
19 1
2 19
17 1
17 2
17 19
18 17
18 17
6 17
6 18
6 18
1 6
18 1
18 6
1 18
13 1
13 6
13 18
17 13
17 13
2 13
2 17
2 17
1 2
17 1
17 2
1 17
9 1
9 2
9 17
16 9
16 9
6 9
6 16
14 6
14 6
14 16
15 14
15 14
11 14
11 15
11 15
1 11
15 1
15 11
1 15
13 15
14 1
14 11
6 14
8 6
8 13
8 14
13 8
13 8
6 8
6 13
9 13
12 6
12 6
6 9
6 12
6 12
1 6
12 1
12 6
1 12
10 1
10 12
11 6
11 10
1 10
1 11
1 11
2 1
11 2
11 1
2 11
5 1
5 2
5 11
10 5
10 5
4 5
4 10
5 4
5 10
9 4
9 5
4 5
4 9
4 9
1 4
9 1
9 4
1 9
5 1
5 4
5 9
8 5
8 5
3 8
6 8
7 3
7 5
1 6
1 7
6 1
6 7
3 1
3 6
5 3
5 3
5 6
1 5
2 1
2 5
2 5
1 2
5 1
5 2
1 5
4 1
4 2
4 5
1 4
1 4
2 1
2 4
3 1
3 2
1 2
1 3
1 3
2 1
3 2
3 1
2 3
2 1
2 3
1 2
1 2
1 2
