977
19 425 621
8 325 741
159 663 953
203 569 874
32 548 662
516 668 939
395 545 858
100 358 880
246 654 673
163 733 929
514 570 923
113 201 363
325 408 715
68 177 707
373 766 901
219 378 396
514 638 741
561 841 885
127 380 750
61 290 699
237 285 706
66 194 868
30 260 533
418 451 838
505 943 945
275 487 535
481 541 829
133 362 398
289 416 888
73 464 490
392 433 463
440 563 681
371 404 641
487 489 523
554 902 954
209 346 449
477 758 882
212 502 842
479 529 700
162 603 772
25 310 790
31 656 713
251 809 899
53 864 897
360 623 891
77 154 674
110 130 714
133 375 744
44 553 751
579 640 865
131 392 556
164 167 761
420 503 811
22 428 722
126 137 771
192 446 960
205 303 309
743 782 858
101 616 620
129 171 606
106 257 431
127 193 686
65 313 327
128 375 568
257 445 964
138 364 651
246 867 884
102 482 966
47 352 370
21 37 866
58 309 544
236 875 940
216 746 923
104 547 821
321 326 377
69 673 706
341 765 901
408 524 605
673 924 970
417 592 734
96 364 440
95 145 527
64 192 785
86 324 588
133 387 696
353 770 774
302 598 840
110 313 881
233 373 631
516 606 928
20 84 95
749 801 919
260 650 682
62 757 958
173 263 313
268 893 962
420 711 793
42 59 913
182 939 972
444 580 932
434 488 847
651 727 960
243 624 906
143 249 579
86 528 655
59 331 854
173 338 831
671 805 903
310 608 629
163 473 608
252 507 740
52 865 973
137 166 382
37 83 709
142 167 769
356 666 829
204 604 725
103 635 854
374 406 611
526 536 895
244 611 962
53 293 968
128 597 881
123 189 445
144 194 410
122 624 954
161 283 595
253 653 844
145 340 813
278 464 647
429 442 849
297 308 326
629 835 853
45 565 868
385 775 828
572 836 0
71 183 298
1 840 928
23 121 397
240 824 855
622 646 776
527 585 908
360 953 972
254 525 851
50 267 287
98 522 723
352 807 977
172 251 394
122 351 480
317 690 703
511 591 696
40 222 454
473 536 963
500 589 636
46 260 739
141 191 821
120 502 745
155 414 762
471 715 727
16 403 563
94 147 575
447 783 852
337 362 622
34 396 614
79 135 517
118 452 780
320 359 774
42 348 409
240 405 738
227 297 632
30 424 472
134 135 765
55 506 937
71 159 596
259 331 892
232 242 343
28 259 262
235 290 604
797 805 850
389 820 896
105 453 723
203 470 742
441 720 900
232 650 829
92 429 455
718 740 946
72 105 963
81 123 857
355 556 915
195 612 771
613 682 857
355 794 951
513 707 747
433 684 949
665 726 876
63 641 974
358 510 542
190 417 938
86 117 604
245 342 965
112 161 827
472 487 764
426 739 913
67 270 350
210 216 618
438 500 970
376 508 531
94 151 803
378 469 599
407 712 798
88 111 317
180 459 896
416 436 743
644 758 864
125 450 612
376 544 664
20 113 617
78 96 495
470 546 717
299 730 916
61 704 846
791 877 883
235 642 786
267 735 954
11 243 904
215 529 690
431 900 925
136 587 814
124 370 541
72 249 323
284 492 755
633 729 842
621 663 679
114 750 917
67 662 719
69 441 454
218 497 602
647 819 886
37 447 940
214 560 591
474 625 974
462 566 708
15 312 421
120 130 301
55 532 652
509 728 828
415 430 572
56 235 293
610 854 926
125 283 319
115 128 683
393 684 783
329 823 931
116 762 936
17 580 904
104 736 837
244 374 566
797 919 956
13 401 471
174 223 610
123 286 305
644 655 967
353 768 791
108 219 554
43 325 930
57 119 538
29 521 861
347 544 671
21 68 649
298 963 968
36 97 974
63 872 916
19 91 617
227 291 292
113 286 950
711 776 976
521 717 925
119 806 908
112 689 828
5 339 451
240 628 664
460 639 643
567 750 919
640 781 785
88 188 793
284 569 877
58 217 668
326 636 823
29 77 234
226 647 912
409 468 675
484 695 951
77 548 869
139 228 833
393 547 584
551 554 576
484 562 922
273 906 924
152 621 944
57 648 737
269 346 667
483 592 607
74 864 947
295 811 825
593 602 715
176 275 549
92 565 859
303 756 871
349 466 680
241 616 783
466 578 915
10 336 835
345 442 759
424 777 887
58 760 822
70 280 601
289 806 920
150 255 393
147 357 561
75 291 666
106 486 580
184 625 958
59 154 625
26 266 378
367 461 504
129 178 341
26 90 299
722 745 789
438 446 550
28 165 236
64 457 494
70 732 737
247 403 549
100 304 674
763 767 815
209 474 600
162 230 790
90 312 615
505 612 677
484 702 756
185 205 573
412 534 776
292 469 949
107 379 501
258 517 619
435 499 748
587 767 774
151 301 803
134 533 638
170 297 639
189 676 805
107 433 513
410 464 798
319 335 540
596 790 911
41 669 950
620 657 799
425 845 911
361 676 818
248 570 652
103 277 448
335 574 894
218 384 793
91 200 522
272 696 861
46 415 890
1 288 462
288 789 822
552 590 772
164 766 878
343 578 964
93 368 406
28 334 449
295 414 570
359 638 659
648 660 694
486 611 873
465 475 691
8 60 361
124 294 691
158 486 498
463 788 937
680 893 921
12 458 748
34 132 957
306 405 588
261 328 338
88 852 975
57 419 437
198 513 619
861 886 922
404 480 917
200 239 314
323 430 674
333 672 0
275 492 823
22 485 600
7 271 273
166 239 626
87 279 560
506 594 697
694 726 746
47 197 443
93 406 605
38 812 942
657 691 941
411 853 933
2 269 693
141 770 942
144 256 688
559 563 903
413 507 754
41 310 387
334 858 886
189 637 917
344 642 796
421 760 973
234 551 581
116 436 511
14 132 355
181 496 550
29 397 824
132 221 938
39 863 960
532 733 759
165 430 944
120 557 632
111 204 467
134 198 432
399 631 865
15 226 873
156 346 877
31 496 698
271 520 670
319 503 813
772 848 878
437 582 590
202 721 964
530 633 754
13 721 973
269 402 913
67 567 624
158 253 610
98 300 947
417 787 946
65 656 817
89 327 752
645 706 734
437 439 609
576 627 665
615 636 648
233 539 724
185 716 727
730 807 839
264 921 957
442 569 909
163 340 389
432 595 630
51 510 529
182 402 927
653 871 882
19 375 564
182 657 902
404 441 791
81 643 800
447 509 547
245 637 820
276 713 780
656 658 709
9 597 649
354 671 794
528 539 631
10 51 627
155 244 540
69 79 975
3 225 498
195 349 597
186 377 935
366 757 778
154 180 840
367 593 900
280 788 948
9 80 808
445 586 897
333 439 660
70 353 879
282 566 628
590 779 916
278 644 716
173 564 898
27 211 415
3 467 658
371 493 821
328 396 419
18 213 229
164 392 759
234 739 907
33 478 816
181 359 575
93 356 553
731 768 933
92 807 968
335 692 693
400 878 890
148 224 758
41 629 744
6 315 385
157 264 947
507 574 747
380 581 692
103 476 693
185 285 818
252 302 558
193 339 501
585 763 925
587 743 936
489 741 952
208 476 738
426 770 801
27 698 940
31 481 787
340 342 815
220 329 957
169 448 735
78 678 753
552 582 953
348 426 808
49 365 931
156 558 719
100 329 571
116 336 933
232 519 939
149 368 581
43 558 586
312 339 710
460 488 844
223 582 615
423 702 777
55 111 552
6 16 538
114 161 306
168 308 322
252 322 726
456 530 589
191 818 894
199 398 538
188 354 423
223 701 768
448 868 949
64 145 491
108 237 920
479 577 729
711 961 971
474 653 966
115 287 502
107 179 662
379 685 846
130 186 870
79 117 267
318 690 850
38 321 543
281 347 950
277 670 785
96 257 707
139 452 830
140 311 548
144 501 573
52 342 549
320 466 839
214 351 765
303 722 862
591 669 710
248 389 902
14 374 499
3 503 635
508 806 926
268 588 910
229 494 701
24 56 906
383 630 687
230 390 652
347 476 908
51 300 799
475 866 869
168 852 946
23 497 935
60 179 409
94 506 531
215 485 870
99 320 643
196 504 667
251 352 784
99 450 855
109 350 798
56 200 516
89 465 475
450 583 775
178 377 434
537 578 827
156 371 782
277 286 769
12 191 381
109 207 915
208 468 817
139 225 449
142 400 681
187 411 970
318 720 781
179 482 819
211 672 712
231 422 626
238 382 557
160 276 405
594 767 885
287 725 971
496 760 815
661 761 875
5 174 368
54 62 150
82 99 536
74 165 314
201 764 780
309 575 685
422 735 938
115 744 876
105 565 718
228 618 777
44 897 969
186 480 535
204 518 795
153 362 618
21 383 754
32 792 866
141 856 971
577 663 937
131 190 444
170 470 703
102 705 883
127 366 802
224 262 687
36 149 276
668 833 959
311 381 534
363 539 814
482 733 875
143 160 210
2 699 816
495 850 905
118 124 537
514 764 943
36 492 899
43 444 451
627 695 826
177 210 524
412 489 945
220 459 909
584 719 901
305 344 530
80 778 892
224 288 337
773 775 905
39 602 614
434 438 826
249 290 428
4 18 515
87 394 528
84 259 670
1 454 731
78 440 951
149 256 436
61 413 845
213 411 825
369 391 623
523 710 843
12 314 357
8 106 809
24 332 658
13 63 708
804 867 952
219 395 606
49 746 859
112 646 703
17 54 462
16 461 483
114 432 889
4 808 910
233 381 889
268 553 619
146 795 884
242 385 870
551 584 747
295 490 894
143 694 891
315 427 961
457 810 889
34 181 761
274 401 500
159 302 763
175 273 849
228 289 452
109 893 909
122 330 481
45 272 460
98 180 250
148 196 280
45 261 365
46 511 969
834 843 977
84 677 928
255 386 965
32 796 959
266 473 732
423 443 751
146 856 936
283 525 704
534 622 934
75 331 872
205 316 0
83 683 887
30 598 888
512 533 956
76 174 844
33 520 830
307 526 820
170 341 457
119 519 846
91 675 911
152 384 519
176 391 456
48 160 809
399 679 965
712 831 922
592 616 929
564 661 678
110 169 599
221 508 523
188 876 976
212 215 895
655 799 848
11 101 632
515 524 645
373 412 955
52 435 654
490 594 945
225 349 804
121 718 728
254 324 328
388 579 967
230 562 827
171 685 701
54 601 654
397 641 778
572 704 708
183 680 692
90 282 702
308 372 874
315 689 959
9 101 753
456 537 817
89 279 608
11 298 321
97 390 605
194 779 905
7 803 830
265 841 856
247 683 923
26 535 689
478 603 729
216 250 504
327 428 521
291 665 684
137 203 609
237 263 700
175 420 512
121 301 402
253 388 477
4 358 802
212 231 659
148 318 345
365 531 907
136 613 700
48 168 356
773 786 966
150 382 860
238 284 819
172 458 660
22 366 977
196 574 757
73 468 948
155 207 407
17 455 955
198 518 749
461 640 753
370 851 955
15 82 546
202 348 874
571 880 907
231 281 675
131 363 546
832 833 948
294 628 835
254 720 802
18 686 890
53 270 813
108 562 879
416 728 860
351 498 699
296 838 867
241 527 543
532 825 904
279 485 762
369 399 557
42 50 725
50 555 635
158 332 510
118 272 796
177 782 872
306 357 837
626 795 800
713 724 842
44 413 838
102 226 749
5 60 542
394 443 568
239 596 766
206 364 918
296 926 932
146 221 274
6 76 153
646 896 932
241 245 555
162 467 649
40 620 787
688 742 871
24 176 816
187 344 789
25 497 599
755 788 848
10 705 831
258 472 593
169 193 424
265 633 892
14 731 941
509 634 642
425 664 918
317 824 969
183 479 545
255 334 427
520 525 832
386 607 859
589 857 869
220 418 724
49 453 779
66 736 755
126 573 898
379 550 961
601 771 812
471 556 756
398 669 797
71 495 687
294 834 975
207 336 836
199 603 784
201 517 598
157 390 427
152 263 613
184 217 717
157 488 505
323 705 841
72 195 458
74 129 794
40 222 914
304 372 792
418 679 773
250 345 910
85 178 924
66 518 812
469 734 944
282 568 784
262 410 429
211 560 862
95 400 851
39 213 853
256 623 751
617 811 912
197 206 637
20 227 541
561 837 920
600 752 976
661 681 942
25 243 958
333 387 709
338 559 883
214 515 607
499 721 849
76 296 435
247 330 367
645 682 941
361 732 800
217 801 881
140 388 736
33 202 403
236 697 804
316 414 934
175 350 737
491 880 914
494 740 781
261 376 921
266 307 847
151 206 873
171 493 898
87 666 745
305 738 967
322 360 639
65 834 882
577 748 943
35 248 401
125 278 526
786 826 903
68 583 742
38 491 899
446 543 555
167 369 493
208 330 540
332 634 962
697 863 952
395 860 956
453 630 659
585 810 934
242 354 769
27 73 688
2 187 391
218 265 714
47 512 810
136 421 463
140 264 372
676 698 836
135 324 935
75 386 431
270 686 839
35 209 843
35 651 929
23 153 972
300 678 863
576 586 667
85 723 887
222 407 855
7 380 879
542 559 634
716 888 931
246 307 695
190 238 571
455 477 891
48 258 465
274 583 730
281 299 930
384 459 595
192 337 343
199 614 914
138 311 930
62 97 567
126 142 419
138 408 672
285 792 884
752 847 885
172 650 862
483 522 927
229 293 895
316 478 845
166 714 912
104 197 545
147 184 304
117 271 814
85 439 822
81 677 832
292 383 927
83 422 609
80 82 918
