772
365 646 772
113 548 760
359 521 770
354 469 635
142 476 517
252 574 746
19 28 43
114 413 640
29 187 576
502 546 762
554 655 719
39 186 710
166 307 629
98 138 625
283 322 767
304 422 557
479 633 758
228 336 344
126 582 753
92 429 445
152 489 570
344 454 531
352 412 656
243 316 555
134 403 506
206 247 597
130 530 590
335 373 727
16 36 493
218 422 768
701 730 735
117 363 370
75 588 644
150 348 584
107 235 439
167 538 562
408 513 755
232 415 738
139 159 169
34 498 765
300 429 630
299 449 648
117 173 516
376 386 732
247 307 441
330 439 490
297 316 542
376 410 690
1 630 761
54 184 367
140 251 598
73 114 605
399 430 589
137 142 467
216 384 541
72 146 466
153 281 497
95 349 695
274 358 493
436 602 668
174 519 577
111 343 645
155 218 368
93 119 437
334 591 770
73 478 528
464 659 734
245 570 736
25 230 326
84 332 687
20 411 772
120 200 669
260 410 670
149 152 274
255 325 654
256 592 659
111 207 600
25 333 721
50 363 526
46 749 749
344 467 660
300 456 470
369 396 535
259 282 513
49 419 513
102 506 524
1 270 693
180 231 577
122 458 606
212 591 722
116 368 574
96 626 634
374 455 571
2 545 707
216 448 579
32 453 540
424 689 712
125 366 472
151 200 282
477 494 609
26 477 636
233 297 451
366 745 750
247 375 608
373 488 549
402 529 575
48 241 333
238 568 593
81 575 744
166 189 549
156 426 765
9 279 491
406 603 734
55 632 682
408 658 662
24 89 388
294 615 718
18 118 522
2 529 671
188 571 647
320 450 596
132 276 500
288 292 297
129 508 607
199 471 508
350 542 612
147 228 378
277 505 525
419 550 694
43 599 721
222 448 617
145 176 764
118 285 427
4 328 373
360 408 560
218 265 532
6 378 460
433 443 569
163 509 706
60 221 753
197 498 730
67 371 587
162 223 379
267 446 462
76 212 563
82 370 397
171 181 273
11 416 754
74 563 606
197 331 592
272 354 377
627 682 741
423 623 756
87 190 331
174 437 711
17 135 637
599 606 708
461 463 582
250 443 444
362 503 561
369 496 593
70 302 338
92 590 722
446 448 543
616 619 746
11 33 610
641 666 718
107 626 713
287 455 748
23 544 703
633 645 705
475 534 724
139 189 314
413 414 625
110 170 566
32 95 523
66 593 762
195 355 462
394 585 591
581 581 753
61 269 467
22 160 326
71 198 312
56 263 555
68 251 251
60 80 688
294 474 496
189 619 686
34 88 309
303 420 694
161 464 713
146 673 759
560 674 748
514 564 714
540 544 577
133 274 651
106 115 445
109 178 663
230 305 318
368 490 686
164 283 473
47 643 742
234 264 692
10 522 742
4 431 586
239 284 740
140 616 628
83 601 668
211 483 512
128 679 726
411 510 714
229 479 553
266 321 625
134 205 685
123 161 254
6 48 441
190 401 718
383 565 666
238 466 706
613 739 754
5 19 154
7 136 637
426 451 454
66 545 633
42 531 575
9 32 597
101 457 581
44 128 301
322 378 695
185 319 692
270 505 747
191 214 372
334 496 586
194 209 287
81 727 751
246 441 631
72 119 335
175 447 749
121 239 684
305 401 651
226 236 687
38 312 349
79 208 411
163 217 698
94 291 771
148 207 485
201 286 678
237 438 596
249 431 597
50 392 761
390 429 716
180 428 766
7 643 667
255 493 551
39 89 450
89 406 479
340 423 579
55 125 323
37 128 447
611 673 698
17 329 423
157 357 388
164 352 404
214 248 539
229 245 306
300 343 688
435 459 693
392 443 649
69 109 198
215 299 469
14 398 558
50 509 737
49 84 194
113 135 320
45 64 280
9 73 301
402 412 594
210 264 681
252 387 763
292 642 757
282 360 379
52 210 698
77 181 213
46 129 619
464 500 511
87 602 652
85 288 425
42 304 672
25 171 187
325 434 588
78 284 622
62 127 227
230 460 518
148 183 404
127 620 676
327 332 452
121 456 731
203 315 437
120 462 644
351 354 564
468 492 554
3 97 609
123 145 259
80 196 382
418 627 764
156 449 668
15 53 653
59 600 639
102 614 754
91 580 708
3 342 498
86 380 715
584 590 751
168 395 741
59 286 553
340 341 539
124 192 388
7 412 543
88 91 172
52 244 534
86 470 617
290 536 660
226 254 529
104 112 769
453 646 738
28 193 624
152 484 679
59 548 696
308 468 700
141 232 691
298 488 621
3 269 709
24 75 435
154 476 558
43 391 759
42 140 519
315 644 717
36 317 733
319 337 457
35 76 595
102 192 432
192 572 720
99 318 489
15 29 586
106 279 562
164 459 664
236 362 478
219 261 571
176 339 707
567 653 771
345 460 669
296 321 692
28 725 763
31 210 403
381 440 634
12 595 702
14 110 169
253 315 741
291 425 642
631 742 759
23 58 725
129 137 580
481 533 598
475 704 717
157 356 547
308 635 685
146 406 653
205 361 520
148 327 755
325 487 518
519 711 722
478 550 699
108 638 739
267 585 693
203 219 556
8 74 393
293 502 740
202 601 674
160 182 671
116 583 670
272 421 717
523 628 639
317 613 719
349 559 594
242 283 549
71 240 518
353 489 682
249 458 471
8 103 105
166 169 361
338 397 735
427 512 587
121 175 199
115 290 432
188 278 351
309 350 397
249 289 517
57 335 562
259 386 421
70 109 440
54 184 417
46 298 433
93 640 714
187 674 680
132 360 499
124 153 371
246 253 706
211 477 604
77 242 292
482 654 723
22 689 752
226 359 495
198 497 659
144 244 680
347 475 528
258 304 605
256 381 648
63 296 428
260 665 670
41 524 683
261 555 572
395 418 636
64 101 703
175 263 583
371 502 709
463 509 515
10 158 223
100 372 456
11 45 284
103 542 665
142 222 558
170 504 578
161 607 642
287 390 476
94 167 222
151 524 579
170 440 530
104 393 469
345 468 756
122 178 452
265 313 433
486 511 574
313 420 491
492 729 733
200 324 696
18 507 547
256 366 0
316 526 764
17 182 375
246 311 612
196 305 507
20 661 677
227 340 383
114 414 488
398 603 621
167 355 580
386 544 617
308 535 736
405 531 685
61 414 482
225 516 610
37 369 761
139 537 0
87 353 758
63 432 770
359 589 594
124 710 738
99 324 399
82 82 656
285 348 552
143 587 733
61 323 715
280 569 609
213 743 752
141 466 696
162 556 763
96 260 312
561 731 745
275 442 661
171 417 521
241 548 624
127 328 678
41 209 343
13 74 536
143 704 766
52 436 527
62 208 442
1 459 613
232 270 608
501 640 657
8 393 525
15 620 697
98 552 712
214 446 541
78 95 647
67 449 471
160 457 521
357 374 424
431 566 656
158 243 254
16 382 672
30 405 737
51 56 306
79 131 650
361 384 428
346 528 541
104 236 628
533 712 726
235 632 758
314 608 655
36 111 425
119 258 567
40 78 615
105 131 285
31 45 215
253 399 728
421 455 647
51 486 585
183 223 772
81 100 482
515 665 702
592 620 688
225 430 569
277 389 622
401 503 661
47 242 603
168 299 520
90 204 734
80 451 624
97 159 618
320 382 490
376 485 553
103 504 559
363 505 626
123 280 480
278 611 755
12 12 277
94 250 699
150 380 485
149 310 500
271 275 630
77 193 400
5 138 348
155 185 276
202 240 728
168 427 534
183 248 532
398 614 621
211 486 680
201 420 636
90 565 760
70 252 273
266 404 746
96 244 438
112 627 716
419 461 743
56 501 650
220 543 729
27 663 757
365 639 646
35 191 595
281 483 750
234 389 395
55 221 487
522 615 634
64 177 364
177 233 654
186 474 582
351 394 669
336 450 452
155 350 694
338 697 732
58 381 430
91 499 731
4 159 675
234 520 699
180 527 589
332 409 703
409 463 752
375 697 744
165 578 709
163 396 559
14 182 701
6 156 515
205 391 402
224 310 724
185 237 257
141 181 303
118 328 458
40 105 563
30 144 604
174 690 695
186 262 481
51 327 711
614 618 705
309 387 737
136 224 323
250 281 691
39 346 473
307 416 516
364 473 701
172 241 660
48 229 295
465 564 700
54 193 645
165 416 652
269 358 572
137 209 267
704 760 771
296 514 618
38 545 655
126 551 568
195 289 740
26 31 144
133 240 346
108 525 726
92 264 461
293 302 767
132 237 672
10 157 301
44 85 190
217 407 434
445 629 715
26 117 768
178 221 611
49 507 576
447 570 616
57 125 268
566 649 723
151 173 600
387 444 702
40 150 224
245 506 599
199 517 743
263 629 641
71 454 527
53 126 407
204 632 677
72 177 336
93 272 394
271 511 765
13 149 356
75 288 295
339 533 766
231 356 691
342 610 612
494 584 713
100 191 424
18 37 535
44 122 257
115 204 370
179 353 536
565 576 635
442 675 681
400 732 768
173 465 658
438 538 745
317 390 664
331 532 747
271 573 638
179 623 651
268 377 484
68 261 318
134 415 499
206 504 547
379 422 730
330 662 720
273 357 465
377 481 648
537 601 683
90 405 567
21 41 687
302 384 679
101 413 508
23 57 319
248 480 0
65 238 276
266 472 748
33 143 560
147 484 622
345 385 480
138 435 736
34 275 294
60 69 719
298 598 678
196 725 735
554 583 652
16 195 690
38 153 495
83 116 383
286 329 705
231 293 568
24 98 203
333 649 658
21 295 385
30 208 329
97 133 667
33 108 453
439 573 683
330 492 663
27 194 216
179 362 638
206 258 410
202 212 409
220 334 769
120 436 662
165 235 512
135 313 364
86 217 729
19 279 631
510 588 684
68 392 681
13 483 538
268 550 623
2 154 750
389 546 723
176 396 708
219 604 686
337 372 526
220 322 700
306 403 537
130 385 716
63 727 744
314 514 602
637 650 676
337 551 671
5 106 147
215 227 756
324 339 724
58 342 494
69 278 415
291 657 767
262 557 769
145 228 487
107 213 341
184 188 290
67 472 676
79 710 751
88 110 643
62 262 310
20 677 684
112 303 607
341 391 707
47 347 367
84 434 510
66 444 495
197 539 675
27 85 605
347 426 728
21 201 311
65 573 757
172 257 523
225 561 689
207 265 578
53 657 673
131 497 546
311 540 739
239 720 762
130 321 418
76 158 352
358 374 503
243 367 596
29 365 407
380 501 721
289 552 641
113 355 557
35 233 664
22 667 747
400 470 474
136 162 491
255 417 530
83 99 326
65 556 666
