5922
773 447
773 463
677 676
677 773
677 773
1 677
773 1
773 677
1 773
751 1
751 677
751 773
772 751
772 751
208 751
208 772
208 772
1 208
772 1
772 208
1 772
690 1
690 208
690 772
771 690
771 690
75 690
75 771
75 771
1 75
771 1
771 75
1 771
254 1
254 75
254 771
770 254
770 254
222 254
222 770
597 222
597 222
597 770
769 597
769 597
542 769
655 542
655 597
655 769
768 655
768 655
182 655
182 768
182 768
1 182
768 1
768 182
1 768
411 1
411 182
411 768
767 411
767 411
340 411
340 767
340 767
1 340
767 1
767 340
1 767
561 1
561 340
561 767
766 561
766 561
2 561
2 766
2 766
1 2
766 1
766 2
1 766
274 1
274 2
274 766
765 274
765 274
397 274
397 765
613 397
613 765
764 397
764 613
312 613
312 764
539 312
539 764
763 312
763 539
9 539
9 763
9 763
1 9
763 1
763 9
1 763
344 1
344 763
762 9
762 344
24 344
24 762
24 762
1 24
762 1
762 24
1 762
500 1
500 762
761 24
761 500
59 500
59 761
607 59
607 761
760 59
760 607
145 607
145 760
145 760
1 145
760 1
760 145
1 760
340 1
340 760
759 145
759 340
27 340
27 759
27 759
1 27
759 1
759 27
1 759
722 1
722 27
722 759
758 722
758 722
206 722
206 758
206 758
1 206
758 1
758 206
1 758
239 1
239 758
757 206
757 239
450 239
450 757
750 757
756 450
756 450
504 750
504 756
514 504
514 756
755 504
755 514
307 514
307 755
637 307
637 307
637 755
754 637
754 637
77 637
77 754
246 77
246 754
753 77
753 246
461 246
461 753
461 753
1 461
753 1
753 461
1 753
523 1
523 461
523 753
752 523
752 523
319 752
602 319
602 523
602 752
751 602
751 602
69 751
655 751
750 69
750 602
672 655
672 750
672 750
1 672
750 1
750 672
1 750
695 1
695 672
695 750
749 695
749 695
415 695
415 749
415 749
1 415
749 1
749 415
1 749
744 1
744 749
748 415
748 744
559 744
559 748
559 748
1 559
748 1
748 559
1 748
701 1
701 559
701 748
747 701
747 701
141 701
141 747
141 747
1 141
747 1
747 141
1 747
150 1
150 141
150 747
746 150
746 150
177 150
177 746
177 746
1 177
746 1
746 177
1 746
224 1
224 177
224 746
745 224
745 224
70 224
70 745
70 745
1 70
745 1
745 70
1 745
273 1
273 745
744 70
744 273
202 273
202 744
202 744
1 202
744 1
744 202
1 744
526 1
526 202
526 744
743 526
743 526
316 526
316 743
735 743
742 316
742 316
324 735
324 742
555 324
555 324
555 742
741 555
741 555
71 555
71 741
71 741
1 71
741 1
741 71
1 741
452 1
452 71
452 741
740 452
740 452
292 452
292 740
292 740
1 292
740 1
740 292
1 740
487 1
487 292
487 740
739 487
739 487
189 487
189 739
319 189
319 189
319 739
738 319
738 319
243 319
243 738
243 738
1 243
738 1
738 243
1 738
504 1
504 243
504 738
737 504
737 504
142 504
142 737
142 737
1 142
737 1
737 142
1 737
496 1
496 142
496 737
736 496
736 496
50 496
50 736
401 50
401 736
735 50
735 401
35 401
35 735
35 735
1 35
735 1
735 35
1 735
168 1
168 35
168 735
734 168
734 168
132 168
132 734
132 734
1 132
734 1
734 132
1 734
303 1
303 734
733 132
733 303
452 303
452 733
593 452
593 733
732 452
732 593
245 593
245 732
359 245
359 245
359 732
731 359
731 359
269 359
269 731
269 731
1 269
731 1
731 269
1 731
684 1
684 731
730 269
730 684
361 684
361 730
573 361
573 361
573 730
729 573
729 573
445 573
445 729
468 445
468 729
728 445
728 468
270 468
270 728
270 728
1 270
728 1
728 270
1 728
515 728
727 1
727 270
221 515
221 727
221 727
1 221
727 1
727 221
1 727
543 1
543 221
543 727
726 543
726 543
339 543
339 726
719 339
719 339
719 726
725 719
725 719
156 725
254 725
724 156
724 254
173 724
510 173
510 719
510 724
723 510
723 510
418 510
418 723
418 723
1 418
723 1
723 418
1 723
465 1
465 418
465 723
722 465
722 465
10 722
150 722
721 10
721 150
265 721
503 721
720 265
720 465
558 503
558 720
558 720
1 558
720 1
720 558
1 720
705 1
705 558
705 720
719 705
719 705
295 719
504 295
504 705
504 719
718 504
718 504
348 504
348 718
348 718
1 348
718 1
718 348
1 718
375 1
375 718
717 348
717 375
132 375
132 717
349 132
349 132
349 717
716 349
716 349
524 349
524 716
563 524
563 716
715 524
715 563
94 563
94 715
94 715
1 94
715 1
715 94
1 715
119 1
119 94
119 715
714 119
714 119
628 714
662 119
662 628
662 714
713 662
713 662
484 662
484 713
484 713
1 484
713 1
713 484
1 713
642 1
642 484
642 713
712 642
712 642
185 642
185 712
185 712
1 185
712 1
712 185
1 712
663 1
663 185
663 712
711 663
711 663
211 663
211 711
224 211
224 211
224 711
710 224
710 224
7 224
7 710
7 710
1 7
710 1
710 7
1 710
221 1
221 710
709 7
709 221
312 221
312 709
312 709
1 312
709 1
709 312
1 709
321 1
321 312
321 709
708 321
708 321
2 708
156 2
156 708
707 156
707 156
581 321
581 707
581 707
1 581
707 1
707 581
1 707
606 1
606 581
606 707
706 606
706 606
72 606
72 706
72 706
1 72
706 1
706 72
1 706
299 1
299 72
299 706
705 299
705 299
104 705
489 705
704 104
704 299
378 489
378 704
378 704
1 378
704 1
704 378
1 704
545 1
545 378
545 704
703 545
703 545
26 545
26 703
26 703
1 26
703 1
703 26
1 703
665 1
665 26
665 703
702 665
702 665
652 665
652 702
652 702
1 652
702 1
702 652
1 702
661 1
661 652
661 702
701 661
701 661
575 701
654 575
654 701
700 654
700 654
46 661
46 700
46 700
1 46
700 1
700 46
1 700
667 1
667 46
667 700
699 667
699 667
46 667
46 699
401 699
698 46
698 46
166 401
166 698
679 166
679 166
679 698
697 679
697 679
302 679
302 697
530 302
530 302
530 697
696 530
696 530
502 530
502 696
502 696
1 502
696 1
696 502
1 696
591 1
591 502
591 696
695 591
695 591
26 591
26 695
26 695
1 26
695 1
695 26
1 695
516 695
694 1
694 26
78 516
78 694
107 694
693 78
693 78
116 107
116 693
116 693
1 116
693 1
693 116
1 693
333 1
333 116
333 693
692 333
692 333
88 333
88 692
645 88
645 88
645 692
691 645
691 645
247 645
247 691
315 247
315 691
690 247
690 315
27 315
27 690
437 690
689 27
689 27
242 437
242 689
242 689
1 242
689 1
689 242
1 689
611 1
611 242
611 689
688 611
688 611
29 611
29 688
29 688
1 29
688 1
688 29
1 688
501 1
501 29
501 688
687 501
687 501
11 501
11 687
11 687
1 11
687 1
687 11
1 687
301 687
686 1
686 11
304 301
304 686
451 304
451 304
451 686
685 451
685 451
331 451
331 685
331 685
1 331
685 1
685 331
1 685
402 1
402 685
684 331
684 402
140 402
140 684
140 684
1 140
684 1
684 140
1 684
186 1
186 140
186 684
683 186
683 186
40 186
40 683
40 683
1 40
683 1
683 40
1 683
189 1
189 40
189 683
682 189
682 189
14 189
14 682
312 14
312 14
312 682
681 312
681 312
351 312
351 681
351 681
1 351
681 1
681 351
1 681
439 1
439 351
439 681
680 439
680 439
127 439
127 680
127 680
1 127
680 1
680 127
1 680
221 1
221 127
221 680
679 221
679 221
253 679
655 221
655 679
678 253
678 655
213 655
213 678
213 678
1 213
678 1
678 213
1 678
553 1
553 213
553 678
677 553
677 553
519 677
555 677
676 519
676 553
264 555
264 676
547 264
547 676
675 264
675 547
170 547
170 675
170 675
1 170
675 1
675 170
1 675
361 1
361 170
361 675
674 361
674 361
227 361
227 674
227 674
1 227
674 1
674 227
1 674
423 1
423 674
673 227
673 423
162 423
162 673
618 162
618 673
672 162
672 618
138 672
473 138
473 672
671 473
671 473
528 618
528 671
528 671
1 528
671 1
671 528
1 671
551 1
551 528
551 671
670 551
670 551
10 670
463 10
463 670
669 463
669 463
151 669
628 669
668 151
668 551
147 668
552 668
667 147
667 552
420 667
551 420
551 628
551 667
666 551
666 551
143 666
281 666
665 143
665 281
373 551
373 665
660 665
664 373
664 373
25 660
25 664
25 664
1 25
664 1
664 25
1 664
214 1
214 25
214 664
663 214
663 214
461 214
461 663
461 663
1 461
663 1
663 461
1 663
555 1
555 461
555 663
662 555
662 555
36 555
36 662
657 36
657 662
661 36
661 657
31 657
31 661
551 31
551 31
551 661
660 551
660 551
541 551
541 660
541 660
1 541
660 1
660 541
1 660
641 1
641 541
641 660
659 641
659 641
141 659
154 659
658 141
658 154
338 641
338 658
383 338
383 338
383 658
657 383
657 383
248 383
248 657
554 657
656 248
656 248
43 554
43 656
630 43
630 656
655 43
655 630
231 655
641 231
641 630
641 655
654 641
654 641
243 641
243 654
243 654
1 243
654 1
654 243
1 654
479 1
479 654
653 243
653 479
218 479
218 653
528 653
652 218
652 218
365 652
446 652
651 365
651 446
197 528
197 651
394 197
394 197
394 651
650 394
650 394
228 394
228 650
228 650
1 228
650 1
650 228
1 650
621 1
621 228
621 650
649 621
649 621
118 621
118 649
118 649
1 118
649 1
649 118
1 649
446 1
446 118
446 649
648 446
648 446
428 446
428 648
428 648
1 428
648 1
648 428
1 648
520 1
520 648
647 428
647 520
100 520
100 647
269 647
646 100
646 100
311 269
311 646
402 311
402 646
645 311
645 402
171 645
595 645
644 171
644 402
132 644
573 132
573 644
643 573
643 573
33 595
33 643
33 643
1 33
643 1
643 33
1 643
116 643
642 1
642 33
278 642
575 642
641 116
641 278
301 575
301 641
444 301
444 301
444 641
640 444
640 444
64 444
64 640
64 640
1 64
640 1
640 64
1 640
403 1
403 64
403 640
639 403
639 403
56 403
56 639
56 639
1 56
639 1
639 56
1 639
237 1
237 56
237 639
638 237
638 237
428 237
428 638
428 638
1 428
638 1
638 428
1 638
528 1
528 638
637 428
637 528
432 637
581 432
581 637
636 528
636 581
183 581
183 636
183 636
1 183
636 1
636 183
1 636
386 1
386 183
386 636
635 386
635 386
184 386
184 635
424 184
424 635
634 184
634 424
125 424
125 634
125 634
1 125
634 1
634 125
1 634
393 634
633 1
633 125
68 393
68 633
68 633
1 68
633 1
633 68
1 633
265 1
265 633
632 68
632 265
513 265
513 632
513 632
1 513
632 1
632 513
1 632
590 1
590 513
590 632
631 590
631 590
279 590
279 631
596 279
596 631
630 279
630 596
99 596
99 630
99 630
1 99
630 1
630 99
1 630
436 1
436 99
436 630
629 436
629 436
175 629
499 175
499 629
628 436
628 499
398 499
398 628
398 628
1 398
628 1
628 398
1 628
547 1
547 628
627 398
627 547
238 547
238 627
259 627
626 238
626 238
85 259
85 626
85 626
1 85
626 1
626 85
1 626
273 1
273 85
273 626
625 273
625 273
198 273
198 625
440 198
440 625
624 198
624 440
101 440
101 624
101 624
1 101
624 1
624 101
1 624
614 1
614 101
614 624
623 614
623 614
20 623
183 20
183 614
183 623
622 183
622 183
127 622
244 127
244 622
621 183
621 244
83 621
458 83
458 621
620 244
620 458
204 458
204 620
204 620
1 204
620 1
620 204
1 620
427 1
427 204
427 620
619 427
619 427
122 427
122 619
122 619
1 122
619 1
619 122
1 619
405 1
405 122
405 619
618 405
618 405
333 405
333 618
377 333
377 333
377 618
617 377
617 377
20 377
20 617
20 617
1 20
617 1
617 20
1 617
163 1
163 20
163 617
616 163
616 163
46 616
373 46
373 163
373 616
615 373
615 373
196 373
196 615
196 615
1 196
615 1
615 196
1 615
221 1
221 615
614 196
614 221
472 614
613 614
613 221
178 472
178 613
178 613
1 178
613 1
613 178
1 613
611 1
611 613
612 178
612 611
19 611
19 612
19 612
1 19
612 1
612 19
1 612
307 612
611 1
611 19
48 611
592 48
592 611
610 307
610 592
352 592
352 610
352 610
1 352
610 1
610 352
1 610
418 1
418 610
609 352
609 418
364 418
364 609
485 364
485 609
608 364
608 485
54 485
54 608
54 608
1 54
608 1
608 54
1 608
362 1
362 608
607 54
607 362
181 362
181 607
332 181
332 607
606 181
606 332
115 606
147 606
605 115
605 147
50 332
50 605
50 605
1 50
605 1
605 50
1 605
401 1
401 50
401 605
604 401
604 401
151 604
248 604
603 151
603 248
107 401
107 603
107 603
1 107
603 1
603 107
1 603
216 1
216 603
602 107
602 216
60 602
306 602
601 60
601 216
321 306
321 601
321 601
1 321
601 1
601 321
1 601
566 601
600 1
600 321
13 566
13 600
45 13
45 600
599 13
599 45
12 45
12 599
12 599
1 12
599 1
599 12
1 599
255 1
255 12
255 599
598 255
598 255
159 255
159 598
159 598
1 159
598 1
598 159
1 598
538 1
538 598
597 159
597 538
187 538
187 597
568 187
568 597
596 187
596 568
396 568
396 596
396 596
1 396
596 1
596 396
1 596
487 596
595 1
595 396
309 487
309 595
548 309
548 595
594 309
594 548
503 548
503 594
503 594
1 503
594 1
594 503
1 594
518 1
518 503
518 594
593 518
593 518
12 518
12 593
568 12
568 12
568 593
592 568
592 568
61 568
61 592
61 592
1 61
592 1
592 61
1 592
155 1
155 61
155 592
591 155
591 155
66 591
506 66
506 591
590 155
590 506
356 590
521 590
589 356
589 506
118 521
118 589
133 118
133 118
133 589
588 133
588 133
330 133
330 588
330 588
1 330
588 1
588 330
1 588
475 1
475 330
475 588
587 475
587 475
230 475
230 587
230 587
1 230
587 1
587 230
1 587
544 1
544 587
586 230
586 544
68 586
222 586
585 68
585 222
25 585
368 25
368 544
368 585
584 368
584 368
137 368
137 584
137 584
1 137
584 1
584 137
1 584
216 1
216 137
216 584
583 216
583 216
271 216
271 583
271 583
1 271
583 1
583 271
1 583
357 1
357 271
357 583
582 357
582 357
139 357
139 582
139 582
1 139
582 1
582 139
1 582
244 1
244 139
244 582
581 244
581 244
131 581
457 581
580 131
580 244
104 457
104 580
449 580
579 104
579 104
457 579
578 449
578 579
70 457
70 578
296 70
296 578
577 70
577 296
88 296
88 577
88 577
1 88
577 1
577 88
1 577
252 1
252 88
252 577
576 252
576 252
203 252
203 576
203 576
1 203
576 1
576 203
1 576
563 1
563 203
563 576
575 563
575 563
134 563
134 575
134 575
1 134
575 1
575 134
1 575
205 1
205 134
205 575
574 205
574 205
310 205
310 574
310 574
1 310
574 1
574 310
1 574
351 1
351 310
351 574
573 351
573 351
172 573
230 573
572 172
572 230
391 351
391 572
391 572
1 391
572 1
572 391
1 572
423 572
571 1
571 391
63 423
63 571
63 571
1 63
571 1
571 63
1 571
544 1
544 63
544 571
570 544
570 544
18 544
18 570
403 18
403 18
403 570
569 403
569 403
300 403
300 569
300 569
1 300
569 1
569 300
1 569
395 569
568 1
568 300
252 568
475 568
567 252
567 395
18 567
566 18
566 567
275 475
275 566
423 275
423 275
423 566
565 423
565 423
183 565
204 183
204 565
564 204
564 204
114 423
114 564
114 564
1 114
564 1
564 114
1 564
258 1
258 114
258 564
563 258
563 258
29 563
531 29
531 563
562 258
562 531
57 531
57 562
255 57
255 562
561 57
561 255
16 561
303 16
303 561
560 255
560 303
1 303
1 560
1 560
2 1
560 2
560 1
2 560
539 1
539 560
559 2
559 539
344 539
344 559
496 559
558 344
558 344
3 558
65 558
557 3
557 65
184 496
184 557
184 557
1 184
557 1
557 184
1 557
503 1
503 557
556 184
556 503
85 503
85 556
129 85
129 85
129 556
555 129
555 129
143 555
322 129
322 555
554 143
554 322
92 322
92 554
92 554
1 92
554 1
554 92
1 554
477 1
477 92
477 554
553 477
553 477
551 477
551 553
552 553
552 551
162 551
162 552
162 552
1 162
552 1
552 162
1 552
400 1
400 162
400 552
551 400
551 400
86 400
86 551
125 551
550 86
550 86
107 550
247 107
247 125
247 550
549 247
549 247
209 247
209 549
209 549
1 209
549 1
549 209
1 549
408 1
408 209
408 549
548 408
548 408
271 408
271 548
455 271
455 271
455 548
547 455
547 455
294 455
294 547
519 294
519 294
519 547
546 519
546 519
314 519
314 546
314 546
1 314
546 1
546 314
1 546
527 1
527 314
527 546
545 527
545 527
48 527
48 545
73 48
73 545
544 48
544 73
70 73
70 544
198 70
198 544
543 70
543 198
379 543
484 198
484 379
484 543
542 484
542 484
283 484
283 542
283 542
1 283
542 1
542 283
1 542
409 1
409 283
409 542
541 409
541 409
383 409
383 541
526 541
540 383
540 383
74 526
74 540
74 540
1 74
540 1
540 74
1 540
198 540
539 1
539 74
34 198
34 539
34 539
1 34
539 1
539 34
1 539
265 1
265 539
538 34
538 265
245 265
245 538
245 538
1 245
538 1
538 245
1 538
435 1
435 245
435 538
537 435
537 435
356 435
356 537
356 537
1 356
537 1
537 356
1 537
435 1
435 537
536 356
536 435
359 435
359 536
395 359
395 536
535 359
535 395
215 395
215 535
215 535
1 215
535 1
535 215
1 535
303 1
303 215
303 535
534 303
534 303
32 303
32 534
79 32
79 534
533 32
533 79
389 79
389 533
430 389
430 389
430 533
532 430
532 430
44 430
44 532
44 532
1 44
532 1
532 44
1 532
48 1
48 44
48 532
531 48
531 48
9 48
9 531
9 531
1 9
531 1
531 9
1 531
121 1
121 9
121 531
530 121
530 121
261 121
261 530
402 261
402 530
529 261
529 402
140 529
304 140
304 402
304 529
528 304
528 304
85 304
85 528
85 528
1 85
528 1
528 85
1 528
449 528
527 1
527 85
226 527
249 527
526 226
526 249
132 449
132 526
134 132
134 132
134 526
525 134
525 134
217 134
217 525
240 217
240 525
524 217
524 240
128 240
128 524
128 524
1 128
524 1
524 128
1 524
435 1
435 128
435 524
523 435
523 435
176 523
382 176
382 435
382 523
522 382
522 382
76 382
76 522
177 76
177 76
177 522
521 177
521 177
368 177
368 521
368 521
1 368
521 1
521 368
1 521
426 521
520 1
520 368
109 426
109 520
109 520
1 109
520 1
520 109
1 520
235 1
235 109
235 520
519 235
519 235
172 235
172 519
320 519
518 172
518 172
350 518
352 518
517 320
517 350
381 352
381 517
399 517
516 381
516 381
358 399
358 516
358 516
1 358
516 1
516 358
1 516
407 1
407 516
515 358
515 407
101 515
354 101
354 407
354 515
514 354
514 354
79 514
513 514
513 79
329 513
401 329
401 354
401 513
512 401
512 401
56 512
64 56
64 512
511 64
511 64
29 401
29 511
338 29
338 29
338 511
510 338
510 338
131 510
426 510
509 131
509 338
35 426
35 509
156 509
508 35
508 35
261 156
261 508
363 261
363 508
507 261
507 363
324 363
324 507
324 507
1 324
507 1
507 324
1 507
438 1
438 324
438 507
506 438
506 438
45 438
45 506
373 45
373 45
373 506
505 373
505 373
300 373
300 505
300 505
1 300
505 1
505 300
1 505
390 505
504 1
504 300
188 504
200 504
503 188
503 200
337 390
337 503
378 337
378 337
378 503
502 378
502 378
342 502
465 342
465 502
501 378
501 465
72 465
72 501
72 501
1 72
501 1
501 72
1 501
286 501
500 1
500 72
183 500
362 183
362 500
499 286
499 362
132 362
132 499
249 132
249 499
498 132
498 249
262 249
262 498
420 498
497 262
497 262
182 420
182 497
379 182
379 182
379 497
496 379
496 379
197 496
322 197
322 379
322 496
495 322
495 322
79 495
291 79
291 322
291 495
494 291
494 291
232 291
232 494
264 232
264 232
264 494
493 264
493 264
14 264
14 493
14 493
1 14
493 1
493 14
1 493
78 493
492 1
492 14
307 78
307 492
307 492
1 307
492 1
492 307
1 492
344 1
344 307
344 492
491 344
491 344
376 344
376 491
376 491
1 376
491 1
491 376
1 491
389 1
389 376
389 491
490 389
490 389
65 490
221 490
489 65
489 221
38 389
38 489
38 489
1 38
489 1
489 38
1 489
330 1
330 489
488 38
488 330
49 330
49 488
49 488
1 49
488 1
488 49
1 488
87 1
87 49
87 488
487 87
487 87
202 87
202 487
253 202
253 487
486 202
486 253
282 253
282 486
282 486
1 282
486 1
486 282
1 486
320 1
320 282
320 486
485 320
485 320
166 485
471 166
471 320
471 485
484 471
484 471
30 484
70 30
70 484
483 70
483 70
405 471
405 483
420 405
420 405
420 483
482 420
482 420
292 420
292 482
295 292
295 292
295 482
481 295
481 295
107 295
107 481
435 107
435 107
435 481
480 435
480 435
147 435
147 480
147 480
1 147
480 1
480 147
1 480
289 1
289 480
479 147
479 289
186 289
186 479
409 186
409 479
478 186
478 409
160 478
246 160
246 478
477 246
477 246
312 409
312 477
312 477
1 312
477 1
477 312
1 477
359 477
476 1
476 312
143 359
143 476
143 476
1 143
476 1
476 143
1 476
254 1
254 476
475 143
475 254
107 475
394 107
394 254
394 475
474 394
474 394
50 474
471 50
471 394
471 474
473 471
473 471
143 473
395 143
395 473
472 395
472 395
181 471
181 472
181 472
1 181
472 1
472 181
1 472
460 1
460 181
460 472
471 460
471 460
378 460
378 471
459 378
459 378
459 471
470 459
470 459
116 470
118 470
469 116
469 118
118 469
146 118
146 459
146 469
468 146
468 146
137 468
343 137
343 146
343 468
467 343
467 343
317 343
317 467
317 467
1 317
467 1
467 317
1 467
406 1
406 317
406 467
466 406
466 406
3 406
3 466
3 466
1 3
466 1
466 3
1 466
412 1
412 466
465 3
465 412
333 412
333 465
397 333
397 465
464 333
464 397
154 397
154 464
154 464
1 154
464 1
464 154
1 464
286 1
286 154
286 464
463 286
463 286
39 286
39 463
39 463
1 39
463 1
463 39
1 463
173 1
173 39
173 463
462 173
462 173
139 462
259 139
259 173
259 462
461 259
461 259
366 461
378 259
378 461
460 366
460 378
403 378
403 460
403 460
1 403
460 1
460 403
1 460
409 460
459 1
459 403
264 409
264 459
274 264
274 459
458 264
458 274
329 274
329 458
329 458
1 329
458 1
458 329
1 458
366 1
366 329
366 458
457 366
457 366
44 366
44 457
399 44
399 457
456 44
456 399
36 399
36 456
36 456
1 36
456 1
456 36
1 456
245 456
455 1
455 36
80 455
80 455
454 80
454 80
8 245
8 454
8 454
1 8
454 1
454 8
1 454
52 1
52 454
453 8
453 52
16 453
146 16
146 453
452 52
452 146
63 452
383 452
451 63
451 146
311 451
420 311
420 383
420 451
450 420
450 420
236 420
236 450
236 450
1 236
450 1
450 236
1 450
407 1
407 236
407 450
449 407
449 407
156 407
156 449
156 449
1 156
449 1
449 156
1 449
261 1
261 156
261 449
448 261
448 261
24 261
24 448
47 24
47 448
447 24
447 47
76 47
76 447
76 447
1 76
447 1
447 76
1 447
417 1
417 76
417 447
446 417
446 417
97 417
97 446
97 446
1 97
446 1
446 97
1 446
132 446
445 1
445 97
72 132
72 445
99 72
99 445
444 72
444 99
179 99
179 444
179 444
1 179
444 1
444 179
1 444
403 1
403 444
443 179
443 403
321 403
321 443
441 321
441 443
442 321
442 441
92 441
92 442
92 442
1 92
442 1
442 92
1 442
247 1
247 442
441 92
441 247
136 247
136 441
304 136
304 441
440 136
440 304
89 304
89 440
89 440
1 89
440 1
440 89
1 440
254 440
439 1
439 89
79 439
349 439
438 79
438 254
362 438
383 438
437 349
437 362
175 383
175 437
432 175
432 175
432 437
436 432
436 432
349 432
349 436
349 436
1 349
436 1
436 349
1 436
410 436
435 1
435 349
3 410
3 435
262 3
262 435
434 3
434 262
169 262
169 434
169 434
1 169
434 1
434 169
1 434
234 434
433 1
433 169
191 234
191 433
191 433
1 191
433 1
433 191
1 433
215 1
215 433
432 191
432 215
208 215
208 432
337 432
431 208
431 208
5 337
5 431
5 431
1 5
431 1
431 5
1 431
54 1
54 431
430 5
430 54
125 430
212 430
429 54
429 125
148 212
148 429
148 429
1 148
429 1
429 148
1 429
166 1
166 148
166 429
428 166
428 166
28 166
28 428
28 428
1 28
428 1
428 28
1 428
398 1
398 428
427 28
427 398
11 398
11 427
11 427
1 11
427 1
427 11
1 427
288 427
426 1
426 11
104 426
158 104
158 426
425 158
425 158
3 288
3 425
3 425
1 3
425 1
425 3
1 425
142 1
142 425
424 3
424 142
238 142
238 424
238 424
1 238
424 1
424 238
1 424
393 1
393 424
423 238
423 393
197 423
355 423
422 197
422 355
240 393
240 422
314 240
314 422
421 240
421 314
185 421
348 185
348 421
420 314
420 348
48 348
48 420
48 420
1 48
420 1
420 48
1 420
413 1
413 420
419 48
419 413
73 413
73 419
73 419
1 73
419 1
419 73
1 419
92 419
418 1
418 73
34 92
34 418
92 34
92 34
92 418
417 92
417 92
82 92
82 417
297 82
297 417
416 82
416 297
85 416
401 85
401 416
415 297
415 401
312 401
312 415
315 415
414 312
414 312
204 315
204 414
204 414
1 204
414 1
414 204
1 414
378 1
378 204
378 414
413 378
413 378
196 413
368 196
368 378
368 413
412 368
412 368
241 368
241 412
241 412
1 241
412 1
412 241
1 412
323 1
323 241
323 412
411 323
411 323
141 411
346 411
410 141
410 323
33 346
33 410
33 410
1 33
410 1
410 33
1 410
317 1
317 33
317 410
409 317
409 317
247 317
247 409
285 409
408 247
408 247
7 408
301 408
407 7
407 285
230 301
230 407
230 407
1 230
407 1
407 230
1 407
328 407
406 1
406 230
277 406
384 406
405 277
405 328
67 405
113 405
404 67
404 113
9 384
9 404
312 9
312 9
312 404
403 312
403 312
11 312
11 403
29 11
29 11
29 403
402 29
402 29
80 29
80 402
80 402
1 80
402 1
402 80
1 402
284 1
284 80
284 402
401 284
401 284
204 401
350 204
350 284
350 401
400 350
400 350
151 400
351 151
351 400
399 350
399 351
84 351
84 399
84 399
1 84
399 1
399 84
1 399
269 1
269 84
269 399
398 269
398 269
95 398
257 398
397 95
397 257
249 269
249 397
249 397
1 249
397 1
397 249
1 397
388 1
388 249
388 397
396 388
396 388
252 388
252 396
252 396
1 252
396 1
396 252
1 396
372 396
395 1
395 252
120 372
120 395
120 395
1 120
395 1
395 120
1 395
379 1
379 395
394 120
394 379
104 379
104 394
340 104
340 104
340 394
393 340
393 340
239 340
239 393
239 393
1 239
393 1
393 239
1 393
297 1
297 239
297 393
392 297
392 297
118 297
118 392
235 118
235 392
391 118
391 235
301 235
301 391
301 391
1 301
391 1
391 301
1 391
329 1
329 391
390 301
390 329
13 329
13 390
13 390
1 13
390 1
390 13
1 390
110 1
110 13
110 390
389 110
389 110
172 389
354 110
354 389
388 172
388 354
78 388
302 78
302 388
387 302
387 302
218 387
257 387
386 218
386 257
167 354
167 386
167 386
1 167
386 1
386 167
1 386
274 1
274 167
274 386
385 274
385 274
87 385
283 385
384 87
384 274
58 283
58 384
191 384
383 58
383 58
151 383
331 151
331 191
331 383
382 331
382 331
40 331
40 382
40 382
1 40
382 1
382 40
1 382
266 382
381 1
381 40
99 266
99 381
151 99
151 99
151 381
380 151
380 151
91 151
91 380
91 380
1 91
380 1
380 91
1 380
215 380
379 1
379 91
91 379
184 379
378 91
378 184
53 378
230 378
377 53
377 215
158 230
158 377
158 377
1 158
377 1
377 158
1 377
200 377
376 1
376 158
164 376
318 376
375 164
375 200
78 318
78 375
298 78
298 78
298 375
374 298
374 298
144 298
144 374
144 374
1 144
374 1
374 144
1 374
364 374
373 1
373 144
88 373
338 88
338 364
338 373
372 338
372 338
66 338
66 372
347 372
371 66
371 66
61 347
61 371
336 371
370 61
370 61
75 336
75 370
290 75
290 75
290 370
369 290
369 290
246 290
246 369
246 369
1 246
369 1
369 246
1 369
294 1
294 246
294 369
368 294
368 294
10 294
10 368
10 368
1 10
368 1
368 10
1 368
230 368
367 1
367 10
56 230
56 367
192 56
192 56
192 367
366 192
366 192
208 192
208 366
208 366
1 208
366 1
366 208
1 366
280 366
365 1
365 208
167 365
262 167
262 280
262 365
364 262
364 262
172 262
172 364
172 364
1 172
364 1
364 172
1 364
284 1
284 364
363 172
363 284
146 284
146 363
286 146
286 146
286 363
362 286
362 286
80 362
124 80
124 286
124 362
361 124
361 124
3 361
286 361
360 3
360 124
224 286
224 360
224 360
1 224
360 1
360 224
1 360
314 360
359 1
359 224
38 314
38 359
46 359
358 38
358 38
313 358
319 46
319 313
319 358
357 319
357 319
32 357
274 357
356 32
356 274
131 319
131 356
131 356
1 131
356 1
356 131
1 356
192 356
355 1
355 131
76 355
227 76
227 192
227 355
354 227
354 227
208 227
208 354
208 354
1 208
354 1
354 208
1 354
224 1
224 208
224 354
353 224
353 224
7 224
7 353
326 7
326 7
326 353
352 326
352 326
180 352
311 180
311 352
351 311
351 311
123 326
123 351
123 351
1 123
351 1
351 123
1 351
287 1
287 351
350 123
350 287
72 287
72 350
277 350
349 72
349 72
137 277
137 349
229 137
229 349
348 137
348 229
164 348
332 348
347 164
347 229
241 332
241 347
284 241
284 347
346 241
346 284
201 284
201 346
201 346
1 201
346 1
346 201
1 346
263 1
263 201
263 346
345 263
345 263
197 263
197 345
197 345
1 197
345 1
345 197
1 345
270 345
344 1
344 197
163 270
163 344
340 163
340 163
340 344
343 340
343 340
110 340
110 343
110 343
1 110
343 1
343 110
1 343
325 343
342 1
342 110
33 342
341 33
341 342
86 325
86 341
86 341
1 86
341 1
341 86
1 341
309 1
309 86
309 341
340 309
340 309
40 309
40 340
40 340
1 40
340 1
340 40
1 340
269 340
339 1
339 40
230 269
230 339
232 230
232 339
338 230
338 232
147 232
147 338
147 338
1 147
338 1
338 147
1 338
322 1
322 147
322 338
337 322
337 322
38 337
78 337
336 38
336 78
225 322
225 336
225 336
1 225
336 1
336 225
1 336
288 1
288 225
288 336
335 288
335 288
130 288
130 335
130 335
1 130
335 1
335 130
1 335
286 335
334 1
334 130
38 286
38 334
203 334
333 38
333 38
108 203
108 333
178 333
332 108
332 108
302 178
302 332
302 332
1 302
332 1
332 302
1 332
311 1
311 302
311 332
331 311
331 311
67 311
67 331
73 67
73 67
73 331
330 73
330 73
40 73
40 330
40 330
1 40
330 1
330 40
1 330
66 330
329 1
329 40
172 66
172 329
172 329
1 172
329 1
329 172
1 329
303 329
328 1
328 172
308 303
308 328
308 328
1 308
328 1
328 308
1 328
315 1
315 308
315 328
327 315
327 315
21 315
21 327
21 327
1 21
327 1
327 21
1 327
74 1
74 327
326 21
326 74
204 74
204 326
204 326
1 204
326 1
326 204
1 326
301 326
325 1
325 204
46 301
46 325
96 46
96 325
324 46
324 96
219 324
319 96
319 219
319 324
323 319
323 319
2 319
2 323
2 323
1 2
323 1
323 2
1 323
274 323
322 1
322 2
142 274
142 322
264 142
264 322
321 142
321 264
13 264
13 321
236 13
236 321
320 13
320 236
81 236
81 320
183 320
319 81
319 81
262 319
295 319
318 183
318 262
222 295
222 318
222 318
1 222
318 1
318 222
1 318
253 1
253 222
253 318
317 253
317 253
54 253
54 317
77 54
77 317
316 54
316 77
52 77
52 316
257 52
257 52
257 316
315 257
315 257
76 315
210 76
210 315
314 210
314 210
26 257
26 314
26 314
1 26
314 1
314 26
1 314
300 314
313 1
313 26
196 313
198 313
312 196
312 198
148 300
148 312
175 148
175 312
311 148
311 175
129 311
236 311
310 129
310 175
24 236
24 310
24 310
1 24
310 1
310 24
1 310
233 310
309 1
309 24
194 233
194 309
241 194
241 194
241 309
308 241
308 241
54 241
54 308
97 54
97 308
307 54
307 97
235 307
244 307
306 97
306 235
91 306
111 91
111 244
111 306
305 111
305 111
145 305
208 111
208 145
208 305
304 208
304 208
202 304
296 202
296 304
303 208
303 296
3 296
3 303
3 303
1 3
303 1
303 3
1 303
34 303
302 1
302 3
145 302
216 302
301 34
301 145
82 301
236 82
236 216
236 301
300 236
300 236
4 236
4 300
146 4
146 4
146 300
299 146
299 146
12 299
98 299
298 12
298 98
267 298
282 146
282 267
282 298
297 282
297 282
13 297
292 13
292 297
296 282
296 292
247 296
290 247
290 296
295 290
295 290
7 292
7 295
224 295
294 7
294 7
178 224
178 294
178 294
1 178
294 1
294 178
1 294
211 1
211 294
293 178
293 211
69 211
69 293
199 69
199 69
199 293
292 199
292 199
237 199
237 292
237 292
1 237
292 1
292 237
1 292
259 1
259 237
259 292
291 259
291 259
55 291
230 291
290 55
290 230
32 290
37 290
289 32
289 37
69 259
69 289
69 289
1 69
289 1
289 69
1 289
78 1
78 69
78 289
288 78
288 78
56 78
56 288
282 288
287 56
287 56
188 287
228 287
286 188
286 228
131 286
209 131
209 282
209 286
285 209
285 209
67 209
67 285
67 285
1 67
285 1
285 67
1 285
191 1
191 285
284 67
284 191
7 191
7 284
94 7
94 7
94 284
283 94
283 94
25 283
252 25
252 283
282 94
282 252
12 252
12 282
235 12
235 282
281 12
281 235
84 235
84 281
187 281
280 84
280 84
74 187
74 280
74 280
1 74
280 1
280 74
1 280
123 1
123 280
279 74
279 123
6 123
6 279
6 279
1 6
279 1
279 6
1 279
56 279
278 1
278 6
156 56
156 278
156 278
1 156
278 1
278 156
1 278
267 278
277 1
277 156
68 277
106 68
106 267
106 277
276 106
276 106
112 106
112 276
112 276
1 112
276 1
276 112
1 276
226 1
226 112
226 276
275 226
275 226
13 226
13 275
125 275
274 13
274 13
105 274
167 105
167 125
167 274
273 167
273 167
128 273
260 128
260 167
260 273
272 260
272 260
79 260
79 272
79 272
1 79
272 1
272 79
1 272
250 1
250 79
250 272
271 250
271 250
67 271
172 67
172 250
172 271
270 172
270 172
11 172
11 270
36 11
36 11
36 270
269 36
269 36
99 36
99 269
224 99
224 269
268 99
268 224
79 268
194 79
194 268
267 194
267 194
189 224
189 267
242 189
242 189
242 267
266 242
266 242
41 242
41 266
41 266
1 41
266 1
266 41
1 266
82 1
82 41
82 266
265 82
265 82
212 82
212 265
212 265
1 212
265 1
265 212
1 265
248 265
264 1
264 212
35 264
92 35
92 248
92 264
263 92
263 92
39 92
39 263
39 263
1 39
263 1
263 39
1 263
129 1
129 39
129 263
262 129
262 129
109 262
166 262
261 109
261 129
111 166
111 261
111 261
1 111
261 1
261 111
1 261
168 261
260 1
260 111
121 168
121 260
121 260
1 121
260 1
260 121
1 260
123 1
123 260
259 121
259 123
147 123
147 259
147 259
1 147
259 1
259 147
1 259
166 1
166 259
258 147
258 166
28 166
28 258
105 28
105 28
105 258
257 105
257 105
11 105
11 257
68 11
68 257
256 11
256 68
116 68
116 256
250 256
255 116
255 116
88 250
88 255
133 255
254 88
254 88
106 254
179 254
253 106
253 133
74 253
230 74
230 253
252 179
252 230
35 230
35 252
35 252
1 35
252 1
252 35
1 252
125 1
125 252
251 35
251 125
84 125
84 251
95 251
250 84
250 84
71 95
71 250
71 250
1 71
250 1
250 71
1 250
113 1
113 250
249 71
249 113
40 113
40 249
141 40
141 249
248 40
248 141
36 141
36 248
88 248
247 36
247 36
9 247
148 247
246 9
246 88
181 148
181 246
181 246
1 181
246 1
246 181
1 246
194 1
194 181
194 246
245 194
245 194
117 194
117 245
163 245
244 117
244 117
162 163
162 244
162 244
1 162
244 1
244 162
1 244
189 244
243 1
243 162
32 243
91 243
242 32
242 91
65 189
65 242
90 65
90 242
241 65
241 90
50 90
50 241
72 50
72 241
240 50
240 72
121 240
140 240
239 72
239 121
9 140
9 239
146 239
238 9
238 9
12 146
12 238
42 12
42 238
237 12
237 42
75 237
183 42
183 75
183 237
236 183
236 183
135 236
193 135
193 183
193 236
235 193
235 193
44 193
44 235
152 235
234 44
234 44
81 152
81 234
202 81
202 81
202 234
233 202
233 202
54 233
65 54
65 202
65 233
232 65
232 65
27 65
27 232
27 232
1 27
232 1
232 27
1 232
40 232
231 1
231 27
49 231
221 231
230 40
230 49
57 221
57 230
57 230
1 57
230 1
230 57
1 230
65 230
229 1
229 57
15 65
15 229
86 15
86 15
86 229
228 86
228 86
95 228
134 86
134 95
134 228
227 134
227 134
86 227
194 227
226 86
226 134
55 194
55 226
144 226
225 55
225 55
106 225
206 106
206 225
224 144
224 206
143 206
143 224
143 224
1 143
224 1
224 143
1 224
155 224
223 1
223 143
117 155
117 223
155 117
155 223
222 117
222 155
11 155
11 222
109 11
109 222
221 11
221 109
109 221
109 221
1 109
221 1
221 109
1 221
138 221
220 1
220 109
172 220
210 138
210 220
219 172
219 210
36 210
36 219
108 36
108 36
108 219
218 108
218 108
8 218
75 8
75 108
75 218
217 75
217 75
118 75
118 217
118 217
1 118
217 1
217 118
1 217
154 1
154 217
216 118
216 154
31 154
31 216
31 216
1 31
216 1
216 31
1 216
60 216
215 1
215 31
71 215
89 60
89 215
214 71
214 89
56 89
56 214
56 214
1 56
214 1
214 56
1 214
202 1
202 56
202 214
213 202
213 202
8 213
97 8
97 213
212 97
212 97
65 202
65 212
65 212
1 65
212 1
212 65
1 212
71 1
71 65
71 212
211 71
211 71
34 211
65 211
210 34
210 65
86 71
86 210
173 210
209 86
209 86
154 173
154 209
182 209
208 154
208 154
149 208
157 149
157 208
207 157
207 157
51 182
51 207
51 207
1 51
207 1
207 51
1 207
67 1
67 51
67 207
206 67
206 67
35 206
96 35
96 206
205 67
205 96
41 205
133 205
204 41
204 96
156 133
156 204
156 204
1 156
204 1
204 156
1 204
167 1
167 156
167 204
203 167
203 167
129 167
129 203
171 203
202 129
202 129
8 171
8 202
8 202
1 8
202 1
202 8
1 202
197 1
197 8
197 202
201 197
201 197
64 197
64 201
82 64
82 64
82 201
200 82
200 82
91 82
91 200
134 200
199 91
199 91
120 199
169 120
169 134
169 199
198 169
198 169
163 198
193 163
193 169
193 198
197 193
197 193
23 193
23 197
23 197
1 23
197 1
197 23
1 197
59 197
196 1
196 23
65 59
65 196
65 196
1 65
196 1
196 65
1 196
66 1
66 196
195 65
195 66
46 66
46 195
121 195
194 46
194 46
36 121
36 194
36 194
1 36
194 1
194 36
1 194
110 1
110 194
193 36
193 110
62 110
62 193
62 193
1 62
193 1
193 62
1 193
77 1
77 62
77 193
192 77
192 77
48 192
151 48
151 77
151 192
191 151
191 151
46 191
125 191
190 46
190 125
54 190
133 54
133 151
133 190
189 133
189 133
48 133
48 189
48 189
1 48
189 1
189 48
1 189
83 189
188 1
188 48
39 83
39 188
39 188
1 39
188 1
188 39
1 188
92 188
187 1
187 39
117 92
117 187
117 187
1 117
187 1
187 117
1 187
186 1
186 117
186 187
1 186
103 1
103 186
105 186
185 103
185 103
81 105
81 185
134 81
134 81
134 185
184 134
184 134
9 184
37 184
183 9
183 37
13 134
13 183
13 183
1 13
183 1
183 13
1 183
27 1
27 13
27 183
182 27
182 27
19 182
169 19
169 182
181 27
181 169
9 181
133 9
133 169
133 181
180 133
180 133
124 133
124 180
124 180
1 124
180 1
180 124
1 180
133 1
133 180
179 124
179 133
127 133
127 179
127 179
1 127
179 1
179 127
1 179
153 179
178 1
178 127
37 153
37 178
139 178
177 37
177 37
13 139
13 177
29 13
29 13
29 177
176 29
176 29
96 29
96 176
96 176
1 96
176 1
176 96
1 176
112 176
175 1
175 96
34 175
87 34
87 175
174 87
174 87
8 112
8 174
124 8
124 174
173 8
173 124
41 124
41 173
41 173
1 41
173 1
173 41
1 173
73 1
73 41
73 173
172 73
172 73
20 73
20 172
20 172
1 20
172 1
172 20
1 172
96 1
96 172
171 20
171 96
17 96
17 171
70 17
70 17
70 171
170 70
170 70
147 70
147 170
147 170
1 147
170 1
170 147
1 170
165 170
169 1
169 147
2 165
2 169
2 169
1 2
169 1
169 2
1 169
125 169
168 1
168 2
29 168
61 168
167 29
167 61
47 167
161 167
166 47
166 125
43 161
43 166
90 43
90 166
165 43
165 90
11 90
11 165
11 165
1 11
165 1
165 11
1 165
157 165
164 1
164 11
123 157
123 164
144 123
144 164
163 123
163 144
35 144
35 163
76 163
162 35
162 35
41 162
151 41
151 162
161 76
161 151
83 151
83 161
83 161
1 83
161 1
161 83
1 161
124 1
124 161
160 83
160 124
143 124
143 160
143 160
1 143
160 1
160 143
1 160
146 160
159 1
159 143
34 159
86 34
86 159
158 86
158 86
19 146
19 158
39 158
157 19
157 19
68 39
68 157
68 157
1 68
157 1
157 68
1 157
130 1
130 157
156 68
156 130
2 130
2 156
46 2
46 156
155 2
155 46
79 46
79 155
148 79
148 155
154 79
154 148
139 154
150 139
150 148
150 154
153 150
153 150
11 150
11 153
11 153
1 11
153 1
153 11
1 153
52 153
152 1
152 11
36 52
36 152
36 152
1 36
152 1
152 36
1 152
111 1
111 152
151 36
151 111
77 151
134 77
134 151
150 111
150 134
4 134
4 150
4 150
1 4
150 1
150 4
1 150
141 150
149 1
149 4
27 141
27 149
86 27
86 149
148 27
148 86
4 148
99 4
99 86
99 148
147 99
147 99
14 147
71 147
146 14
146 71
90 99
90 146
90 146
1 90
146 1
146 90
1 146
145 1
145 146
67 90
67 145
67 145
1 67
145 1
145 67
1 145
121 145
144 1
144 67
37 144
134 37
134 121
134 144
143 134
143 134
1 134
1 143
116 1
116 143
142 1
142 116
8 116
8 142
8 142
1 8
142 1
142 8
1 142
78 142
141 1
141 8
55 78
55 141
55 141
1 55
141 1
141 55
1 141
95 1
95 55
95 141
140 95
140 95
97 95
97 140
138 97
138 97
138 140
139 138
139 138
37 139
113 139
138 37
25 113
25 138
101 138
137 25
137 25
95 101
95 137
95 137
1 95
137 1
137 95
1 137
122 1
122 137
136 95
136 122
30 122
30 136
30 136
1 30
136 1
136 30
1 136
63 1
63 136
135 30
135 63
14 135
30 14
30 63
30 135
134 30
134 30
67 30
67 134
97 134
133 67
133 67
35 97
35 133
121 35
121 133
132 35
132 121
44 121
44 132
91 44
91 132
131 44
131 91
12 131
12 91
12 131
130 12
130 12
5 12
5 130
11 5
11 5
11 130
129 11
129 11
23 11
23 129
54 129
128 23
128 23
25 128
94 25
94 54
94 128
127 94
127 94
101 94
101 127
101 127
1 101
127 1
127 101
1 127
116 1
116 127
126 101
126 116
75 126
81 126
125 75
125 81
61 116
61 125
96 61
96 61
96 125
124 96
124 96
23 124
44 23
44 124
123 44
123 44
36 96
36 123
36 123
1 36
123 1
123 36
1 123
102 1
102 36
102 123
122 102
122 102
10 102
10 122
10 122
1 10
122 1
122 10
1 122
30 1
30 122
121 10
121 30
24 121
24 30
24 121
120 24
120 24
44 24
44 120
44 120
1 44
120 1
120 44
1 120
46 1
46 120
119 44
119 46
35 46
35 119
108 35
108 119
118 35
118 108
64 108
64 118
87 64
87 64
87 118
117 87
117 87
81 87
81 117
93 81
93 117
116 81
116 93
8 116
115 8
115 116
37 93
37 115
37 115
1 37
115 1
115 37
1 115
63 1
63 115
114 37
114 63
43 63
43 114
65 114
113 43
113 43
68 65
68 113
102 113
112 68
112 68
21 102
21 112
86 112
111 21
111 21
37 86
37 111
71 37
71 111
110 37
110 71
23 71
23 110
23 110
1 23
110 1
110 23
1 110
66 110
109 1
109 23
22 66
22 109
87 22
87 109
108 22
108 87
34 87
34 108
34 108
1 34
108 1
108 34
1 108
97 1
97 108
107 34
107 97
83 107
100 107
106 83
106 97
34 106
88 34
88 100
88 106
105 88
105 88
4 105
31 105
104 4
104 31
26 88
26 104
45 26
45 26
45 104
103 45
103 45
47 45
47 103
98 47
98 103
102 47
102 98
3 98
3 102
77 3
77 3
77 102
101 77
101 77
15 77
15 101
84 101
100 15
100 15
71 100
77 71
77 100
99 77
99 77
20 99
27 20
27 99
98 27
98 27
86 98
86 84
86 98
97 86
97 86
4 86
4 97
91 97
96 4
96 4
10 91
10 96
10 96
1 10
96 1
96 10
1 96
13 96
95 1
95 10
4 95
5 95
94 4
94 5
1 13
1 94
40 1
40 1
40 94
93 40
93 40
43 93
46 93
92 40
92 43
13 92
71 92
91 13
91 46
53 71
53 91
53 91
1 53
91 1
91 53
1 91
54 1
54 91
90 53
90 54
45 54
45 90
53 90
89 45
89 45
12 53
12 89
49 89
88 12
88 12
14 88
28 14
28 88
87 28
87 28
25 49
25 87
85 25
85 25
85 87
86 85
86 85
52 85
52 86
52 86
1 52
86 1
86 52
1 86
66 1
66 52
66 86
85 66
85 66
11 66
11 85
11 85
1 11
85 1
85 11
1 85
74 1
74 85
84 11
84 74
48 84
54 48
54 84
83 54
83 54
56 74
56 83
69 83
82 56
82 56
54 82
73 54
73 69
73 82
81 73
81 73
9 73
9 81
9 81
1 9
81 1
81 9
1 81
22 1
22 9
22 81
80 22
80 22
37 22
37 80
71 37
71 37
71 80
79 71
79 71
59 71
59 79
59 79
1 59
79 1
79 59
1 79
66 79
78 1
78 59
3 66
3 78
3 78
1 3
78 1
78 3
1 78
38 78
77 1
77 3
15 77
44 15
44 38
44 77
76 44
76 44
19 76
66 19
66 76
75 44
75 66
13 66
13 75
13 75
1 13
75 1
75 13
1 75
70 75
74 1
74 13
14 74
22 14
22 74
73 22
73 22
6 73
56 6
56 70
56 73
72 56
72 56
22 72
24 22
24 72
71 24
71 24
32 56
32 71
32 71
1 32
71 1
71 32
1 71
43 1
43 32
43 71
70 43
70 43
51 43
51 70
51 70
1 51
70 1
70 51
1 70
53 1
53 70
69 51
69 53
3 53
3 69
3 69
1 3
69 1
69 3
1 69
11 1
11 3
11 69
68 11
68 11
3 11
3 68
3 68
1 3
68 1
68 3
1 68
28 68
67 1
67 3
28 67
28 67
1 28
67 1
67 28
1 67
57 1
57 28
57 67
66 57
66 57
39 66
58 39
58 66
65 57
65 58
4 58
4 65
4 65
1 4
65 1
65 4
1 65
40 1
40 4
40 65
64 40
64 40
45 40
45 64
45 64
1 45
64 1
64 45
1 64
51 1
51 64
63 45
63 51
2 51
2 63
25 63
62 2
62 2
50 62
59 25
59 62
61 50
61 59
28 59
28 61
28 61
1 28
61 1
61 28
1 61
47 1
47 61
60 28
60 47
36 47
36 60
45 36
45 36
45 60
59 45
59 45
1 45
1 59
14 1
14 59
58 1
58 14
19 14
19 58
29 19
29 58
57 19
57 29
17 29
17 57
35 57
56 17
56 17
16 35
16 56
16 56
1 16
56 1
56 16
1 56
55 1
55 56
7 16
7 55
33 7
33 7
33 55
54 33
54 33
7 33
7 54
11 7
11 54
53 7
53 11
8 11
8 53
32 53
52 8
52 8
13 32
13 52
13 52
1 13
52 1
52 13
1 52
41 52
51 1
51 13
11 41
11 51
11 51
1 11
51 1
51 11
1 51
35 1
35 11
35 51
50 35
50 35
38 50
41 35
41 38
41 50
49 41
49 41
18 41
18 49
24 18
24 49
48 18
48 24
7 24
7 48
10 7
10 7
10 48
47 10
47 10
10 47
10 47
1 10
47 1
47 10
1 47
45 47
46 1
46 10
26 46
29 26
29 46
45 29
15 29
15 45
20 45
44 15
44 15
22 44
40 20
40 22
40 44
43 40
43 40
2 43
26 43
42 2
42 26
17 42
28 17
28 40
28 42
41 28
41 28
4 28
4 41
24 4
24 41
40 4
40 24
4 24
4 40
25 4
25 4
25 40
39 25
39 25
14 25
14 39
14 39
1 14
39 1
39 14
1 39
19 1
19 14
19 39
38 19
38 19
28 38
30 38
37 19
37 28
27 30
27 37
27 37
1 27
37 1
37 27
1 37
36 37
36 1
16 27
16 36
23 16
23 16
23 36
35 23
35 23
1 23
1 35
23 1
23 1
23 35
34 23
34 23
31 23
31 34
33 31
33 34
12 31
12 33
23 33
32 12
32 12
21 32
23 32
31 21
31 23
1 23
1 31
1 31
2 1
31 2
31 1
2 31
10 1
10 31
30 2
30 10
19 10
19 30
29 19
29 30
3 19
3 29
3 29
1 3
29 1
29 3
1 29
5 1
5 3
5 29
28 5
28 5
8 28
16 5
16 28
27 8
27 16
7 16
7 27
21 7
21 7
21 27
26 21
26 21
5 26
19 26
25 5
25 19
18 25
24 25
24 18
2 21
2 24
22 2
22 2
22 24
23 22
23 22
5 22
5 23
17 5
17 23
22 5
22 17
4 17
4 22
4 22
1 4
22 1
22 4
1 22
16 22
21 1
21 4
12 16
12 21
13 21
20 12
20 12
14 20
16 20
19 13
19 14
9 19
12 19
18 9
18 12
4 16
4 18
4 18
1 4
18 1
18 4
1 18
12 1
12 4
12 18
17 12
17 12
11 12
11 17
11 17
1 11
17 1
17 11
1 17
16 1
16 11
16 17
1 16
1 16
5 1
5 1
5 16
15 5
15 5
3 5
3 15
10 15
14 3
14 3
7 14
13 7
13 10
13 14
1 13
3 1
3 13
7 3
7 13
12 3
12 7
6 12
6 7
6 12
11 6
11 6
2 6
2 11
10 11
10 2
6 2
6 10
7 6
7 6
7 10
9 7
9 7
2 7
2 9
4 2
4 9
8 2
8 4
6 4
6 8
7 8
7 6
1 6
1 7
4 1
4 7
6 1
6 4
4 6
5 6
5 4
2 5
2 4
2 5
4 2
4 2
1 4
3 1
3 2
3 4
1 3
1 3
2 1
2 1
2 3
1 2
1 2
1 2
