970
357 504 604
641 703 755
62 296 861
90 150 632
18 736 851
240 493 651
276 453 768
353 376 840
205 264 658
473 558 576
178 789 792
719 752 934
744 752 837
650 695 879
290 473 633
445 782 910
880 893 932
340 746 865
307 509 650
315 441 501
415 565 891
121 536 704
30 395 644
223 240 884
44 320 676
345 470 606
127 605 797
123 411 896
42 770 873
303 542 730
179 455 940
212 746 882
523 537 922
220 233 391
285 710 762
188 724 778
7 494 931
252 618 760
400 540 694
94 835 847
183 527 608
269 362 942
98 152 191
762 816 894
69 568 749
47 645 658
255 790 904
200 373 872
255 489 490
34 834 875
167 592 821
545 820 838
362 377 468
73 108 327
383 603 608
448 666 788
414 805 897
338 447 915
209 645 723
241 289 416
355 848 923
413 455 589
129 872 939
12 523 656
265 419 479
219 370 390
555 691 911
312 440 706
63 119 446
14 506 604
195 352 964
19 198 798
103 247 640
390 824 950
55 248 735
454 763 843
78 230 738
399 589 700
11 336 798
157 224 442
212 487 665
388 530 709
258 702 718
73 214 731
356 458 600
307 309 563
116 385 613
709 848 959
484 653 766
446 832 924
89 503 574
41 182 736
25 102 443
160 553 854
471 720 870
633 659 793
126 171 783
271 448 647
22 486 562
260 595 928
3 391 841
263 602 617
321 367 496
32 277 439
324 400 404
59 137 807
100 444 900
86 357 612
107 315 482
667 772 929
150 213 236
373 446 583
364 723 955
239 478 657
226 328 851
296 499 690
16 163 366
36 825 840
867 913 918
241 464 467
53 603 751
158 512 893
277 394 647
253 321 388
508 601 714
197 534 629
108 819 944
80 878 941
13 374 450
384 729 771
199 231 529
419 427 859
68 716 830
259 330 961
160 204 842
54 537 632
173 895 965
151 780 802
231 643 863
136 572 783
254 372 937
591 748 770
93 266 410
34 46 389
112 201 583
102 396 747
306 466 779
707 724 778
77 192 573
90 115 680
158 491 762
458 743 844
371 422 791
81 225 327
394 538 728
38 88 496
141 208 691
50 441 914
142 227 969
754 943 957
104 312 330
182 392 764
160 437 927
63 564 809
32 829 918
111 123 253
189 711 870
172 246 296
227 314 495
95 152 894
5 327 417
145 397 888
47 747 896
585 682 945
74 166 692
137 209 326
4 501 919
733 803 819
17 431 867
153 164 282
184 497 747
575 652 885
7 825 919
6 218 610
375 432 526
500 818 936
490 619 712
695 925 927
288 313 840
44 194 715
462 516 636
203 431 519
5 291 625
103 261 299
95 146 486
359 728 837
349 924 963
53 594 800
40 348 859
350 361 902
20 130 258
56 614 750
260 682 857
60 84 301
48 682 833
10 273 931
302 493 873
601 804 851
51 625 757
557 713 776
546 568 780
220 585 589
244 622 646
211 331 699
397 617 658
229 713 769
464 947 949
170 461 576
4 371 631
130 465 952
118 381 530
169 445 707
69 599 932
32 475 662
401 567 860
386 743 849
132 679 775
113 154 883
156 216 937
138 653 871
114 388 921
221 347 899
781 955 968
315 848 969
165 218 259
111 139 477
183 216 729
402 716 822
179 352 806
168 310 369
72 382 521
20 276 731
61 92 934
88 489 903
265 717 881
210 417 948
31 427 639
694 774 905
29 77 245
353 481 819
689 875 958
138 230 536
450 485 524
33 85 628
15 258 681
381 862 895
313 738 787
51 113 126
420 434 871
399 598 889
154 588 757
344 522 789
295 740 748
131 210 432
219 582 827
252 307 936
40 544 654
58 502 805
78 748 835
586 784 908
578 645 730
118 335 801
97 256 481
208 596 870
1 758 785
110 623 949
20 80 418
139 313 767
390 643 663
184 372 706
368 559 885
143 343 635
275 537 873
311 423 877
121 426 582
202 263 318
31 108 820
202 573 616
96 176 962
16 164 533
298 523 898
41 67 772
35 194 671
513 726 777
128 359 844
685 826 836
463 482 889
279 514 675
542 817 832
99 411 672
267 836 935
271 413 744
185 228 704
355 631 835
460 498 539
687 733 798
1 863 929
213 407 497
304 476 952
666 886 936
16 72 560
430 605 808
393 449 491
302 467 562
278 535 648
8 531 550
206 325 602
396 817 923
4 364 457
206 665 738
100 100 433
261 587 856
465 594 825
77 135 408
261 533 575
82 711 963
221 753 866
535 634 809
187 708 744
163 395 572
65 226 811
83 97 624
23 135 220
299 535 599
332 443 532
56 189 471
64 192 890
132 155 462
674 806 956
264 541 592
502 579 650
15 217 578
626 800 0
74 300 959
87 117 668
272 375 639
152 484 512
205 365 685
456 459 734
80 599 826
60 424 547
141 826 877
2 273 960
230 471 636
254 554 568
487 718 787
281 640 900
238 756 914
426 465 810
142 188 661
227 264 600
461 572 779
526 548 753
300 621 794
133 334 855
27 129 436
695 940 953
38 143 287
177 374 607
225 911 913
480 508 683
106 129 257
268 649 955
331 483 920
169 215 774
297 551 775
48 413 426
316 329 404
70 475 788
292 519 673
277 401 412
128 193 367
248 771 876
36 67 86
148 378 607
505 688 737
545 711 970
272 391 407
333 386 467
156 280 323
8 150 649
321 688 962
94 318 342
54 385 541
22 375 847
389 583 933
99 621 745
384 556 571
58 242 929
319 326 801
387 566 627
53 199 787
172 301 661
122 328 371
105 262 773
292 651 659
335 484 719
299 311 856
416 808 937
424 474 544
70 669 846
342 584 703
60 180 750
55 79 423
52 724 915
311 325 721
29 228 236
35 833 912
197 332 611
211 347 843
764 807 822
364 564 701
383 504 621
320 526 625
196 358 918
451 593 876
266 501 824
225 237 559
28 83 360
492 495 816
82 297 922
75 676 968
62 784 967
164 668 803
112 366 884
13 540 916
402 552 570
81 165 246
166 486 807
101 171 579
468 469 863
508 815 902
159 444 485
40 360 628
147 242 358
45 297 550
195 414 673
14 504 710
27 365 700
474 631 678
242 567 795
490 685 942
421 577 832
176 209 560
271 316 653
196 354 965
98 494 947
348 633 743
289 750 765
149 698 735
28 438 646
92 799 904
76 280 0
232 235 674
57 398 460
54 652 898
41 45 942
308 667 837
133 903 905
282 286 717
329 472 757
194 543 543
98 461 758
642 707 868
668 859 878
210 340 659
233 272 888
163 532 670
305 360 706
24 102 293
56 755 921
274 612 696
96 110 854
105 498 771
595 597 871
211 521 960
21 222 939
345 438 493
105 790 841
273 459 539
66 577 637
503 585 875
489 838 910
99 338 847
61 141 530
329 597 726
265 269 285
813 865 952
134 480 683
527 855 959
365 529 768
439 556 957
284 622 953
192 692 734
85 476 624
201 476 635
48 424 660
130 221 485
331 412 785
37 124 797
387 505 598
49 571 693
254 615 690
19 175 797
71 333 669
222 522 607
542 722 793
65 693 943
506 897 904
37 380 812
29 455 642
593 850 950
241 558 815
458 636 667
417 639 815
82 477 742
62 701 901
324 418 483
154 351 453
104 189 334
93 515 860
338 582 780
78 310 839
627 858 891
274 350 816
167 208 343
224 545 663
196 451 830
343 538 791
256 436 779
622 694 939
124 137 894
608 769 783
270 654 688
286 648 921
115 524 571
75 543 766
370 509 933
65 320 759
176 441 891
63 72 852
140 332 754
116 224 681
93 569 734
106 140 443
249 379 776
71 655 729
302 809 966
144 283 463
349 590 708
39 735 947
186 356 647
278 341 909
284 402 709
85 378 912
283 340 958
623 833 881
335 511 970
121 305 644
494 570 824
159 250 560
428 593 932
89 356 761
30 654 954
248 290 811
439 612 868
466 581 949
10 549 629
488 800 850
7 469 510
87 203 492
73 662 662
37 101 792
140 472 946
251 770 905
90 339 764
290 720 861
445 675 853
112 232 425
459 862 869
670 671 760
638 892 933
430 638 967
433 515 806
1 283 452
47 483 790
361 516 772
294 398 908
171 337 678
370 640 684
423 449 637
303 671 739
91 125 479
288 406 712
269 618 893
168 775 956
354 854 938
158 774 867
244 319 765
234 497 717
219 382 432
361 587 934
190 409 513
66 167 437
363 660 739
39 81 566
239 605 927
30 92 938
477 782 831
123 515 804
546 588 823
287 406 718
558 801 907
91 602 794
191 588 632
295 746 763
401 448 763
21 199 784
157 330 917
408 440 792
75 855 899
310 554 679
257 454 733
403 532 697
427 562 822
705 838 906
70 275 344
31 656 842
148 155 708
126 544 725
253 753 796
314 610 630
456 703 945
114 119 200
346 637 725
94 374 749
14 268 389
52 821 930
49 304 453
525 584 888
180 451 609
249 587 606
57 363 649
43 175 953
11 556 723
106 266 403
181 598 907
180 670 749
172 675 926
134 767 836
740 802 812
134 306 357
433 577 930
76 319 830
153 634 810
124 677 714
601 818 935
207 846 924
405 473 547
243 614 745
104 161 522
135 262 954
449 651 759
406 903 944
15 336 342
111 619 850
680 882 945
609 745 828
51 576 697
238 247 716
101 282 351
200 204 884
434 909 961
548 687 926
244 698 938
348 404 857
26 36 201
58 369 381
162 251 323
25 293 715
131 133 495
3 59 408
333 422 914
344 500 827
186 351 581
8 827 896
452 869 951
256 664 920
246 263 322
170 322 397
314 541 630
259 421 429
392 516 705
142 540 951
165 561 616
6 144 512
300 642 817
132 281 287
239 578 769
212 377 864
610 802 954
270 693 820
768 844 881
347 419 470
155 732 916
528 553 565
405 480 644
528 609 751
267 437 551
182 715 874
185 435 660
235 531 765
127 420 842
33 606 879
193 573 586
318 405 456
510 567 725
6 149 900
234 328 648
600 620 686
236 421 883
174 462 663
435 539 665
120 514 944
107 726 761
603 828 858
337 379 889
795 926 930
257 503 552
435 478 970
324 664 962
237 520 574
52 741 946
27 191 590
291 407 626
403 517 872
144 518 591
460 805 940
336 701 813
157 429 689
207 240 916
139 245 521
23 223 499
475 564 794
33 442 849
83 469 756
88 279 367
55 190 415
89 410 957
35 425 502
178 440 742
268 684 791
326 517 615
12 84 425
217 739 869
655 672 899
466 580 886
555 909 966
74 188 229
120 262 782
430 519 678
428 478 831
368 378 666
18 293 626
422 457 580
178 619 719
136 250 876
107 592 773
721 727 887
46 355 507
17 43 586
109 673 915
380 655 910
151 785 885
166 234 831
339 525 721
395 699 922
173 341 384
119 574 579
289 722 812
17 198 941
95 359 886
161 661 814
591 705 776
115 498 845
346 506 507
174 207 373
187 218 548
117 410 527
245 436 680
22 811 814
298 496 950
143 617 799
206 513 674
481 752 919
377 418 452
170 325 431
450 877 892
86 697 849
11 788 951
341 411 928
309 520 613
50 620 804
118 249 383
346 618 906
420 555 864
382 510 834
292 565 777
306 393 614
109 122 322
87 385 906
50 71 120
59 295 902
279 852 965
156 222 866
39 91 641
175 303 505
677 683 737
316 376 386
228 821 866
177 278 534
372 561 742
68 438 457
64 250 634
284 538 908
702 852 935
197 722 964
183 376 810
162 181 243
64 354 773
110 193 689
84 366 841
146 559 898
177 615 823
25 442 686
3 363 629
301 323 550
305 514 925
38 61 162
12 44 964
190 657 897
76 686 799
187 553 751
635 759 956
463 813 857
720 732 912
676 700 786
229 285 594
26 149 712
276 925 963
487 874 880
247 252 681
169 511 517
488 511 878
79 580 692
304 531 699
255 267 546
128 214 337
125 828 917
758 887 895
127 288 387
2 5 429
68 116 416
21 184 491
334 767 777
23 45 677
204 714 803
369 394 786
97 280 409
216 317 533
2 352 882
260 308 713
358 727 901
294 596 958
312 472 595
136 454 879
233 353 756
231 652 943
122 399 499
552 691 846
131 317 931
520 778 969
215 524 679
238 736 923
26 616 887
117 547 868
9 566 569
392 529 702
281 298 317
597 853 948
235 961 966
251 274 379
415 507 656
28 195 657
96 795 911
613 781 839
518 620 664
24 630 755
551 731 839
179 624 845
13 181 740
393 479 730
275 638 920
24 109 185
46 669 760
9 518 569
400 845 890
145 243 968
173 500 856
741 754 818
309 584 853
646 696 710
66 147 0
148 186 213
339 380 834
223 604 766
125 368 492
294 488 643
69 146 168
153 291 874
270 434 534
549 557 960
114 202 690
34 561 704
414 447 843
444 570 928
468 781 860
590 814 901
113 151 913
396 536 948
161 362 525
627 741 761
19 215 737
147 174 865
345 793 829
198 412 861
205 509 554
79 203 470
42 409 829
103 880 883
232 628 796
159 789 892
611 687 732
138 286 864
67 941 967
398 528 557
145 308 596
49 57 946
549 623 641
349 563 862
43 563 581
214 474 696
9 808 917
18 728 907
237 428 786
226 482 858
672 727 796
350 611 698
42 575 823
217 447 890
10 464 684
