7624
971 343
971 463
206 923
206 971
206 971
1 206
971 1
971 206
1 971
578 1
578 206
578 971
970 578
970 578
342 578
342 970
765 342
765 342
765 970
969 765
969 765
29 765
29 969
29 969
1 29
969 1
969 29
1 969
949 1
949 29
949 969
968 949
968 949
200 949
200 968
200 968
1 200
968 1
968 200
1 968
535 1
535 968
967 200
967 535
300 967
766 300
766 967
966 535
966 766
115 766
115 966
115 966
1 115
966 1
966 115
1 966
331 1
331 966
965 115
965 331
428 331
428 965
742 428
742 428
742 965
964 742
964 742
5 742
5 964
5 964
1 5
964 1
964 5
1 964
774 1
774 5
774 964
963 774
963 774
897 774
897 963
897 963
1 897
963 1
963 897
1 963
916 1
916 897
916 963
962 916
962 916
84 916
84 962
868 84
868 962
961 84
961 868
654 868
654 961
654 961
1 654
961 1
961 654
1 961
781 1
781 961
960 654
960 781
197 781
197 960
197 960
1 197
960 1
960 197
1 960
560 1
560 197
560 960
959 560
959 560
206 959
932 206
932 560
932 959
958 932
958 932
512 932
512 958
512 958
1 512
958 1
958 512
1 958
649 1
649 512
649 958
957 649
957 649
172 649
172 957
172 957
1 172
957 1
957 172
1 957
918 1
918 172
918 957
956 918
956 918
465 918
465 956
598 465
598 956
955 465
955 598
292 598
292 955
384 292
384 955
954 292
954 384
230 384
230 954
230 954
1 230
954 1
954 230
1 954
252 1
252 230
252 954
953 252
953 252
419 953
949 252
949 953
952 419
952 949
443 949
443 952
443 952
1 443
952 1
952 443
1 952
571 1
571 443
571 952
951 571
951 571
464 571
464 951
464 951
1 464
951 1
951 464
1 951
589 1
589 951
950 464
950 589
73 589
73 950
73 950
1 73
950 1
950 73
1 950
194 1
194 73
194 950
949 194
949 194
460 194
460 949
685 460
685 949
948 460
948 685
414 685
414 948
865 414
865 414
865 948
947 865
947 865
9 865
9 947
9 947
1 9
947 1
947 9
1 947
348 1
348 9
348 947
946 348
946 348
72 348
72 946
791 72
791 946
945 72
945 791
26 791
26 945
26 945
1 26
945 1
945 26
1 945
488 1
488 26
488 945
944 488
944 488
445 488
445 944
445 944
1 445
944 1
944 445
1 944
923 1
923 944
943 445
943 923
72 923
72 943
72 943
1 72
943 1
943 72
1 943
514 1
514 72
514 943
942 514
942 514
401 942
534 401
534 514
534 942
941 534
941 534
671 534
671 941
793 671
793 671
793 941
940 793
940 793
146 793
146 940
318 146
318 146
318 940
939 318
939 318
228 318
228 939
228 939
1 228
939 1
939 228
1 939
258 1
258 939
938 228
938 258
197 938
744 938
937 197
937 258
53 937
441 53
441 744
441 937
936 441
936 441
107 441
107 936
443 107
443 936
935 107
935 443
57 443
57 935
57 935
1 57
935 1
935 57
1 935
447 1
447 935
934 57
934 447
50 447
50 934
50 934
1 50
934 1
934 50
1 934
144 1
144 50
144 934
933 144
933 144
231 144
231 933
231 933
1 231
933 1
933 231
1 933
644 1
644 231
644 933
932 644
932 644
584 932
743 932
931 584
931 644
544 743
544 931
544 931
1 544
931 1
931 544
1 931
712 1
712 544
712 931
930 712
930 712
180 712
180 930
180 930
1 180
930 1
930 180
1 930
665 1
665 180
665 930
929 665
929 665
45 665
45 929
45 929
1 45
929 1
929 45
1 929
223 1
223 45
223 929
928 223
928 223
598 223
598 928
598 928
1 598
928 1
928 598
1 928
884 1
884 598
884 928
927 884
927 884
603 884
603 927
869 603
869 603
869 927
926 869
926 869
24 869
24 926
24 926
1 24
926 1
926 24
1 926
753 1
753 926
925 24
925 753
586 753
586 925
786 586
786 586
786 925
924 786
924 786
385 786
385 924
385 924
1 385
924 1
924 385
1 924
639 1
639 385
639 924
923 639
923 639
491 639
491 923
491 923
1 491
923 1
923 491
1 923
614 1
614 491
614 923
922 614
922 614
213 922
461 922
921 213
921 461
86 614
86 921
812 86
812 86
812 921
920 812
920 812
514 812
514 920
743 514
743 920
919 514
919 743
137 743
137 919
137 919
1 137
919 1
919 137
1 919
788 1
788 137
788 919
918 788
918 788
210 788
210 918
210 918
1 210
918 1
918 210
1 918
560 918
917 1
917 210
39 560
39 917
39 917
1 39
917 1
917 39
1 917
105 1
105 917
916 39
916 105
482 916
614 105
614 916
915 482
915 614
50 915
780 50
780 614
780 915
914 780
914 780
480 780
480 914
480 914
1 480
914 1
914 480
1 914
908 1
908 480
908 914
913 908
913 908
283 908
283 913
283 913
1 283
913 1
913 283
1 913
637 1
637 913
912 283
912 637
313 637
313 912
313 912
1 313
912 1
912 313
1 912
819 1
819 912
911 313
911 819
129 819
129 911
129 911
1 129
911 1
911 129
1 911
436 1
436 129
436 911
910 436
910 436
31 436
31 910
31 910
1 31
910 1
910 31
1 910
239 1
239 31
239 910
909 239
909 239
376 239
376 909
719 909
908 376
908 376
374 908
698 908
907 374
907 698
747 719
747 907
897 907
906 747
906 747
86 897
86 906
87 906
905 86
905 86
289 87
289 905
289 905
1 289
905 1
905 289
1 905
483 1
483 289
483 905
904 483
904 483
429 483
429 904
429 904
1 429
904 1
904 429
1 904
461 1
461 429
461 904
903 461
903 461
21 461
21 903
21 903
1 21
903 1
903 21
1 903
758 903
902 1
902 21
585 758
585 902
585 902
1 585
902 1
902 585
1 902
689 1
689 902
901 585
901 689
464 689
464 901
722 464
722 464
722 901
900 722
900 722
485 722
485 900
496 485
496 900
899 485
899 496
357 496
357 899
357 899
1 357
899 1
899 357
1 899
708 1
708 899
898 357
898 708
162 708
162 898
703 162
703 162
703 898
897 703
897 703
343 703
343 897
343 897
1 343
897 1
897 343
1 897
745 897
896 1
896 343
345 745
345 896
799 345
799 345
799 896
895 799
895 799
687 799
687 895
687 895
1 687
895 1
895 687
1 895
859 1
859 687
859 895
894 859
894 859
358 859
358 894
358 894
1 358
894 1
894 358
1 894
680 1
680 358
680 894
893 680
893 680
375 680
375 893
639 375
639 893
892 375
892 639
428 892
703 428
703 639
703 892
891 703
891 703
264 703
264 891
264 891
1 264
891 1
891 264
1 891
691 1
691 264
691 891
890 691
890 691
437 691
437 890
739 890
889 437
889 437
404 739
404 889
404 889
1 404
889 1
889 404
1 889
820 1
820 889
888 404
888 820
131 820
131 888
139 131
139 131
139 888
887 139
887 139
34 139
34 887
477 34
477 34
477 887
886 477
886 477
140 477
140 886
140 886
1 140
886 1
886 140
1 886
777 1
777 140
777 886
885 777
885 777
68 777
68 885
68 885
1 68
885 1
885 68
1 885
161 1
161 885
884 68
884 161
430 161
430 884
430 884
1 430
884 1
884 430
1 884
581 884
883 1
883 430
425 581
425 883
488 883
882 425
882 425
100 488
100 882
100 882
1 100
882 1
882 100
1 882
203 1
203 100
203 882
881 203
881 203
353 203
353 881
353 881
1 353
881 1
881 353
1 881
872 1
872 353
872 881
880 872
880 872
229 872
229 880
237 229
237 880
879 229
879 237
273 237
273 879
273 879
1 273
879 1
879 273
1 879
332 1
332 879
878 273
878 332
240 878
688 240
688 878
877 332
877 688
135 688
135 877
682 135
682 877
876 135
876 682
333 682
333 876
333 876
1 333
876 1
876 333
1 876
753 1
753 333
753 876
875 753
875 753
365 753
365 875
530 875
874 365
874 365
487 530
487 874
487 874
1 487
874 1
874 487
1 874
628 1
628 487
628 874
873 628
873 628
133 628
133 873
133 873
1 133
873 1
873 133
1 873
833 1
833 133
833 873
872 833
872 833
290 872
325 290
325 872
871 325
871 325
27 833
27 871
27 871
1 27
871 1
871 27
1 871
723 1
723 27
723 871
870 723
870 723
275 723
275 870
473 870
869 275
869 275
89 869
547 869
868 89
868 473
295 547
295 868
295 868
1 295
868 1
868 295
1 868
382 1
382 295
382 868
867 382
867 382
47 382
47 867
47 867
1 47
867 1
867 47
1 867
49 1
49 47
49 867
866 49
866 49
309 49
309 866
309 866
1 309
866 1
866 309
1 866
512 866
865 1
865 309
355 512
355 865
632 355
632 865
864 355
864 632
223 632
223 864
579 223
579 223
579 864
863 579
863 579
222 579
222 863
222 863
1 222
863 1
863 222
1 863
375 1
375 222
375 863
862 375
862 375
73 375
73 862
358 862
861 73
861 73
81 358
81 861
356 81
356 81
356 861
860 356
860 356
7 356
7 860
7 860
1 7
860 1
860 7
1 860
242 1
242 860
859 7
859 242
61 859
146 61
146 859
858 146
858 146
216 242
216 858
216 858
1 216
858 1
858 216
1 858
769 858
857 1
857 216
25 857
432 25
432 857
856 432
856 432
95 769
95 856
587 95
587 856
855 95
855 587
297 587
297 855
297 855
1 297
855 1
855 297
1 855
559 855
854 1
854 297
282 854
506 854
853 282
853 506
329 559
329 853
329 853
1 329
853 1
853 329
1 853
798 1
798 329
798 853
852 798
852 798
463 798
463 852
463 852
1 463
852 1
852 463
1 852
664 1
664 463
664 852
851 664
851 664
613 664
613 851
613 851
1 613
851 1
851 613
1 851
758 1
758 851
850 613
850 758
64 758
64 850
64 850
1 64
850 1
850 64
1 850
764 1
764 64
764 850
849 764
849 764
156 764
156 849
156 849
1 156
849 1
849 156
1 849
368 1
368 156
368 849
848 368
848 368
479 368
479 848
479 848
1 479
848 1
848 479
1 848
569 1
569 848
847 479
847 569
204 847
403 204
403 847
846 403
846 403
101 569
101 846
101 846
1 101
846 1
846 101
1 846
692 1
692 101
692 846
845 692
845 692
93 692
93 845
93 845
1 93
845 1
845 93
1 845
690 1
690 93
690 845
844 690
844 690
369 690
369 844
369 844
1 369
844 1
844 369
1 844
831 1
831 369
831 844
843 831
843 831
195 831
195 843
665 195
665 843
842 195
842 665
64 842
204 64
204 842
841 204
841 204
276 665
276 841
276 841
1 276
841 1
841 276
1 841
289 841
840 1
840 276
337 289
337 840
337 840
1 337
840 1
840 337
1 840
834 1
834 337
834 840
839 834
839 834
689 834
689 839
689 839
1 689
839 1
839 689
1 839
764 1
764 689
764 839
838 764
838 764
41 764
41 838
41 838
1 41
838 1
838 41
1 838
237 1
237 41
237 838
837 237
837 237
126 237
126 837
126 837
1 126
837 1
837 126
1 837
419 1
419 126
419 837
836 419
836 419
83 419
83 836
357 836
835 83
835 83
503 357
503 835
503 835
1 503
835 1
835 503
1 835
564 1
564 503
564 835
834 564
834 564
172 834
670 172
670 564
670 834
833 670
833 670
141 833
409 833
832 141
832 409
141 670
141 832
280 141
280 832
831 141
831 280
291 831
466 831
830 280
830 291
303 466
303 830
417 303
417 830
829 303
829 417
378 417
378 829
378 829
1 378
829 1
829 378
1 829
455 1
455 829
828 378
828 455
135 828
666 135
666 828
827 455
827 666
72 827
654 72
654 827
826 654
826 654
561 666
561 826
561 826
1 561
826 1
826 561
1 826
616 1
616 561
616 826
825 616
825 616
229 616
229 825
229 825
1 229
825 1
825 229
1 825
390 1
390 229
390 825
824 390
824 390
298 390
298 824
298 824
1 298
824 1
824 298
1 824
757 1
757 824
823 298
823 757
101 823
106 101
106 757
106 823
822 106
822 106
158 106
158 822
158 822
1 158
822 1
822 158
1 822
813 1
813 158
813 822
821 813
821 813
345 813
345 821
345 821
1 345
821 1
821 345
1 821
581 1
581 345
581 821
820 581
820 581
780 581
780 820
782 780
782 780
782 820
819 782
819 782
147 782
147 819
147 819
1 147
819 1
819 147
1 819
662 1
662 819
818 147
818 662
380 662
380 818
380 818
1 380
818 1
818 380
1 818
406 1
406 380
406 818
817 406
817 406
241 406
241 817
611 241
611 817
816 241
816 611
27 816
259 27
259 611
259 816
815 259
815 259
645 259
645 815
645 815
1 645
815 1
815 645
1 815
796 1
796 645
796 815
814 796
814 796
221 796
221 814
221 814
1 221
814 1
814 221
1 814
272 1
272 221
272 814
813 272
813 272
259 272
259 813
259 813
1 259
813 1
813 259
1 813
636 813
812 1
812 259
186 636
186 812
667 186
667 812
811 186
811 667
137 811
563 137
563 811
810 563
810 563
79 667
79 810
79 810
1 79
810 1
810 79
1 810
655 1
655 79
655 810
809 655
809 655
108 655
108 809
108 809
1 108
809 1
809 108
1 809
292 1
292 809
808 108
808 292
253 292
253 808
253 808
1 253
808 1
808 253
1 808
782 1
782 253
782 808
807 782
807 782
218 782
218 807
218 807
1 218
807 1
807 218
1 807
700 1
700 218
700 807
806 700
806 700
53 700
53 806
710 53
710 806
805 53
805 710
126 710
126 805
126 805
1 126
805 1
805 126
1 805
250 1
250 805
804 126
804 250
317 250
317 804
317 804
1 317
804 1
804 317
1 804
320 1
320 317
320 804
803 320
803 320
156 803
282 156
282 320
282 803
802 282
802 282
291 282
291 802
291 802
1 291
802 1
802 291
1 802
496 1
496 802
801 291
801 496
99 496
99 801
99 801
1 99
801 1
801 99
1 801
395 1
395 99
395 801
800 395
800 395
249 800
752 249
752 800
799 395
799 752
723 752
723 799
779 799
798 723
798 723
320 779
320 798
320 798
1 320
798 1
798 320
1 798
462 1
462 798
797 320
797 462
488 462
488 797
732 488
732 488
732 797
796 732
796 732
55 732
55 796
55 796
1 55
796 1
796 55
1 796
423 1
423 55
423 796
795 423
795 423
150 423
150 795
546 150
546 150
546 795
794 546
794 546
142 546
142 794
142 794
1 142
794 1
794 142
1 794
719 794
793 1
793 142
246 793
722 246
722 719
722 793
792 722
792 722
170 722
170 792
170 792
1 170
792 1
792 170
1 792
195 1
195 170
195 792
791 195
791 195
179 195
179 791
179 791
1 179
791 1
791 179
1 791
781 1
781 179
781 791
790 781
790 781
60 781
60 790
459 60
459 60
459 790
789 459
789 459
69 459
69 789
231 789
788 69
788 69
305 231
305 788
305 788
1 305
788 1
788 305
1 788
748 1
748 305
748 788
787 748
787 748
23 748
23 787
330 23
330 787
786 23
786 330
111 330
111 786
308 111
308 111
308 786
785 308
785 308
175 308
175 785
439 175
439 175
439 785
784 439
784 439
138 439
138 784
138 784
1 138
784 1
784 138
1 784
318 1
318 784
783 138
783 318
333 783
520 318
520 783
782 333
782 520
179 520
179 782
192 179
192 782
781 179
781 192
318 781
661 781
780 192
780 318
303 661
303 780
303 780
1 303
780 1
780 303
1 780
721 1
721 303
721 780
779 721
779 721
416 779
586 416
586 779
778 586
778 586
109 721
109 778
109 778
1 109
778 1
778 109
1 778
735 1
735 109
735 778
777 735
777 735
100 735
100 777
485 100
485 100
485 777
776 485
776 485
11 485
11 776
11 776
1 11
776 1
776 11
1 776
761 1
761 11
761 776
775 761
775 761
153 761
153 775
693 153
693 775
774 153
774 693
603 693
603 774
629 774
773 603
773 603
161 629
161 773
281 161
281 161
281 773
772 281
772 281
331 281
331 772
572 331
572 331
572 772
771 572
771 572
312 572
312 771
312 771
1 312
771 1
771 312
1 771
593 1
593 312
593 771
770 593
770 593
106 593
106 770
106 770
1 106
770 1
770 106
1 770
734 1
734 106
734 770
769 734
769 734
175 734
175 769
175 769
1 175
769 1
769 175
1 769
344 1
344 175
344 769
768 344
768 344
67 344
67 768
67 768
1 67
768 1
768 67
1 768
611 1
611 768
767 67
767 611
147 611
147 767
577 147
577 147
577 767
766 577
766 577
318 577
318 766
557 318
557 766
765 318
765 557
621 765
690 557
690 621
690 765
764 690
764 690
45 690
45 764
45 764
1 45
764 1
764 45
1 764
359 764
763 1
763 45
176 763
400 176
400 763
762 359
762 400
373 400
373 762
373 762
1 373
762 1
762 373
1 762
647 1
647 762
761 373
761 647
414 761
611 414
611 761
760 611
760 611
293 647
293 760
293 760
1 293
760 1
760 293
1 760
418 1
418 293
418 760
759 418
759 418
91 418
91 759
91 759
1 91
759 1
759 91
1 759
573 1
573 91
573 759
758 573
758 573
75 573
75 758
75 758
1 75
758 1
758 75
1 758
414 1
414 75
414 758
757 414
757 414
156 414
156 757
244 156
244 156
244 757
756 244
756 244
332 244
332 756
332 756
1 332
756 1
756 332
1 756
429 1
429 756
755 332
755 429
254 429
254 755
254 755
1 254
755 1
755 254
1 755
724 1
724 254
724 755
754 724
754 724
224 724
224 754
379 224
379 754
753 224
753 379
294 753
332 294
332 379
332 753
752 332
752 332
236 332
236 752
278 236
278 236
278 752
751 278
751 278
462 278
462 751
668 462
668 462
668 751
750 668
750 668
80 668
80 750
80 750
1 80
750 1
750 80
1 750
629 1
629 80
629 750
749 629
749 629
79 629
79 749
675 79
675 749
748 79
748 675
33 748
431 748
747 33
747 431
559 675
559 747
559 747
1 559
747 1
747 559
1 747
706 1
706 747
746 559
746 706
634 706
634 746
634 746
1 634
746 1
746 634
1 746
656 746
745 1
745 634
193 656
193 745
712 193
712 745
744 193
744 712
366 712
366 744
366 744
1 366
744 1
744 366
1 744
449 1
449 366
449 744
743 449
743 449
415 449
415 743
415 743
1 415
743 1
743 415
1 743
648 1
648 415
648 743
742 648
742 648
623 742
657 742
741 623
741 648
105 657
105 741
105 741
1 105
741 1
741 105
1 741
528 1
528 105
528 741
740 528
740 528
303 740
733 303
733 528
733 740
739 733
739 733
372 739
633 372
633 733
633 739
738 633
738 633
86 738
451 738
737 86
737 451
84 633
84 737
599 84
599 737
736 84
736 599
55 599
55 736
121 55
121 736
735 55
735 121
141 121
141 735
368 735
734 141
734 141
167 734
274 734
733 167
733 274
153 368
153 733
153 733
1 153
733 1
733 153
1 733
219 1
219 733
732 153
732 219
82 219
82 732
495 732
731 82
731 82
303 495
303 731
330 731
730 303
730 303
85 730
361 730
729 85
729 330
308 361
308 729
610 308
610 308
610 729
728 610
728 610
184 610
184 728
184 728
1 184
728 1
728 184
1 728
706 1
706 184
706 728
727 706
727 706
406 706
406 727
580 727
726 406
726 406
286 726
393 286
393 726
725 393
725 393
204 725
295 725
724 204
724 295
364 724
624 724
723 364
723 580
137 624
137 723
256 723
722 137
722 137
67 722
310 67
310 722
721 256
721 310
536 721
539 310
539 536
539 721
720 539
720 539
92 539
92 720
162 92
162 92
162 720
719 162
719 162
301 162
301 719
301 719
1 301
719 1
719 301
1 719
382 1
382 719
718 301
718 382
69 718
716 69
716 382
716 718
717 716
717 716
406 717
669 406
669 716
669 717
716 669
716 669
79 716
101 79
101 669
101 716
715 101
715 101
338 101
338 715
385 715
714 338
714 338
232 385
232 714
420 232
420 714
713 232
713 420
356 713
501 713
712 356
712 420
73 712
539 73
539 501
539 712
711 539
711 539
610 711
642 539
642 711
710 610
710 642
32 642
32 710
32 710
1 32
710 1
710 32
1 710
81 1
81 32
81 710
709 81
709 81
114 81
114 709
114 709
1 114
709 1
709 114
1 709
617 1
617 114
617 709
708 617
708 617
227 617
227 708
227 708
1 227
708 1
708 227
1 708
338 1
338 227
338 708
707 338
707 338
175 707
364 175
364 338
364 707
706 364
706 364
272 706
640 706
705 272
705 364
235 640
235 705
235 705
1 235
705 1
705 235
1 705
438 1
438 705
704 235
704 438
159 438
159 704
159 704
1 159
704 1
704 159
1 704
360 1
360 159
360 704
703 360
703 360
37 703
72 37
72 360
72 703
702 72
702 72
134 72
134 702
134 702
1 134
702 1
702 134
1 702
640 702
701 1
701 134
169 640
169 701
642 169
642 169
642 701
700 642
700 642
595 700
697 595
697 642
697 700
699 697
699 697
159 697
159 699
159 699
1 159
699 1
699 159
1 699
168 1
168 699
698 159
698 168
273 168
273 698
540 273
540 273
540 698
697 540
697 540
140 540
140 697
140 697
1 140
697 1
697 140
1 697
218 697
696 1
696 140
316 218
316 696
316 696
1 316
696 1
696 316
1 696
391 1
391 316
391 696
695 391
695 391
330 391
330 695
562 330
562 330
562 695
694 562
694 562
262 562
262 694
262 694
1 262
694 1
694 262
1 694
313 1
313 262
313 694
693 313
693 313
389 313
389 693
389 693
1 389
693 1
693 389
1 693
515 1
515 693
692 389
692 515
175 692
303 175
303 692
691 303
691 303
411 691
462 691
690 411
690 462
153 690
543 153
543 515
543 690
689 543
689 543
180 689
328 180
328 689
688 328
688 328
268 543
268 688
268 688
1 268
688 1
688 268
1 688
399 1
399 268
399 688
687 399
687 399
474 687
576 687
686 399
686 474
199 576
199 686
458 199
458 199
458 686
685 458
685 458
213 458
213 685
213 685
1 213
685 1
685 213
1 685
609 1
609 213
609 685
684 609
684 609
363 609
363 684
463 363
463 363
463 684
683 463
683 463
45 463
45 683
45 683
1 45
683 1
683 45
1 683
644 683
682 1
682 45
48 644
48 682
48 682
1 48
682 1
682 48
1 682
544 1
544 48
544 682
681 544
681 544
440 544
440 681
440 681
1 440
681 1
681 440
1 681
583 1
583 681
680 440
680 583
227 583
227 680
355 227
355 680
679 227
679 355
209 355
209 679
209 679
1 209
679 1
679 209
1 679
258 1
258 209
258 679
678 258
678 258
382 258
382 678
651 678
677 382
677 382
395 651
395 677
395 677
1 395
677 1
677 395
1 677
423 677
676 1
676 395
166 423
166 676
166 676
1 166
676 1
676 166
1 676
236 1
236 166
236 676
675 236
675 236
255 236
255 675
255 675
1 255
675 1
675 255
1 675
342 1
342 255
342 675
674 342
674 342
604 342
604 674
622 604
622 674
673 604
673 622
262 673
601 262
601 673
672 601
672 601
324 622
324 672
333 324
333 672
671 324
671 333
161 333
161 671
161 671
1 161
671 1
671 161
1 671
530 1
530 161
530 671
670 530
670 530
228 530
228 670
228 670
1 228
670 1
670 228
1 670
510 670
669 1
669 228
10 510
10 669
10 669
1 10
669 1
669 10
1 669
15 1
15 669
668 10
668 15
204 15
204 668
251 204
251 204
251 668
667 251
667 251
125 251
125 667
208 125
208 125
208 667
666 208
666 208
510 208
510 666
542 510
542 510
542 666
665 542
665 542
240 542
240 665
240 665
1 240
665 1
665 240
1 665
606 1
606 240
606 665
664 606
664 606
443 664
519 443
519 664
663 519
663 519
321 663
594 321
594 606
594 663
662 594
662 594
499 594
499 662
499 662
1 499
662 1
662 499
1 662
660 1
660 499
660 662
661 660
661 660
263 660
263 661
389 263
389 263
389 661
660 389
660 389
226 389
226 660
226 660
1 226
660 1
660 226
1 660
263 660
659 1
659 226
168 263
168 659
168 659
1 168
659 1
659 168
1 659
403 1
403 168
403 659
658 403
658 403
413 403
413 658
651 413
651 413
651 658
657 651
657 651
253 657
564 253
564 657
656 564
656 564
372 651
372 656
372 656
1 372
656 1
656 372
1 656
555 1
555 372
555 656
655 555
655 555
294 655
389 655
654 294
654 389
368 654
554 368
554 654
653 554
653 554
465 555
465 653
465 653
1 465
653 1
653 465
1 653
644 1
644 653
652 465
652 644
219 644
219 652
556 219
556 219
556 652
651 556
651 556
473 651
520 651
650 473
650 520
416 650
534 416
534 556
534 650
649 534
649 534
274 534
274 649
598 649
648 274
648 274
125 598
125 648
577 125
577 125
577 648
647 577
647 577
70 577
70 647
70 647
1 70
647 1
647 70
1 647
448 1
448 70
448 647
646 448
646 448
40 448
40 646
40 646
1 40
646 1
646 40
1 646
393 1
393 40
393 646
645 393
645 393
96 393
96 645
476 645
644 96
644 96
440 476
440 644
440 644
1 440
644 1
644 440
1 644
518 1
518 644
643 440
643 518
349 518
349 643
349 643
1 349
643 1
643 349
1 643
406 1
406 643
642 349
642 406
131 406
131 642
307 131
307 642
641 131
641 307
124 307
124 641
124 641
1 124
641 1
641 124
1 641
423 641
640 1
640 124
57 423
57 640
57 640
1 57
640 1
640 57
1 640
97 1
97 57
97 640
639 97
639 97
165 97
165 639
200 165
200 165
200 639
638 200
638 200
247 200
247 638
247 638
1 247
638 1
638 247
1 638
287 1
287 247
287 638
637 287
637 287
379 287
379 637
379 637
1 379
637 1
637 379
1 637
411 1
411 379
411 637
636 411
636 411
92 636
546 92
546 636
635 411
635 546
132 546
132 635
247 132
247 635
634 132
634 247
122 247
122 634
347 634
633 122
633 122
105 347
105 633
105 633
1 105
633 1
633 105
1 633
519 1
519 633
632 105
632 519
240 519
240 632
533 240
533 632
631 240
631 533
432 533
432 631
432 631
1 432
631 1
631 432
1 631
547 1
547 432
547 631
630 547
630 547
93 547
93 630
93 630
1 93
630 1
630 93
1 630
622 630
629 1
629 93
498 622
498 629
498 629
1 498
629 1
629 498
1 629
587 1
587 629
628 498
628 587
179 628
409 179
409 587
409 628
627 409
627 409
225 409
225 627
225 627
1 225
627 1
627 225
1 627
381 1
381 627
626 225
626 381
263 381
263 626
263 626
1 263
626 1
626 263
1 626
414 1
414 626
625 263
625 414
43 625
420 625
624 43
624 414
294 624
603 294
603 420
603 624
623 603
623 603
10 603
10 623
523 10
523 623
622 10
622 523
343 523
343 622
343 622
1 343
622 1
622 343
1 622
479 1
479 343
479 622
621 479
621 479
211 479
211 621
211 621
1 211
621 1
621 211
1 621
382 1
382 211
382 621
620 382
620 382
28 382
28 620
28 620
1 28
620 1
620 28
1 620
166 1
166 620
619 28
619 166
332 619
526 166
526 619
618 332
618 526
23 526
23 618
23 618
1 23
618 1
618 23
1 618
574 1
574 23
574 618
617 574
617 574
421 574
421 617
421 617
1 421
617 1
617 421
1 617
487 1
487 421
487 617
616 487
616 487
280 616
327 616
615 280
615 327
372 487
372 615
372 615
1 372
615 1
615 372
1 615
554 615
614 1
614 372
35 554
35 614
40 35
40 35
40 614
613 40
613 40
498 613
538 613
612 40
612 498
165 612
597 165
597 538
597 612
611 597
611 597
66 597
66 611
66 611
1 66
611 1
611 66
1 611
265 1
265 66
265 611
610 265
610 265
99 265
99 610
99 610
1 99
610 1
610 99
1 610
441 610
609 1
609 99
122 609
168 122
168 441
168 609
608 168
608 168
122 168
122 608
122 608
1 122
608 1
608 122
1 608
151 1
151 122
151 608
607 151
607 151
276 607
456 151
456 607
606 276
606 456
250 456
250 606
294 250
294 250
294 606
605 294
605 294
42 294
42 605
42 605
1 42
605 1
605 42
1 605
497 1
497 605
604 42
604 497
189 497
189 604
189 604
1 189
604 1
604 189
1 604
325 604
603 1
603 189
87 603
392 603
602 87
602 325
30 392
30 602
30 602
1 30
602 1
602 30
1 602
208 1
208 602
601 30
601 208
284 208
284 601
458 284
458 284
458 601
600 458
600 458
66 458
66 600
548 66
548 66
548 600
599 548
599 548
57 599
440 57
440 599
598 440
598 440
17 598
331 17
331 598
597 331
597 331
73 548
73 597
73 597
1 73
597 1
597 73
1 597
156 1
156 73
156 597
596 156
596 156
46 156
46 596
46 596
1 46
596 1
596 46
1 596
173 1
173 46
173 596
595 173
595 173
275 173
275 595
275 595
1 275
595 1
595 275
1 595
307 1
307 275
307 595
594 307
594 307
50 307
50 594
50 594
1 50
594 1
594 50
1 594
192 594
593 1
593 50
16 192
16 593
166 16
166 593
592 16
592 166
312 592
376 592
591 166
591 312
403 376
403 591
478 591
590 403
590 403
349 478
349 590
490 349
490 590
589 349
589 490
145 490
145 589
145 589
1 145
589 1
589 145
1 589
435 1
435 145
435 589
588 435
588 435
16 435
16 588
16 588
1 16
588 1
588 16
1 588
222 1
222 588
587 16
587 222
15 222
15 587
15 587
1 15
587 1
587 15
1 587
575 1
575 587
586 15
586 575
4 575
4 586
4 586
1 4
586 1
586 4
1 586
150 1
150 4
150 586
585 150
585 150
219 585
451 585
584 150
584 219
487 584
552 451
552 487
552 584
583 552
583 552
510 552
510 583
510 583
1 510
583 1
583 510
1 583
520 1
520 510
520 583
582 520
582 520
54 520
54 582
54 582
1 54
582 1
582 54
1 582
84 1
84 54
84 582
581 84
581 84
501 84
501 581
574 501
574 581
580 501
580 574
37 574
37 580
37 580
1 37
580 1
580 37
1 580
183 1
183 37
183 580
579 183
579 183
184 579
463 579
578 183
578 184
39 463
39 578
39 578
1 39
578 1
578 39
1 578
289 578
577 1
577 39
312 577
325 577
576 289
576 312
104 576
502 104
502 325
502 576
575 502
575 502
75 502
75 575
383 75
383 75
383 575
574 383
574 383
239 574
519 574
573 239
573 383
200 519
200 573
461 200
461 200
461 573
572 461
572 461
54 572
450 572
571 54
571 450
131 571
165 131
165 571
570 165
570 165
37 461
37 570
457 37
457 570
569 37
569 457
22 457
22 569
22 569
1 22
569 1
569 22
1 569
285 1
285 22
285 569
568 285
568 285
221 568
407 221
407 285
407 568
567 407
567 407
276 407
276 567
560 276
560 567
566 276
566 560
173 560
173 566
559 173
559 566
565 173
565 559
254 559
254 565
505 254
505 254
505 565
564 505
564 505
82 505
82 564
303 82
303 82
303 564
563 303
563 303
315 303
315 563
315 563
1 315
563 1
563 315
1 563
369 563
562 1
562 315
99 369
99 562
99 562
1 99
562 1
562 99
1 562
140 562
561 1
561 99
89 140
89 561
230 89
230 561
560 89
560 230
2 230
2 560
2 560
1 2
560 1
560 2
1 560
389 560
559 1
559 2
44 389
44 559
115 44
115 44
115 559
558 115
558 115
207 115
207 558
207 558
1 207
558 1
558 207
1 558
314 1
314 207
314 558
557 314
557 314
106 314
106 557
515 106
515 106
515 557
556 515
556 515
178 515
178 556
178 556
1 178
556 1
556 178
1 556
306 1
306 556
555 178
555 306
312 555
482 306
482 555
554 312
554 482
143 482
143 554
143 554
1 143
554 1
554 143
1 554
531 1
531 143
531 554
553 531
553 531
87 531
87 553
87 553
1 87
553 1
553 87
1 553
222 1
222 553
552 87
552 222
26 222
26 552
460 552
551 26
551 26
69 460
69 551
69 551
1 69
551 1
551 69
1 551
164 1
164 69
164 551
550 164
550 164
289 164
289 550
454 289
454 289
454 550
549 454
549 454
331 454
331 549
331 549
1 331
549 1
549 331
1 549
518 1
518 331
518 549
548 518
548 518
1 518
1 548
70 548
547 1
547 1
209 70
209 547
209 547
1 209
547 1
547 209
1 547
485 547
546 1
546 209
69 485
69 546
219 69
219 546
545 69
545 219
384 219
384 545
470 384
470 545
544 384
544 470
391 470
391 544
529 391
529 544
543 391
543 529
243 529
243 543
243 543
1 243
543 1
543 243
1 543
495 1
495 243
495 543
542 495
542 495
147 495
147 542
217 542
541 147
541 147
213 217
213 541
503 213
503 541
540 213
540 503
36 503
36 540
36 540
1 36
540 1
540 36
1 540
141 540
539 1
539 36
208 141
208 539
421 208
421 208
421 539
538 421
538 421
425 421
425 538
425 538
1 425
538 1
538 425
1 538
456 1
456 425
456 538
537 456
537 456
80 456
80 537
531 80
531 537
536 80
536 531
51 531
51 536
51 536
1 51
536 1
536 51
1 536
491 536
535 1
535 51
21 535
482 21
482 491
482 535
534 482
534 482
34 482
34 534
473 534
533 34
533 34
77 473
77 533
77 533
1 77
533 1
533 77
1 533
269 1
269 77
269 533
532 269
532 269
58 269
58 532
58 532
1 58
532 1
532 58
1 532
494 1
494 532
531 58
531 494
236 531
375 236
375 494
375 531
530 375
530 375
16 375
16 530
312 16
312 16
312 530
529 312
529 312
228 312
228 529
261 228
261 228
261 529
528 261
528 261
285 261
285 528
285 528
1 285
528 1
528 285
1 528
387 528
527 1
527 285
3 387
3 527
3 527
1 3
527 1
527 3
1 527
433 1
433 3
433 527
526 433
526 433
326 433
326 526
326 526
1 326
526 1
526 326
1 526
431 1
431 326
431 526
525 431
525 431
171 525
246 171
246 525
524 246
524 246
85 431
85 524
152 85
152 85
152 524
523 152
523 152
60 152
60 523
60 523
1 60
523 1
523 60
1 523
120 1
120 60
120 523
522 120
522 120
17 522
426 17
426 522
521 120
521 426
249 426
249 521
249 521
1 249
521 1
521 249
1 521
417 1
417 249
417 521
520 417
520 417
69 417
69 520
69 520
1 69
520 1
520 69
1 520
417 1
417 520
519 69
519 417
70 417
70 519
393 70
393 70
393 519
518 393
518 393
5 393
5 518
242 5
242 518
517 5
517 242
30 242
30 517
299 30
299 30
299 517
516 299
516 299
208 299
208 516
487 208
487 516
515 208
515 487
42 487
42 515
53 42
53 42
53 515
514 53
514 53
11 53
11 514
11 514
1 11
514 1
514 11
1 514
75 1
75 11
75 514
513 75
513 75
141 75
141 513
141 513
1 141
513 1
513 141
1 513
355 1
355 141
355 513
512 355
512 355
329 355
329 512
491 329
491 329
491 512
511 491
511 491
325 491
325 511
401 325
401 325
401 511
510 401
510 401
222 401
222 510
292 510
509 222
509 222
214 292
214 509
374 214
374 214
374 509
508 374
508 374
201 374
201 508
220 201
220 201
220 508
507 220
507 220
205 220
205 507
205 507
1 205
507 1
507 205
1 507
377 1
377 205
377 507
506 377
506 377
145 377
145 506
413 145
413 506
505 145
505 413
143 413
143 505
427 143
427 143
427 505
504 427
504 427
149 427
149 504
337 149
337 504
503 149
503 337
108 503
166 108
166 503
502 166
502 166
136 502
263 502
501 136
501 263
9 501
366 501
500 9
500 337
41 366
41 500
345 41
345 500
499 41
499 345
329 345
329 499
329 499
1 329
499 1
499 329
1 499
339 499
498 1
498 329
398 339
398 498
491 498
497 398
497 398
65 491
65 497
65 497
1 65
497 1
497 65
1 497
245 1
245 65
245 497
496 245
496 245
378 245
378 496
471 378
471 378
471 496
495 471
495 471
221 471
221 495
256 221
256 221
256 495
494 256
494 256
300 256
300 494
300 494
1 300
494 1
494 300
1 494
397 1
397 300
397 494
493 397
493 397
46 397
46 493
46 493
1 46
493 1
493 46
1 493
47 493
492 1
492 46
91 47
91 492
482 91
482 91
482 492
491 482
491 482
260 482
260 491
487 260
487 491
490 260
490 487
206 487
206 490
353 206
353 490
489 206
489 353
405 353
405 489
405 489
1 405
489 1
489 405
1 489
484 1
484 405
484 489
488 484
488 484
18 488
329 488
487 18
487 329
29 487
40 29
40 487
486 40
486 40
214 484
214 486
214 486
1 214
486 1
486 214
1 486
420 1
420 214
420 486
485 420
485 420
12 420
12 485
12 485
1 12
485 1
485 12
1 485
471 485
484 1
484 12
101 484
191 101
191 471
191 484
483 191
483 191
81 483
425 483
482 81
482 191
68 482
287 68
287 482
481 287
481 287
202 425
202 481
202 481
1 202
481 1
481 202
1 481
336 1
336 202
336 481
480 336
480 336
69 336
69 480
69 480
1 69
480 1
480 69
1 480
474 480
479 1
479 69
75 474
75 479
373 75
373 75
373 479
478 373
478 373
117 373
117 478
330 117
330 117
330 478
477 330
477 330
14 477
80 14
80 330
80 477
476 80
476 80
246 80
246 476
246 476
1 246
476 1
476 246
1 476
264 1
264 476
475 246
475 264
366 264
366 475
366 475
1 366
475 1
475 366
1 475
434 1
434 475
474 366
474 434
120 474
338 120
338 474
473 338
473 338
43 434
43 473
43 473
1 43
473 1
473 43
1 473
457 1
457 43
457 473
472 457
472 457
190 457
190 472
293 190
293 472
471 190
471 293
122 293
122 471
391 122
391 122
391 471
470 391
470 391
193 391
193 470
391 193
391 470
469 193
469 391
365 391
365 469
365 469
1 365
469 1
469 365
1 469
366 1
366 365
366 469
468 366
468 366
91 468
421 468
467 91
467 366
92 421
92 467
92 467
1 92
467 1
467 92
1 467
292 1
292 92
292 467
466 292
466 292
136 292
136 466
136 466
1 136
466 1
466 136
1 466
394 1
394 136
394 466
465 394
465 394
263 394
263 465
335 263
335 465
464 263
464 335
289 335
289 464
311 464
463 289
463 289
72 463
312 72
312 463
462 311
462 312
243 312
243 462
433 243
433 462
461 243
461 433
313 433
313 461
375 461
460 313
460 313
265 375
265 460
399 265
399 265
399 460
459 399
459 399
341 399
341 459
384 459
458 341
458 341
400 384
400 458
428 458
457 400
457 400
400 457
432 457
456 400
456 428
12 456
279 456
455 12
455 279
98 432
98 455
98 455
1 98
455 1
455 98
1 455
302 1
302 98
302 455
454 302
454 302
260 302
260 454
297 454
453 260
453 260
72 297
72 453
145 453
452 72
452 72
187 145
187 452
187 452
1 187
452 1
452 187
1 452
309 1
309 187
309 452
451 309
451 309
268 451
445 268
445 451
450 309
450 445
105 445
105 450
410 105
410 450
449 105
449 410
151 449
390 151
390 410
390 449
448 390
448 390
170 448
403 170
403 390
403 448
447 403
447 403
71 403
71 447
71 447
1 71
447 1
447 71
1 447
191 1
191 447
446 71
446 191
45 446
366 446
445 45
445 191
6 366
6 445
207 6
207 445
444 6
444 207
199 207
199 444
199 444
1 199
444 1
444 199
1 444
267 1
267 199
267 444
443 267
443 267
22 267
22 443
142 443
442 22
442 22
125 142
125 442
125 442
1 125
442 1
442 125
1 442
371 1
371 442
441 125
441 371
186 441
278 441
440 186
440 278
288 371
288 440
427 440
439 288
439 288
161 427
161 439
182 439
438 161
438 161
2 182
2 438
2 438
1 2
438 1
438 2
1 438
154 1
154 2
154 438
437 154
437 154
213 154
213 437
238 213
238 213
238 437
436 238
436 238
210 436
423 210
423 238
423 436
435 423
435 423
162 423
162 435
162 435
1 162
435 1
435 162
1 435
284 1
284 435
434 162
434 284
180 284
180 434
290 180
290 434
433 180
433 290
299 290
299 433
299 433
1 299
433 1
433 299
1 433
314 1
314 299
314 433
432 314
432 314
260 432
345 432
431 260
431 314
10 345
10 431
22 431
430 10
430 10
134 22
134 430
400 430
429 134
429 134
94 429
151 94
151 429
428 151
428 151
2 428
370 2
370 400
370 428
427 370
427 370
368 427
393 368
393 370
393 427
426 393
426 393
145 393
145 426
421 145
421 426
425 145
425 421
159 421
159 425
159 425
1 159
425 1
425 159
1 425
336 1
336 159
336 425
424 336
424 336
25 336
25 424
302 25
302 424
423 25
423 302
66 302
66 423
396 423
422 66
422 66
113 396
113 422
113 422
1 113
422 1
422 113
1 422
319 1
319 422
421 113
421 319
92 319
92 421
190 421
420 92
420 92
66 420
295 420
419 66
419 190
25 419
186 25
186 419
418 186
418 186
104 418
160 418
417 104
417 160
162 295
162 417
162 417
1 162
417 1
417 162
1 417
171 1
171 417
416 162
416 171
284 171
284 416
284 416
1 284
416 1
416 284
1 416
408 1
408 416
415 284
415 408
78 415
216 415
414 78
414 216
87 414
176 87
176 408
176 414
413 176
413 176
204 176
204 413
204 413
1 204
413 1
413 204
1 413
351 1
351 204
351 413
412 351
412 351
79 351
79 412
286 412
411 79
411 79
67 411
266 411
410 67
410 266
204 410
220 204
220 410
409 220
409 220
76 286
76 409
225 409
408 76
408 76
9 225
9 408
9 408
1 9
408 1
408 9
1 408
334 1
334 9
334 408
407 334
407 334
232 407
300 232
300 334
300 407
406 300
406 300
24 406
50 24
50 406
405 50
405 50
176 405
403 176
403 300
403 405
404 403
404 403
10 404
57 10
57 403
57 404
403 57
403 57
160 57
160 403
349 160
349 160
349 403
402 349
402 349
121 349
121 402
121 402
1 121
402 1
402 121
1 402
198 1
198 121
198 402
401 198
401 198
171 198
171 401
317 171
317 401
400 171
400 317
217 400
363 217
363 400
399 317
399 363
90 363
90 399
90 399
1 90
399 1
399 90
1 399
112 1
112 399
398 90
398 112
130 112
130 398
130 398
1 130
398 1
398 130
1 398
210 1
210 130
210 398
397 210
397 210
138 397
192 397
396 138
396 192
231 210
231 396
231 396
1 231
396 1
396 231
1 396
293 1
293 231
293 396
395 293
395 293
33 395
233 33
233 293
233 395
394 233
394 233
195 233
195 394
195 394
1 195
394 1
394 195
1 394
207 1
207 195
207 394
393 207
393 207
40 393
364 40
364 207
364 393
392 364
392 364
103 364
103 392
103 392
1 103
392 1
392 103
1 392
124 1
124 392
391 103
391 124
44 391
57 44
57 391
390 57
390 57
285 124
285 390
285 390
1 285
390 1
390 285
1 390
320 1
320 285
320 390
389 320
389 320
77 389
142 77
142 389
388 142
388 142
91 320
91 388
346 91
346 91
346 388
387 346
387 346
52 346
52 387
52 387
1 52
387 1
387 52
1 387
151 1
151 387
386 52
386 151
12 386
199 12
199 151
199 386
385 199
385 199
116 199
116 385
154 116
154 385
384 116
384 154
118 154
118 384
118 384
1 118
384 1
384 118
1 384
265 384
383 1
383 118
170 383
221 383
382 170
382 221
278 382
345 265
345 278
345 382
381 345
381 345
104 345
104 381
123 104
123 104
123 381
380 123
380 123
1 123
1 380
1 380
2 1
380 2
380 1
2 380
108 1
108 380
379 2
379 108
52 108
52 379
180 52
180 52
180 379
378 180
378 180
88 180
88 378
88 378
1 88
378 1
378 88
1 378
96 1
96 378
377 88
377 96
94 96
94 377
258 377
376 94
376 94
191 258
191 376
326 376
375 191
375 191
3 326
3 375
3 375
1 3
375 1
375 3
1 375
100 1
100 3
100 375
374 100
374 100
194 100
194 374
194 374
1 194
374 1
374 194
1 374
253 1
253 374
373 194
373 253
57 253
57 373
255 373
372 57
372 57
131 255
131 372
131 372
1 131
372 1
372 131
1 372
349 1
349 372
371 131
371 349
278 371
297 371
370 278
370 297
167 349
167 370
167 370
1 167
370 1
370 167
1 370
202 370
369 1
369 167
84 369
317 84
317 369
368 202
368 317
188 317
188 368
356 188
356 368
367 188
367 356
14 356
14 367
188 14
188 14
188 367
366 188
366 188
13 366
196 366
365 13
365 188
231 196
231 365
231 365
1 231
365 1
365 231
1 365
292 1
292 231
292 365
364 292
364 292
271 364
283 364
363 271
363 283
185 363
336 185
336 363
362 292
362 336
218 336
218 362
338 362
361 218
361 218
159 338
159 361
169 159
169 159
169 361
360 169
360 169
185 169
185 360
241 185
241 360
359 185
359 241
267 359
329 241
329 267
329 359
358 329
358 329
207 329
207 358
207 358
1 207
358 1
358 207
1 358
342 358
357 1
357 207
43 357
298 43
298 342
298 357
356 298
356 298
243 298
243 356
305 243
305 243
305 356
355 305
355 305
45 305
45 355
211 45
211 355
354 45
354 211
77 211
77 354
89 77
89 354
353 77
353 89
95 353
265 89
265 353
352 95
352 265
157 265
157 352
157 352
1 157
352 1
352 157
1 352
312 352
351 1
351 157
2 312
2 351
331 351
350 2
350 2
128 331
128 350
128 350
1 128
350 1
350 128
1 350
277 1
277 350
349 128
349 277
32 349
257 349
348 32
348 257
95 277
95 348
346 95
346 95
346 348
347 346
347 346
43 346
43 347
170 43
170 347
346 43
346 170
1 346
300 1
300 346
345 170
345 300
44 300
44 345
297 44
297 44
297 345
344 297
344 297
115 297
115 344
115 344
1 115
344 1
344 115
1 344
150 1
150 115
150 344
343 150
343 150
55 150
55 343
301 343
342 55
342 55
127 342
175 127
175 301
175 342
341 175
341 175
268 175
268 341
302 268
302 268
302 341
340 302
340 302
9 302
9 340
218 340
339 9
339 9
54 339
126 339
338 54
338 126
30 338
61 338
337 30
337 61
77 337
166 337
336 77
336 166
176 218
176 336
209 176
209 336
335 176
335 209
208 209
208 335
265 208
265 208
265 335
334 265
334 265
176 265
176 334
176 334
1 176
334 1
334 176
1 334
221 334
333 1
333 176
238 221
238 333
254 238
254 333
332 238
332 254
222 254
222 332
288 332
331 222
331 222
115 288
115 331
198 331
330 115
330 115
153 330
247 153
247 198
247 330
329 247
329 247
36 247
36 329
36 329
1 36
329 1
329 36
1 329
171 1
171 329
328 36
328 171
302 328
315 171
315 328
327 302
327 315
100 315
100 327
232 100
232 100
232 327
326 232
326 232
106 232
106 326
106 326
1 106
326 1
326 106
1 326
178 326
325 1
325 106
236 325
322 178
322 236
322 325
324 322
324 322
149 322
149 324
149 324
1 149
324 1
324 149
1 324
249 1
249 324
323 149
323 249
201 323
241 201
241 323
322 241
322 241
64 322
134 64
134 249
134 322
321 134
321 134
107 134
107 321
107 321
1 107
321 1
321 107
1 321
134 1
134 321
320 107
320 134
137 134
137 320
198 137
198 320
319 137
319 198
177 198
177 319
177 319
1 177
319 1
319 177
1 319
219 1
219 177
219 319
318 219
318 219
1 219
1 318
1 318
2 1
318 2
318 1
2 318
119 1
119 318
317 2
317 119
127 119
127 317
209 317
316 127
316 127
43 209
43 316
275 43
275 43
275 316
315 275
315 275
175 275
175 315
269 175
269 315
314 175
314 269
104 269
104 314
117 314
313 104
313 104
258 117
258 313
258 313
1 258
313 1
313 258
1 313
278 313
312 1
312 258
29 312
92 29
92 312
311 92
311 92
117 278
117 311
117 311
1 117
311 1
311 117
1 311
290 1
290 117
290 311
310 290
310 290
12 290
12 310
12 310
1 12
310 1
310 12
1 310
56 1
56 310
309 12
309 56
160 56
160 309
160 309
1 160
309 1
309 160
1 309
259 309
308 1
308 160
28 308
281 28
281 259
281 308
307 281
307 281
2 281
2 307
2 307
1 2
307 1
307 2
1 307
279 307
306 1
306 2
231 279
231 306
231 306
1 231
306 1
306 231
1 306
252 1
252 306
305 231
305 252
184 252
184 305
235 184
235 305
304 184
304 235
61 235
61 304
61 304
1 61
304 1
304 61
1 304
66 1
66 61
66 304
303 66
303 66
160 66
160 303
160 303
1 160
303 1
303 160
1 303
224 1
224 303
302 160
302 224
15 302
51 15
51 302
301 51
301 51
2 301
227 301
300 2
300 224
223 227
223 300
223 300
1 223
300 1
300 223
1 300
279 1
279 300
299 223
299 279
41 279
41 299
192 41
192 41
192 299
298 192
298 192
83 298
155 83
155 298
297 155
297 155
86 192
86 297
106 86
106 86
106 297
296 106
296 106
26 106
26 296
26 296
1 26
296 1
296 26
1 296
72 296
295 1
295 26
171 72
171 295
200 171
200 171
200 295
294 200
294 200
17 200
17 294
153 294
293 17
293 17
29 293
187 29
187 293
292 153
292 187
41 187
41 292
41 292
1 41
292 1
292 41
1 292
282 1
282 292
291 41
291 282
126 291
257 126
257 291
290 257
290 257
75 282
75 290
185 290
289 75
289 75
9 289
134 9
134 185
134 289
288 134
288 134
144 134
144 288
286 144
286 144
286 288
287 286
287 286
188 287
195 188
195 286
195 287
286 195
286 195
230 286
283 195
283 230
283 286
285 283
285 283
105 283
105 285
257 105
257 285
284 105
284 257
27 284
219 284
283 27
283 219
102 283
215 102
215 283
282 215
282 215
74 282
120 74
120 257
120 282
281 120
281 120
171 120
171 281
221 171
221 171
221 281
280 221
280 221
103 280
181 103
181 221
181 280
279 181
279 181
74 181
74 279
74 279
1 74
279 1
279 74
1 279
222 279
278 1
278 74
31 222
31 278
31 278
1 31
278 1
278 31
1 278
101 1
101 31
101 278
277 101
277 101
201 101
201 277
201 277
1 201
277 1
277 201
1 277
242 1
242 201
242 277
276 242
276 242
126 242
126 276
176 126
176 126
176 276
275 176
275 176
99 275
239 275
274 99
274 176
157 239
157 274
256 157
256 274
273 157
273 256
15 256
15 273
72 15
72 15
72 273
272 72
272 72
21 272
186 272
271 21
271 72
81 186
81 271
183 271
270 81
270 81
35 183
35 270
197 35
197 35
197 270
269 197
269 197
138 197
138 269
246 138
246 138
246 269
268 246
268 246
57 246
57 268
117 57
117 57
117 268
267 117
267 117
32 117
32 267
32 267
1 32
267 1
267 32
1 267
55 1
55 32
55 267
266 55
266 55
38 55
38 266
38 266
1 38
266 1
266 38
1 266
256 1
256 38
256 266
265 256
265 256
28 256
28 265
251 28
251 265
264 28
264 251
133 251
133 264
213 264
263 133
263 133
242 263
254 263
262 213
262 242
117 254
117 262
117 262
1 117
262 1
262 117
1 262
215 1
215 262
261 117
261 215
56 261
210 261
260 56
260 210
78 215
78 260
78 260
1 78
260 1
260 78
1 260
154 1
154 78
154 260
259 154
259 154
87 259
189 259
258 87
258 154
97 258
147 97
147 189
147 258
257 147
257 147
189 147
189 257
255 189
255 189
255 257
256 255
256 255
59 255
59 256
59 256
1 59
256 1
256 59
1 256
76 1
76 256
255 59
255 76
36 76
36 255
36 255
1 36
255 1
255 36
1 255
221 1
221 255
254 36
254 221
198 221
198 254
198 254
1 198
254 1
254 198
1 254
251 254
253 1
253 198
42 253
185 42
185 253
252 185
252 185
31 252
34 31
34 252
251 34
36 251
143 34
143 36
143 251
250 143
250 143
8 143
8 250
8 250
1 8
250 1
250 8
1 250
139 1
139 250
249 8
249 139
6 139
6 249
52 6
52 249
248 6
248 52
97 248
242 52
242 248
247 97
247 242
56 242
56 247
225 56
225 247
246 56
246 225
96 246
226 246
245 96
245 225
126 245
178 126
178 226
178 245
244 178
244 178
139 178
139 244
139 244
1 139
244 1
244 139
1 244
242 1
242 244
243 139
243 242
34 242
34 243
164 243
242 34
242 34
24 164
24 242
24 242
1 24
242 1
242 24
1 242
204 1
204 242
241 24
241 204
92 241
106 241
240 92
240 106
96 204
96 240
96 240
1 96
240 1
240 96
1 240
103 1
103 96
103 240
239 103
239 103
60 103
60 239
60 239
1 60
239 1
239 60
1 239
106 239
238 1
238 60
138 106
138 238
138 238
1 138
238 1
238 138
1 238
192 1
192 238
237 138
237 192
40 192
40 237
40 237
1 40
237 1
237 40
1 237
218 237
236 1
236 40
13 218
13 236
13 236
1 13
236 1
236 13
1 236
187 1
187 13
187 236
235 187
235 187
65 187
65 235
132 65
132 65
132 235
234 132
234 132
20 132
20 234
20 234
1 20
234 1
234 20
1 234
109 1
109 234
233 20
233 109
79 109
79 233
213 79
213 233
232 79
232 213
81 232
133 81
133 213
133 232
231 133
231 133
55 231
88 55
88 133
88 231
230 88
230 88
33 230
169 230
229 33
229 88
97 169
97 229
97 229
1 97
229 1
229 97
1 229
149 1
149 97
149 229
228 149
228 149
63 228
147 228
227 63
227 147
120 149
120 227
120 227
1 120
227 1
227 120
1 227
163 227
226 1
226 120
51 226
106 51
106 163
106 226
225 106
225 106
40 106
40 225
40 225
1 40
225 1
225 40
1 225
186 225
224 1
224 40
104 186
104 224
104 224
1 104
224 1
224 104
1 224
165 1
165 104
165 224
223 165
223 165
30 223
31 223
222 30
222 31
102 222
156 222
221 102
221 156
115 165
115 221
161 115
161 115
161 221
220 161
220 161
109 161
109 220
109 220
1 109
220 1
220 109
1 220
160 220
219 1
219 109
94 219
155 94
155 219
218 155
218 155
38 218
153 218
217 38
217 153
103 217
207 103
207 160
207 217
216 207
216 207
75 216
103 75
103 216
215 103
215 103
126 207
126 215
126 215
1 126
215 1
215 126
1 215
172 1
172 215
214 126
214 172
112 214
141 112
141 172
141 214
213 141
213 141
110 213
131 110
131 213
212 131
212 131
34 141
34 212
34 212
1 34
212 1
212 34
1 212
48 1
48 34
48 212
211 48
211 48
71 211
77 211
210 48
210 71
60 77
60 210
60 210
1 60
210 1
210 60
1 210
170 1
170 60
170 210
209 170
209 170
53 209
68 53
68 209
208 68
208 68
37 170
37 208
153 208
207 37
207 37
69 207
149 69
149 153
149 207
206 149
206 149
22 149
22 206
22 206
1 22
206 1
206 22
1 206
77 1
77 206
205 22
205 77
153 205
180 77
180 205
204 153
204 180
37 180
37 204
53 37
53 37
53 204
203 53
203 53
28 53
28 203
28 203
1 28
203 1
203 28
1 203
159 203
202 1
202 28
153 159
153 202
153 202
1 153
202 1
202 153
1 202
156 1
156 202
201 153
201 156
45 201
80 201
200 45
200 80
15 200
107 200
199 15
199 107
92 199
157 92
157 199
198 156
198 157
2 157
2 198
2 198
1 2
198 1
198 2
1 198
111 1
111 198
197 2
197 111
37 111
37 197
155 37
155 37
155 197
196 155
196 155
9 196
26 196
195 9
195 26
5 195
70 5
70 195
194 70
194 70
97 155
97 194
97 194
1 97
194 1
194 97
1 194
143 1
143 97
143 194
193 143
193 143
149 143
149 193
171 149
171 149
171 193
192 171
192 171
118 171
118 192
120 118
120 118
120 192
191 120
191 120
150 120
150 191
150 191
1 150
191 1
191 150
1 191
188 191
190 1
190 150
25 188
25 190
25 190
1 25
190 1
190 25
1 190
123 190
189 1
189 25
35 123
35 189
35 189
1 35
189 1
189 35
1 189
146 189
188 1
188 35
123 146
123 188
123 188
1 123
188 1
188 123
1 188
152 1
152 188
187 123
187 152
102 152
102 187
102 187
1 102
187 1
187 102
1 187
144 187
186 1
186 102
15 144
15 186
55 15
55 15
55 186
185 55
185 55
91 185
120 55
120 185
184 91
184 120
31 120
31 184
31 184
1 31
184 1
184 31
1 184
152 1
152 184
183 31
183 152
147 152
147 183
148 147
148 147
148 183
182 148
182 148
6 148
6 182
165 6
165 6
165 182
181 165
181 165
23 165
23 181
23 181
1 23
181 1
181 23
1 181
108 1
108 181
180 23
180 108
69 108
69 180
121 69
121 180
179 69
179 121
149 121
149 179
149 179
1 149
179 1
179 149
1 179
170 179
178 1
178 149
40 170
40 178
40 178
1 40
178 1
178 40
1 178
43 1
43 40
43 178
177 43
177 43
100 177
144 43
144 177
176 100
176 144
149 144
149 176
149 176
1 149
176 1
176 149
1 176
159 176
175 1
175 149
75 175
160 75
160 175
174 159
174 160
46 174
131 174
173 46
173 131
66 160
66 173
120 66
120 173
172 66
172 120
7 120
7 172
122 172
171 7
171 7
69 171
115 69
115 122
115 171
170 115
170 115
22 115
22 170
61 22
61 22
61 170
169 61
169 61
66 61
66 169
123 66
123 66
123 169
168 123
168 123
20 168
119 20
119 123
119 168
167 119
167 119
61 167
99 61
99 167
166 99
166 99
6 166
147 6
147 119
147 166
165 147
165 147
100 147
100 165
142 100
142 100
142 165
164 142
164 142
86 142
86 164
108 164
163 86
163 86
94 108
94 163
94 163
1 94
163 1
163 94
1 163
135 1
135 94
135 163
162 135
162 135
27 135
27 162
27 162
1 27
162 1
162 27
1 162
39 162
161 1
161 27
56 39
56 161
56 161
1 56
161 1
161 56
1 161
98 1
98 161
160 56
160 98
90 160
114 90
114 98
114 160
159 114
159 114
32 159
123 159
158 32
158 114
47 123
47 158
47 158
1 47
158 1
158 47
1 158
96 158
157 1
157 47
14 96
14 157
140 157
156 14
156 14
47 140
47 156
89 47
89 156
155 47
155 89
15 89
15 155
70 15
70 155
154 15
154 70
98 154
103 154
153 70
153 98
1 103
1 153
84 1
84 1
84 153
152 84
152 84
9 84
9 152
9 152
1 9
152 1
152 9
1 152
124 1
124 9
124 152
151 124
151 124
104 124
104 151
138 104
138 104
138 151
150 138
150 138
59 138
59 150
59 150
1 59
150 1
150 59
1 150
112 1
112 150
149 59
149 112
16 112
16 149
16 149
1 16
149 1
149 16
1 149
94 149
148 1
148 16
97 148
107 148
147 94
147 97
60 107
60 147
60 147
1 60
147 1
147 60
1 147
125 1
125 60
125 147
146 125
146 125
54 146
93 54
93 146
145 93
145 93
98 145
120 145
144 98
144 120
43 144
75 43
75 125
75 144
143 75
143 75
60 75
60 143
60 143
1 60
143 1
143 60
1 143
64 1
64 60
64 143
142 64
142 64
32 64
32 142
32 142
1 32
142 1
142 32
1 142
50 142
141 1
141 32
49 50
49 141
127 141
140 49
140 49
3 127
3 140
116 3
116 3
116 140
139 116
139 116
10 116
10 139
10 139
1 10
139 1
139 10
1 139
100 1
100 139
138 10
138 100
76 100
76 138
96 76
96 76
96 138
137 96
137 96
86 137
135 86
135 137
136 96
136 135
49 135
49 136
49 136
1 49
136 1
136 49
1 136
106 136
135 1
135 49
52 135
97 135
134 52
134 97
29 106
29 134
93 134
133 29
133 29
25 133
110 25
110 133
132 93
132 110
7 110
7 132
7 132
1 7
132 1
132 7
1 132
69 132
131 1
131 7
28 131
129 28
129 69
129 131
130 129
130 129
25 129
25 130
41 25
41 130
129 25
129 41
23 129
49 23
49 129
128 41
128 49
12 49
12 128
12 128
1 12
128 1
128 12
1 128
51 1
51 128
127 12
127 51
54 51
54 127
65 127
126 54
126 54
84 65
84 126
103 126
125 84
125 84
21 125
87 125
124 21
124 87
85 124
118 85
118 124
123 103
123 118
29 118
29 123
29 123
1 29
123 1
123 29
1 123
104 1
104 123
122 29
122 104
40 122
120 122
121 40
121 104
1 120
1 121
1 121
2 1
121 2
121 1
2 121
105 1
105 2
105 121
120 105
120 105
12 120
61 12
61 120
119 61
119 61
8 105
8 119
8 119
1 8
119 1
119 8
1 119
69 119
118 1
118 8
65 118
102 118
117 65
117 69
2 117
10 2
10 117
116 10
116 10
40 116
50 40
50 116
115 50
115 50
75 102
75 115
75 115
1 75
115 1
115 75
1 115
98 1
98 75
98 115
114 98
114 98
10 98
10 114
45 10
45 114
113 10
113 45
91 45
91 113
94 91
94 91
94 113
112 94
112 94
34 112
52 34
52 94
52 112
111 52
111 52
4 52
4 111
51 4
51 111
110 4
110 51
29 51
29 110
29 110
1 29
110 1
110 29
1 110
35 110
109 1
109 29
82 109
101 35
101 109
108 82
108 101
2 108
45 2
45 108
107 45
107 45
8 101
8 107
92 8
92 107
106 8
106 92
4 92
4 106
4 106
1 4
106 1
106 4
1 106
5 1
5 4
5 106
105 5
105 5
49 5
49 105
84 49
84 49
84 105
104 84
104 84
18 84
18 104
32 18
32 104
103 18
103 32
21 32
21 103
21 103
1 21
103 1
103 21
1 103
54 1
54 21
54 103
102 54
102 54
91 102
93 54
93 102
101 91
101 93
92 93
92 101
92 101
1 92
101 1
101 92
1 101
96 1
96 92
96 101
100 96
100 96
35 96
35 100
35 100
1 35
100 1
100 35
1 100
83 1
83 35
83 100
99 83
99 83
11 83
11 99
15 11
15 99
98 11
98 15
20 15
20 98
64 20
64 98
97 20
97 64
49 64
49 97
49 97
1 49
97 1
97 49
1 97
65 1
65 97
96 49
96 65
27 65
27 96
27 96
1 27
96 1
96 27
1 96
28 1
28 96
95 27
95 28
48 28
48 95
69 48
69 48
69 95
94 69
94 69
27 69
27 94
90 94
93 27
93 27
21 93
85 21
85 93
92 85
92 85
22 90
22 92
22 92
1 22
92 1
92 22
1 92
25 1
25 92
91 22
91 25
46 91
52 25
52 91
90 46
90 52
63 90
65 52
65 90
89 63
89 65
27 65
27 89
27 89
1 27
89 1
89 27
1 89
45 1
45 89
88 27
88 45
23 88
33 23
33 88
87 33
87 33
35 45
35 87
52 87
86 35
86 35
19 52
19 86
19 86
1 19
86 1
86 19
1 86
63 86
85 1
85 19
18 85
57 85
84 18
84 57
57 63
57 84
66 84
83 57
83 57
37 66
37 83
44 37
44 83
82 37
82 44
50 44
50 82
50 82
1 50
82 1
82 50
1 82
75 1
75 50
75 82
81 75
81 75
4 81
64 4
64 75
64 81
80 64
80 64
22 80
69 22
69 64
69 80
79 69
79 69
37 69
37 79
37 79
1 37
79 1
79 37
1 79
77 1
77 37
77 79
78 77
78 77
33 77
33 78
33 78
1 33
78 1
78 33
1 78
60 78
77 1
77 33
56 77
66 56
66 77
76 60
76 66
6 66
6 76
41 76
75 6
75 6
14 41
14 75
19 75
74 14
74 14
8 19
8 74
8 74
1 8
74 1
74 8
1 74
58 74
73 1
73 8
16 58
16 73
16 73
1 16
73 1
73 16
1 73
24 73
72 1
72 16
2 24
2 72
2 72
1 2
72 1
72 2
1 72
27 1
27 2
27 72
71 27
71 27
19 27
19 71
50 19
50 19
50 71
70 50
70 50
12 50
12 70
12 70
1 12
70 1
70 12
1 70
63 1
63 70
69 12
69 63
30 63
30 69
30 69
1 30
69 1
69 30
1 69
32 1
32 30
32 69
68 32
68 32
10 32
10 68
57 10
57 68
67 10
67 57
33 57
33 67
33 67
1 33
67 1
67 33
1 67
56 1
56 67
66 33
66 56
24 56
24 66
24 66
1 24
66 1
66 24
1 66
43 1
43 24
43 66
65 43
65 43
3 43
3 65
3 65
1 3
65 1
65 3
1 65
13 1
13 3
13 65
64 13
64 13
38 13
38 64
50 38
50 64
63 38
63 50
24 50
24 63
24 63
1 24
63 1
63 24
1 63
39 63
62 1
62 24
19 62
47 19
47 39
47 62
61 47
61 47
20 61
42 61
60 20
60 42
5 47
5 60
25 5
25 60
59 5
59 25
4 25
4 59
22 4
22 59
58 4
58 22
31 58
56 58
57 22
57 31
10 56
10 57
10 57
1 10
57 1
57 10
1 57
30 1
30 10
30 57
56 30
56 30
27 30
27 56
27 56
1 27
56 1
56 27
1 56
28 1
28 56
55 27
55 28
5 28
5 55
9 5
9 55
54 5
54 9
28 54
35 9
35 54
53 28
53 35
18 53
40 18
40 53
52 35
52 40
24 40
24 52
24 52
1 24
52 1
52 24
1 52
33 1
33 52
51 24
51 33
9 33
9 51
27 9
27 9
27 51
50 27
50 27
2 50
20 2
20 27
20 50
49 20
49 20
38 20
38 49
43 38
43 49
48 38
48 43
13 43
13 48
13 48
1 13
48 1
48 13
1 48
37 1
37 48
47 13
47 37
4 37
4 47
18 4
18 47
46 4
46 18
11 18
11 46
34 11
34 11
34 46
45 34
45 34
42 45
44 45
44 34
16 42
16 44
42 16
42 16
42 44
43 42
43 42
6 42
6 43
37 6
37 43
42 6
42 37
23 42
28 42
41 23
41 28
12 41
25 41
40 12
40 25
5 37
5 40
5 40
1 5
40 1
40 5
1 40
13 40
39 1
39 5
16 39
23 13
23 16
23 39
38 23
38 23
5 23
5 38
16 5
16 5
16 38
37 16
37 16
5 16
5 37
5 37
1 5
37 1
37 5
1 37
9 1
9 37
36 5
36 9
9 36
13 9
13 9
13 36
35 13
35 13
8 13
8 35
8 35
1 8
35 1
35 8
1 35
16 35
34 1
34 8
6 34
29 34
33 6
33 16
5 33
14 33
32 5
32 14
1 32
31 32
31 1
21 31
21 31
30 21
30 21
25 29
25 30
25 30
1 25
30 1
30 25
1 30
26 1
26 30
29 25
29 26
7 26
7 29
19 7
19 29
28 7
28 19
2 28
21 2
21 28
27 19
27 21
11 27
16 11
16 21
16 27
26 16
26 16
6 16
6 26
9 6
9 6
9 26
25 9
25 9
3 9
3 25
3 25
1 3
25 1
25 3
1 25
12 25
24 1
24 3
9 12
9 24
9 24
1 9
24 1
24 9
1 24
10 24
23 1
23 9
18 23
20 10
20 23
22 18
22 20
1 22
9 1
9 20
9 22
21 9
21 9
9 21
15 9
15 9
15 21
20 15
20 15
13 20
17 13
17 15
17 20
19 17
19 17
1 19
7 1
7 19
18 7
18 7
6 17
6 18
8 18
17 6
17 6
5 17
9 5
9 17
16 8
16 9
7 9
7 16
10 7
10 7
10 16
15 10
15 10
2 10
2 15
2 15
1 2
15 1
15 2
1 15
9 15
14 1
14 2
1 9
1 14
13 1
13 1
13 14
1 13
7 1
7 13
8 7
8 7
8 13
12 8
12 8
2 8
2 12
2 12
1 2
12 1
12 2
1 12
4 1
4 2
4 12
11 4
11 4
3 4
3 11
3 11
1 3
11 1
11 3
1 11
4 1
4 11
10 3
10 4
1 4
1 10
1 10
2 1
10 2
10 1
2 10
3 1
3 10
9 2
9 3
4 3
4 9
6 9
8 4
8 4
4 8
5 8
7 4
7 5
2 6
2 7
2 7
1 2
7 1
7 2
1 7
5 1
5 7
6 2
6 5
3 6
4 3
4 6
5 4
1 4
1 5
1 5
2 1
5 2
5 1
2 5
4 1
4 5
3 2
3 4
3 4
1 3
1 3
1 3
2 1
3 2
3 1
2 3
2 3
1 2
1 2
