732
77 310 345
450 463 655
288 599 698
11 24 411
209 399 691
320 446 594
21 112 260
317 541 626
156 216 719
11 117 488
540 686 699
185 444 625
76 257 307
365 381 675
1 116 414
74 171 542
188 305 710
10 159 566
426 640 697
289 332 610
83 646 692
344 374 677
6 410 601
421 454 677
143 342 564
453 577 601
148 281 563
190 221 617
43 132 286
605 643 696
129 231 539
25 177 535
235 256 602
353 462 581
27 364 714
51 376 560
348 446 572
153 467 671
175 193 215
33 412 427
40 85 605
156 289 450
7 350 394
191 332 706
107 590 653
202 454 522
194 427 510
374 383 583
55 57 529
95 123 720
22 47 665
201 347 629
19 364 463
26 83 698
67 124 148
147 392 723
293 331 646
8 196 205
219 279 373
372 623 646
31 114 652
92 568 721
27 46 200
419 653 695
82 640 681
45 140 328
181 388 555
27 53 302
366 433 633
109 310 553
30 346 619
4 351 503
36 194 645
121 378 572
307 566 597
448 469 547
116 367 554
89 308 546
188 192 520
533 621 709
62 258 395
21 159 255
346 402 531
344 504 569
138 157 395
109 209 609
179 224 534
37 336 586
139 483 526
334 386 676
47 486 503
238 628 639
33 78 662
23 220 306
166 204 324
17 167 185
99 536 667
486 544 690
447 470 492
32 132 381
292 693 708
379 396 599
121 192 410
244 400 568
259 589 612
272 620 703
95 190 672
314 329 384
398 511 520
96 245 276
266 556 712
559 604 660
70 291 673
90 293 528
26 415 724
195 499 661
198 432 455
435 497 687
107 340 635
393 561 704
252 533 631
437 455 577
119 401 618
315 439 702
385 569 708
286 424 438
203 598 688
72 722 725
56 208 574
84 311 428
441 460 630
73 539 564
76 94 278
113 132 571
220 489 657
148 358 390
396 453 461
25 261 343
382 496 604
130 234 565
287 543 570
674 682 726
370 404 419
75 153 223
158 397 434
243 420 660
137 654 676
431 576 604
133 348 379
136 253 436
39 378 487
136 424 555
477 603 636
16 349 456
118 196 350
108 278 297
86 361 522
98 330 493
215 440 651
79 319 436
523 548 658
3 115 457
325 727 732
300 600 684
201 234 506
120 236 393
158 614 678
103 659 693
231 294 391
155 160 359
4 110 461
188 480 669
140 254 498
654 659 728
258 302 499
381 510 638
316 411 634
290 415 573
272 309 650
9 198 326
243 514 726
301 464 712
41 184 242
233 261 349
175 558 662
307 415 554
2 409 708
69 668 700
331 485 624
100 637 685
40 435 505
199 636 680
162 263 488
38 241 331
123 507 667
122 138 568
476 613 635
7 681 731
489 519 567
247 729 731
162 341 471
354 369 687
56 306 642
82 300 309
403 485 659
143 338 369
90 422 483
281 340 560
129 256 671
276 480 679
509 551 661
228 497 534
52 720 725
13 62 72
177 212 580
335 558 683
224 279 451
376 447 469
41 165 718
57 536 611
48 91 443
74 153 393
236 513 674
44 58 370
114 227 588
88 451 612
171 220 689
373 380 588
113 457 681
29 502 728
100 182 730
85 312 559
189 225 662
58 628 668
217 267 299
515 609 665
134 573 590
97 117 382
43 506 654
142 149 528
5 128 382
36 91 351
314 376 609
315 458 459
206 280 456
292 563 592
13 413 497
22 186 414
187 422 713
126 347 462
138 251 691
325 593 707
260 495 537
324 491 675
228 362 402
103 531 649
332 523 711
37 133 183
59 174 505
501 513 700
80 342 532
491 515 688
5 71 173
171 606 682
15 86 322
301 472 517
202 687 705
115 157 612
22 440 699
538 705 715
218 445 600
55 288 421
217 263 323
77 336 561
358 439 521
340 439 501
264 325 494
204 380 577
223 620 668
26 294 502
262 265 685
147 186 667
52 242 292
163 315 468
68 323 641
82 285 507
299 352 400
70 308 440
239 658 703
13 322 398
59 297 732
259 710 714
160 234 482
8 548 591
581 611 616
151 228 525
368 397 547
46 333 623
40 560 693
372 589 672
239 408 535
136 230 624
41 135 471
430 580 670
182 273 635
225 717 731
30 375 459
67 197 436
200 229 418
78 164 556
111 291 417
57 406 605
121 347 371
268 391 490
230 297 709
88 713 723
38 337 714
291 465 500
65 319 541
87 251 515
145 266 639
102 176 690
345 553 613
32 85 167
48 616 638
310 318 709
414 442 624
83 387 466
134 137 507
189 416 725
470 534 671
140 200 306
66 101 518
39 147 711
405 477 592
595 719 720
269 511 670
284 313 344
63 287 724
93 361 678
9 36 385
35 452 694
142 143 511
29 164 207
112 521 716
150 311 631
483 549 617
273 346 575
29 489 625
50 264 416
50 615 663
60 389 584
204 443 632
434 487 679
227 657 718
18 632 702
34 400 589
20 302 316
201 214 470
122 304 722
18 89 656
65 392 460
42 210 557
196 226 484
79 109 418
161 236 336
125 476 702
320 491 591
498 538 715
433 532 701
133 647 712
62 176 480
567 585 726
105 151 592
17 64 275
240 252 494
91 250 424
125 293 319
146 607 657
73 342 430
298 562 579
49 124 290
146 403 606
24 405 521
8 167 438
254 597 631
16 453 496
312 327 575
15 345 630
2 126 420
105 119 425
477 601 0
290 655 691
456 586 615
444 530 573
498 510 537
93 103 187
170 303 518
61 86 598
4 244 407
127 377 459
70 114 621
123 356 430
154 168 270
392 531 686
162 256 334
205 264 379
73 108 465
423 449 561
246 428 479
277 484 527
504 519 583
271 585 711
219 423 618
142 528 644
150 464 524
384 544 730
28 574 582
263 355 474
185 399 408
582 669 683
116 222 632
444 475 692
102 232 232
313 468 550
399 630 710
98 412 728
241 349 524
146 516 562
296 572 588
96 254 435
106 368 627
87 479 614
277 595 718
375 464 545
30 175 266
15 248 361
212 282 587
232 593 694
317 434 571
294 622 645
275 642 696
106 269 502
68 417 540
363 422 661
54 99 449
296 514 721
341 389 614
53 522 590
49 493 617
137 165 441
280 545 670
317 327 581
339 371 579
508 525 669
354 398 729
33 187 621
323 386 557
243 474 481
131 164 373
282 300 550
377 603 689
88 369 395
191 402 675
111 249 705
475 651 665
66 131 202
154 352 578
14 321 465
442 442 542
362 448 538
262 313 390
99 205 727
197 390 481
149 555 672
165 192 664
119 388 549
19 209 586
28 135 271
518 606 639
152 199 627
9 54 102
183 432 649
298 519 536
127 253 699
47 217 541
214 237 643
384 457 616
134 169 611
368 413 594
166 231 727
65 471 698
124 496 574
19 169 210
482 563 648
25 208 472
14 104 211
250 582 683
113 404 663
90 166 722
7 284 284
316 353 426
173 195 288
81 285 328
77 229 652
322 446 512
149 230 362
540 552 634
11 253 634
145 262 492
412 431 564
154 240 703
84 448 458
45 51 517
3 20 420
207 226 298
161 356 385
51 697 706
455 493 685
6 372 535
75 144 211
87 135 391
172 559 593
178 360 562
311 337 549
193 268 309
101 139 600
81 715 723
476 481 526
433 445 608
92 144 305
94 303 463
508 570 571
64 206 505
246 378 405
6 37 129
67 452 656
152 341 359
282 566 651
76 357 520
61 363 485
155 180 365
275 326 333
95 242 367
144 432 598
330 539 653
58 472 650
44 360 641
484 501 547
213 473 569
32 145 608
274 636 716
409 467 706
170 673 700
427 526 686
12 80 602
60 389 542
152 287 406
286 514 576
548 628 689
235 546 704
130 265 466
31 355 545
97 178 509
329 620 732
576 649 695
35 225 273
212 267 666
190 516 666
255 629 695
75 127 721
118 352 529
12 438 524
125 289 552
34 295 364
335 407 437
158 233 443
366 509 607
46 203 269
104 274 478
49 495 516
120 130 250
2 80 499
115 663 0
280 546 607
52 226 707
117 550 567
380 394 437
120 239 565
96 238 320
163 247 396
42 406 584
222 425 447
108 451 587
159 474 523
172 182 682
45 151 578
55 527 701
178 279 674
34 237 343
199 276 642
63 227 350
17 107 660
101 197 525
486 623 719
181 207 330
105 318 426
371 490 603
44 261 401
184 469 678
71 258 724
81 161 425
28 314 558
181 272 411
218 219 387
64 308 338
43 110 619
357 401 578
221 517 585
110 213 383
277 283 645
180 189 329
295 490 579
221 283 650
168 295 504
35 94 203
356 610 707
223 450 599
1 173 360
141 357 595
543 704 0
60 688 697
56 61 157
353 417 533
59 343 580
245 278 544
211 285 458
128 195 482
255 394 575
428 460 551
63 410 690
21 388 596
38 503 556
118 409 643
348 445 666
169 431 537
177 179 466
20 551 717
648 677 713
98 452 684
141 216 339
512 512 527
106 387 543
122 244 473
252 283 638
403 584 615
111 270 530
337 407 565
179 267 478
241 271 374
69 429 479
304 326 552
180 375 461
48 206 338
233 312 363
84 327 673
587 596 692
74 93 413
1 186 303
245 622 627
3 237 644
50 513 591
12 260 365
39 251 626
238 423 652
78 160 473
156 214 648
333 594 647
210 487 608
72 170 229
335 418 500
104 198 377
150 246 679
71 126 216
16 249 625
274 468 664
224 328 397
222 354 637
112 247 281
54 296 618
194 644 696
174 324 647
155 183 488
66 359 664
176 492 729
31 529 717
191 248 462
24 128 366
131 184 656
10 633 676
168 257 613
441 530 640
351 449 633
10 370 421
416 454 583
68 139 429
97 240 557
193 249 506
299 602 629
23 429 716
79 358 597
367 619 641
235 570 626
5 257 610
172 268 386
23 318 508
215 265 637
42 53 141
500 532 701
14 554 730
321 467 553
213 218 495
494 622 680
174 334 684
383 655 680
92 404 478
69 339 596
259 304 355
100 321 694
301 408 419
270 305 475
89 248 658
18 163 208
