5725
733 392
733 584
356 631
356 733
356 733
1 356
733 1
733 356
1 733
361 1
361 356
361 733
732 361
732 361
78 361
78 732
78 732
1 78
732 1
732 78
1 732
356 732
731 1
731 78
404 731
657 356
657 731
730 404
730 657
182 657
182 730
182 730
1 182
730 1
730 182
1 730
266 1
266 182
266 730
729 266
729 266
190 266
190 729
190 729
1 190
729 1
729 190
1 729
231 1
231 190
231 729
728 231
728 231
105 231
105 728
105 728
1 105
728 1
728 105
1 728
292 1
292 105
292 728
727 292
727 292
188 292
188 727
188 727
1 188
727 1
727 188
1 727
661 1
661 188
661 727
726 661
726 661
62 661
62 726
62 726
1 62
726 1
726 62
1 726
531 1
531 62
531 726
725 531
725 531
48 531
48 725
620 725
724 48
724 48
259 620
259 724
692 259
692 259
692 724
723 692
723 692
277 723
376 723
722 277
722 376
550 692
550 722
550 722
1 550
722 1
722 550
1 722
620 1
620 722
721 550
721 620
266 620
266 721
469 266
469 721
720 266
720 469
469 720
469 720
1 469
720 1
720 469
1 720
497 1
497 469
497 720
719 497
719 497
318 719
681 719
718 318
718 497
363 681
363 718
363 718
1 363
718 1
718 363
1 718
592 1
592 363
592 718
717 592
717 592
39 717
159 39
159 592
159 717
716 159
716 159
94 159
94 716
94 716
1 94
716 1
716 94
1 716
710 1
710 94
710 716
715 710
715 710
523 710
523 715
523 715
1 523
715 1
715 523
1 715
596 1
596 523
596 715
714 596
714 596
241 596
241 714
241 714
1 241
714 1
714 241
1 714
263 1
263 241
263 714
713 263
713 263
33 263
33 713
33 713
1 33
713 1
713 33
1 713
561 1
561 33
561 713
712 561
712 561
77 561
77 712
544 712
711 77
711 77
160 544
160 711
160 711
1 160
711 1
711 160
1 711
365 1
365 160
365 711
710 365
710 365
90 365
90 710
458 90
458 710
709 90
709 458
235 709
287 235
287 458
287 709
708 287
708 287
39 287
39 708
526 39
526 39
526 708
707 526
707 526
238 526
238 707
238 707
1 238
707 1
707 238
1 707
564 1
564 238
564 707
706 564
706 564
285 564
285 706
285 706
1 285
706 1
706 285
1 706
444 1
444 285
444 706
705 444
705 444
330 444
330 705
350 705
704 330
704 330
18 350
18 704
18 704
1 18
704 1
704 18
1 704
700 1
700 18
700 704
703 700
703 700
72 700
72 703
242 703
702 72
702 72
131 242
131 702
131 702
1 131
702 1
702 131
1 702
451 702
701 1
701 131
404 451
404 701
625 404
625 404
625 701
700 625
700 625
18 700
69 700
699 18
699 69
460 625
460 699
460 699
1 460
699 1
699 460
1 699
467 1
467 699
698 460
698 467
4 467
4 698
384 4
384 4
384 698
697 384
697 384
44 384
44 697
44 697
1 44
697 1
697 44
1 697
464 1
464 44
464 697
696 464
696 464
61 464
61 696
61 696
1 61
696 1
696 61
1 696
563 1
563 61
563 696
695 563
695 563
322 563
322 695
372 322
372 695
694 322
694 372
333 372
333 694
333 694
1 333
694 1
694 333
1 694
467 1
467 333
467 694
693 467
693 467
170 467
170 693
170 693
1 170
693 1
693 170
1 693
542 1
542 170
542 693
692 542
692 542
192 692
531 192
531 542
531 692
691 531
691 531
47 531
47 691
47 691
1 47
691 1
691 47
1 691
73 1
73 691
690 47
690 73
446 73
446 690
446 690
1 446
690 1
690 446
1 690
482 1
482 690
689 446
689 482
7 482
7 689
345 7
345 7
345 689
688 345
688 345
422 345
422 688
593 422
593 422
593 688
687 593
687 593
87 593
87 687
217 87
217 87
217 687
686 217
686 217
552 217
552 686
552 686
1 552
686 1
686 552
1 686
580 1
580 686
685 552
685 580
154 580
154 685
154 685
1 154
685 1
685 154
1 685
387 1
387 154
387 685
684 387
684 387
241 684
611 241
611 387
611 684
683 611
683 611
346 611
346 683
346 683
1 346
683 1
683 346
1 683
416 1
416 346
416 683
682 416
682 416
469 682
580 416
580 469
580 682
681 580
681 580
216 580
216 681
216 681
1 216
681 1
681 216
1 681
576 1
576 216
576 681
680 576
680 576
128 576
128 680
128 680
1 128
680 1
680 128
1 680
214 680
679 1
679 128
363 214
363 679
494 679
678 363
678 363
298 494
298 678
543 678
677 298
677 298
9 543
9 677
9 677
1 9
677 1
677 9
1 677
42 1
42 9
42 677
676 42
676 42
93 42
93 676
310 93
310 93
310 676
675 310
675 310
92 310
92 675
92 675
1 92
675 1
675 92
1 675
590 1
590 675
674 92
674 590
151 590
151 674
151 674
1 151
674 1
674 151
1 674
334 1
334 151
334 674
673 334
673 334
556 334
556 673
556 673
1 556
673 1
673 556
1 673
573 1
573 556
573 673
672 573
672 573
350 573
350 672
350 672
1 350
672 1
672 350
1 672
351 1
351 350
351 672
671 351
671 351
162 351
162 671
162 671
1 162
671 1
671 162
1 671
515 1
515 162
515 671
670 515
670 515
110 515
110 670
636 110
636 110
636 670
669 636
669 636
15 636
15 669
15 669
1 15
669 1
669 15
1 669
629 1
629 15
629 669
668 629
668 629
16 629
16 668
16 668
1 16
668 1
668 16
1 668
222 1
222 16
222 668
667 222
667 222
438 667
594 667
666 222
666 438
130 594
130 666
130 666
1 130
666 1
666 130
1 666
513 1
513 130
513 666
665 513
665 513
184 513
184 665
184 665
1 184
665 1
665 184
1 665
577 1
577 665
664 184
664 577
221 577
221 664
221 664
1 221
664 1
664 221
1 664
325 1
325 221
325 664
663 325
663 325
170 663
622 170
622 325
622 663
662 622
662 622
231 622
231 662
360 231
360 662
661 231
661 360
154 360
154 661
154 661
1 154
661 1
661 154
1 661
659 661
660 1
660 154
194 659
194 660
428 194
428 194
428 660
659 428
659 428
87 428
87 659
87 659
1 87
659 1
659 87
1 659
647 1
647 659
658 87
658 647
317 647
317 658
525 317
525 658
657 317
657 525
311 525
311 657
311 657
1 311
657 1
657 311
1 657
465 1
465 311
465 657
656 465
656 465
205 465
205 656
205 656
1 205
656 1
656 205
1 656
383 1
383 656
655 205
655 383
121 383
121 655
121 655
1 121
655 1
655 121
1 655
376 1
376 655
654 121
654 376
196 376
196 654
196 654
1 196
654 1
654 196
1 654
360 1
360 196
360 654
653 360
653 360
432 360
432 653
432 653
1 432
653 1
653 432
1 653
443 1
443 432
443 653
652 443
652 443
443 652
506 652
651 443
651 443
318 651
630 318
630 506
630 651
650 630
650 630
158 630
158 650
158 650
1 158
650 1
650 158
1 650
427 1
427 158
427 650
649 427
649 427
298 427
298 649
495 649
648 298
648 298
162 648
358 162
358 495
358 648
647 358
647 358
32 358
32 647
215 32
215 32
215 647
646 215
646 215
489 215
489 646
494 489
494 646
645 489
645 494
37 494
37 645
37 645
1 37
645 1
645 37
1 645
149 1
149 645
644 37
644 149
155 149
155 644
155 644
1 155
644 1
644 155
1 644
572 1
572 155
572 644
643 572
643 572
194 572
194 643
194 643
1 194
643 1
643 194
1 643
317 1
317 194
317 643
642 317
642 317
7 317
7 642
7 642
1 7
642 1
642 7
1 642
82 1
82 7
82 642
641 82
641 82
339 82
339 641
339 641
1 339
641 1
641 339
1 641
602 1
602 339
602 641
640 602
640 602
410 602
410 640
594 640
639 410
639 410
339 594
339 639
339 639
1 339
639 1
639 339
1 639
570 1
570 339
570 639
638 570
638 570
241 570
241 638
333 638
637 241
637 241
363 333
363 637
363 637
1 363
637 1
637 363
1 637
521 637
636 1
636 363
398 521
398 636
532 398
532 636
635 398
635 532
259 532
259 635
259 635
1 259
635 1
635 259
1 635
291 1
291 259
291 635
634 291
634 291
34 291
34 634
34 634
1 34
634 1
634 34
1 634
502 1
502 634
633 34
633 502
129 502
129 633
129 633
1 129
633 1
633 129
1 633
203 1
203 129
203 633
632 203
632 203
352 203
352 632
352 632
1 352
632 1
632 352
1 632
557 1
557 352
557 632
631 557
631 557
141 557
141 631
360 141
360 141
360 631
630 360
630 360
48 360
48 630
164 630
629 48
629 48
247 164
247 629
490 247
490 629
628 247
628 490
144 628
279 144
279 490
279 628
627 279
627 279
403 279
403 627
517 403
517 627
626 403
626 517
342 517
342 626
342 626
1 342
626 1
626 342
1 626
567 1
567 342
567 626
625 567
625 567
91 625
572 91
572 625
624 567
624 572
28 572
28 624
619 28
619 28
619 624
623 619
623 619
404 623
575 404
575 623
622 575
622 575
508 619
508 622
574 622
621 508
621 508
411 574
411 621
411 621
1 411
621 1
621 411
1 621
434 1
434 411
434 621
620 434
620 434
171 434
171 620
617 171
617 620
619 171
619 617
381 619
454 619
618 381
618 454
506 618
540 506
540 618
617 540
29 540
29 617
29 617
1 29
617 1
617 29
1 617
239 1
239 29
239 617
616 239
616 239
375 239
375 616
534 375
534 375
534 616
615 534
615 534
196 534
196 615
196 615
1 196
615 1
615 196
1 615
271 1
271 196
271 615
614 271
614 271
67 271
67 614
67 614
1 67
614 1
614 67
1 614
606 1
606 67
606 614
613 606
613 606
418 606
418 613
418 613
1 418
613 1
613 418
1 613
479 1
479 418
479 613
612 479
612 479
504 479
504 612
504 612
1 504
612 1
612 504
1 612
528 1
528 504
528 612
611 528
611 528
210 611
354 611
610 210
610 354
69 610
183 69
183 610
609 183
609 183
224 528
224 609
224 609
1 224
609 1
609 224
1 609
548 1
548 224
548 609
608 548
608 548
313 608
454 313
454 608
607 454
607 454
374 548
374 607
374 607
1 374
607 1
607 374
1 607
391 1
391 374
391 607
606 391
606 391
185 391
185 606
216 185
216 606
605 185
605 216
91 216
91 605
98 91
98 91
98 605
604 98
604 98
333 98
333 604
527 333
527 333
527 604
603 527
603 527
96 527
96 603
96 603
1 96
603 1
603 96
1 603
375 1
375 96
375 603
602 375
602 375
211 375
211 602
298 602
601 211
601 211
192 298
192 601
192 601
1 192
601 1
601 192
1 601
481 1
481 601
600 192
600 481
357 481
357 600
357 600
1 357
600 1
600 357
1 600
575 1
575 357
575 600
599 575
599 575
238 599
524 238
524 575
524 599
598 524
598 524
49 524
49 598
49 598
1 49
598 1
598 49
1 598
272 1
272 49
272 598
597 272
597 272
66 272
66 597
66 597
1 66
597 1
597 66
1 597
514 1
514 66
514 597
596 514
596 514
20 596
279 20
279 596
595 279
595 279
7 595
18 7
18 595
594 18
594 18
156 514
156 594
156 594
1 156
594 1
594 156
1 594
408 1
408 594
593 156
593 408
145 408
145 593
297 145
297 593
592 145
592 297
190 297
190 592
345 190
345 190
345 592
591 345
591 345
284 345
284 591
284 591
1 284
591 1
591 284
1 591
584 591
590 1
590 284
110 584
110 590
110 590
1 110
590 1
590 110
1 590
431 1
431 110
431 590
589 431
589 431
166 431
166 589
166 589
1 166
589 1
589 166
1 589
582 1
582 166
582 589
588 582
588 582
228 582
228 588
278 228
278 588
587 228
587 278
10 278
10 587
238 10
238 587
586 10
586 238
213 238
213 586
213 586
1 213
586 1
586 213
1 586
283 1
283 213
283 586
585 283
585 283
245 283
245 585
452 245
452 245
452 585
584 452
584 452
162 452
162 584
268 162
268 162
268 584
583 268
583 268
187 268
187 583
187 583
1 187
583 1
583 187
1 583
390 1
390 187
390 583
582 390
582 390
122 390
122 582
122 582
1 122
582 1
582 122
1 582
128 1
128 122
128 582
581 128
581 128
382 128
382 581
382 581
1 382
581 1
581 382
1 581
450 1
450 382
450 581
580 450
580 450
90 450
90 580
526 90
526 90
526 580
579 526
579 526
63 526
63 579
298 63
298 63
298 579
578 298
578 298
69 298
69 578
69 578
1 69
578 1
578 69
1 578
460 578
577 1
577 69
145 460
145 577
145 577
1 145
577 1
577 145
1 577
167 1
167 145
167 577
576 167
576 167
309 167
309 576
505 309
505 576
575 309
575 505
142 505
142 575
142 575
1 142
575 1
575 142
1 575
223 575
574 1
574 142
367 223
367 574
367 574
1 367
574 1
574 367
1 574
378 1
378 367
378 574
573 378
573 378
294 573
368 573
572 294
572 368
93 378
93 572
111 93
111 572
571 93
571 111
144 111
144 571
144 571
1 144
571 1
571 144
1 571
521 1
521 144
521 571
570 521
570 521
293 570
495 293
495 521
495 570
569 495
569 495
28 495
28 569
28 569
1 28
569 1
569 28
1 569
107 1
107 569
568 28
568 107
32 568
438 32
438 107
438 568
567 438
567 438
59 567
228 59
228 438
228 567
566 228
566 228
148 228
148 566
559 566
565 148
565 148
108 559
108 565
170 565
564 108
564 108
94 564
188 564
563 94
563 170
200 188
200 563
456 563
562 200
562 200
140 456
140 562
140 562
1 140
562 1
562 140
1 562
166 562
561 1
561 140
108 166
108 561
374 108
374 108
374 561
560 374
560 374
161 374
161 560
294 161
294 560
559 161
559 294
126 294
126 559
126 559
1 126
559 1
559 126
1 559
540 559
558 1
558 126
481 540
481 558
481 558
1 481
558 1
558 481
1 558
538 1
538 481
538 558
557 538
557 538
124 557
223 557
556 124
556 223
257 556
413 556
555 257
555 413
40 555
47 40
47 555
554 47
554 47
167 538
167 554
398 167
398 167
398 554
553 398
553 398
149 398
149 553
187 149
187 553
552 149
552 187
322 187
322 552
322 552
1 322
552 1
552 322
1 552
424 1
424 322
424 552
551 424
551 424
100 424
100 551
100 551
1 100
551 1
551 100
1 551
324 1
324 100
324 551
550 324
550 324
17 324
17 550
78 550
549 17
549 17
364 549
411 78
411 549
548 364
548 411
153 411
153 548
462 153
462 548
547 153
547 462
224 462
224 547
234 224
234 224
234 547
546 234
546 234
158 234
158 546
418 158
418 158
418 546
545 418
545 418
62 545
144 545
544 62
544 144
50 418
50 544
50 544
1 50
544 1
544 50
1 544
107 1
107 50
107 544
543 107
543 107
239 543
442 107
442 239
442 543
542 442
542 442
84 542
125 84
125 542
541 125
541 125
399 442
399 541
399 541
1 399
541 1
541 399
1 541
502 1
502 541
540 399
540 502
13 502
13 540
13 540
1 13
540 1
540 13
1 540
133 1
133 13
133 540
539 133
539 133
399 133
399 539
399 539
1 399
539 1
539 399
1 539
461 1
461 399
461 539
538 461
538 461
263 461
263 538
533 263
533 538
537 263
537 533
55 533
55 537
55 537
1 55
537 1
537 55
1 537
308 1
308 55
308 537
536 308
536 308
23 308
23 536
23 536
1 23
536 1
536 23
1 536
520 1
520 23
520 536
535 520
535 520
410 520
410 535
410 535
1 410
535 1
535 410
1 535
528 1
528 535
534 410
534 528
141 534
328 141
328 534
533 328
533 328
159 528
159 533
159 533
1 159
533 1
533 159
1 533
455 1
455 159
455 533
532 455
532 455
13 532
517 13
517 532
531 455
531 517
30 531
107 531
530 30
530 107
69 517
69 530
370 69
370 69
370 530
529 370
529 370
197 370
197 529
197 529
1 197
529 1
529 197
1 529
367 1
367 529
528 197
528 367
383 528
386 528
527 367
527 383
112 527
146 527
526 112
526 146
337 386
337 526
337 526
1 337
526 1
526 337
1 526
432 526
525 1
525 337
130 432
130 525
346 130
346 525
524 130
524 346
69 346
69 524
497 69
497 69
497 524
523 497
523 497
7 497
7 523
217 523
522 7
522 7
320 217
320 522
320 522
1 320
522 1
522 320
1 522
433 1
433 320
433 522
521 433
521 433
82 521
115 521
520 82
520 115
4 520
335 4
335 433
335 520
519 335
519 335
117 519
122 117
122 519
518 122
518 122
36 335
36 518
36 518
1 36
518 1
518 36
1 518
66 518
517 1
517 36
366 66
366 517
366 517
1 366
517 1
517 366
1 517
479 1
479 517
516 366
516 479
67 516
344 516
515 67
515 344
141 479
141 515
357 141
357 141
357 515
514 357
514 357
90 357
90 514
139 90
139 90
139 514
513 139
513 139
125 513
445 125
445 139
445 513
512 445
512 445
404 445
404 512
404 512
1 404
512 1
512 404
1 512
468 1
468 404
468 512
511 468
511 468
40 468
40 511
234 511
510 40
510 40
321 234
321 510
321 510
1 321
510 1
510 321
1 510
424 1
424 510
509 321
509 424
4 424
4 509
4 509
1 4
509 1
509 4
1 509
10 1
10 4
10 509
508 10
508 10
11 10
11 508
11 508
1 11
508 1
508 11
1 508
18 1
18 11
18 508
507 18
507 18
240 18
240 507
475 240
475 240
475 507
506 475
506 475
265 506
290 265
290 506
505 290
505 290
1 475
1 505
1 505
2 1
505 2
505 1
2 505
274 1
274 2
274 505
504 274
504 274
154 504
413 154
413 274
413 504
503 413
503 413
15 503
33 15
33 413
33 503
502 33
502 33
177 33
177 502
177 502
1 177
502 1
502 177
1 502
452 502
501 1
501 177
43 452
43 501
43 501
1 43
501 1
501 43
1 501
198 1
198 43
198 501
500 198
500 198
114 198
114 500
114 500
1 114
500 1
500 114
1 500
207 1
207 114
207 500
499 207
499 207
134 207
134 499
134 499
1 134
499 1
499 134
1 499
229 1
229 134
229 499
498 229
498 229
213 229
213 498
213 498
1 213
498 1
498 213
1 498
377 1
377 498
497 213
497 377
297 497
305 297
305 377
305 497
496 305
496 305
32 305
32 496
32 496
1 32
496 1
496 32
1 496
138 1
138 32
138 496
495 138
495 138
28 495
489 495
494 28
494 138
53 489
53 494
53 494
1 53
494 1
494 53
1 494
478 1
478 53
478 494
493 478
493 478
55 478
55 493
382 55
382 493
492 55
492 382
319 382
319 492
319 492
1 319
492 1
492 319
1 492
362 1
362 319
362 492
491 362
491 362
95 362
95 491
95 491
1 95
491 1
491 95
1 491
198 1
198 491
490 95
490 198
297 198
297 490
297 490
1 297
490 1
490 297
1 490
432 1
432 490
489 297
489 432
237 432
237 489
237 489
1 237
489 1
489 237
1 489
329 1
329 237
329 489
488 329
488 329
161 488
417 161
417 329
417 488
487 417
487 417
359 417
359 487
427 487
486 359
486 359
51 427
51 486
91 51
91 51
91 486
485 91
485 91
111 91
111 485
401 111
401 111
401 485
484 401
484 401
366 484
381 366
381 401
381 484
483 381
483 381
258 483
467 258
467 483
482 381
482 467
180 467
180 482
180 482
1 180
482 1
482 180
1 482
341 1
341 180
341 482
481 341
481 341
214 481
312 214
312 481
480 312
480 312
28 341
28 480
28 480
1 28
480 1
480 28
1 480
372 480
479 1
479 28
96 372
96 479
96 479
1 96
479 1
479 96
1 479
422 479
478 1
478 96
13 422
13 478
13 478
1 13
478 1
478 13
1 478
158 478
477 1
477 13
108 158
108 477
123 108
123 108
123 477
476 123
476 123
219 123
219 476
451 219
451 476
475 219
475 451
79 475
109 475
474 79
474 109
13 451
13 474
13 474
1 13
474 1
474 13
1 474
98 1
98 474
473 13
473 98
97 98
97 473
97 473
1 97
473 1
473 97
1 473
446 1
446 473
472 97
472 446
40 472
281 40
281 446
281 472
471 281
471 281
18 281
18 471
18 471
1 18
471 1
471 18
1 471
255 1
255 471
470 18
470 255
255 470
327 255
327 470
469 255
469 327
191 469
372 469
468 191
468 327
25 468
132 468
467 25
467 132
193 467
278 467
466 193
466 278
182 372
182 466
182 466
1 182
466 1
466 182
1 466
423 1
423 466
465 182
465 423
350 465
394 465
464 350
464 394
63 464
306 63
306 464
463 306
463 306
226 423
226 463
226 463
1 226
463 1
463 226
1 463
316 1
316 226
316 463
462 316
462 316
111 462
416 111
416 316
416 462
461 416
461 416
238 416
238 461
238 461
1 238
461 1
461 238
1 461
450 1
450 461
460 238
460 450
197 450
197 460
323 460
459 197
459 197
146 323
146 459
146 459
1 146
459 1
459 146
1 459
181 1
181 146
181 459
458 181
458 181
273 458
285 181
285 458
457 273
457 285
40 285
40 457
40 457
1 40
457 1
457 40
1 457
93 1
93 40
93 457
456 93
456 93
190 456
202 93
202 190
202 456
455 202
455 202
254 202
254 455
254 455
1 254
455 1
455 254
1 455
362 455
454 1
454 254
292 362
292 454
443 292
443 454
453 292
453 443
8 443
8 453
8 453
1 8
453 1
453 8
1 453
440 1
440 8
440 453
452 440
452 440
156 440
156 452
399 156
399 156
399 452
451 399
451 399
147 399
147 451
147 451
1 147
451 1
451 147
1 451
237 451
450 1
450 147
229 237
229 450
229 450
1 229
450 1
450 229
1 450
421 450
449 1
449 229
68 421
68 449
69 68
69 449
448 68
448 69
201 69
201 448
341 201
341 201
341 448
447 341
447 341
73 341
73 447
430 73
430 73
430 447
446 430
446 430
10 430
10 446
441 446
445 10
445 10
106 445
289 445
444 106
444 289
63 441
63 444
412 444
443 63
443 63
346 412
346 443
367 346
367 346
367 443
442 367
442 367
1 367
1 442
1 442
2 1
442 2
442 1
2 442
393 1
393 442
441 2
441 393
169 393
169 441
280 169
280 441
440 169
440 280
82 440
390 82
390 440
439 280
439 390
100 390
100 439
100 439
1 100
439 1
439 100
1 439
322 439
438 1
438 100
153 438
179 438
437 153
437 179
265 322
265 437
265 437
1 265
437 1
437 265
1 437
389 1
389 265
389 437
436 389
436 389
71 389
71 436
71 436
1 71
436 1
436 71
1 436
307 1
307 71
307 436
435 307
435 307
71 435
325 71
325 435
434 307
434 325
285 434
335 285
335 325
335 434
433 335
433 335
27 433
246 27
246 433
432 246
432 246
26 335
26 432
26 432
1 26
432 1
432 26
1 432
137 1
137 432
431 26
431 137
87 431
93 87
93 137
93 431
430 93
430 93
200 430
297 93
297 430
429 200
429 297
379 297
379 429
379 429
1 379
429 1
429 379
1 429
383 1
383 379
383 429
428 383
428 383
57 383
57 428
189 57
189 57
189 428
427 189
427 189
226 427
249 427
426 189
426 226
5 249
5 426
420 5
420 426
425 5
425 420
93 420
93 425
338 93
338 425
424 93
424 338
9 338
9 424
9 424
1 9
424 1
424 9
1 424
30 424
423 1
423 9
12 30
12 423
395 12
395 12
395 423
422 395
422 395
15 395
15 422
77 15
77 15
77 422
421 77
421 77
229 77
229 421
391 229
391 229
391 421
420 391
420 391
12 391
12 420
12 420
1 12
420 1
420 12
1 420
346 1
346 420
419 12
419 346
193 346
193 419
273 193
273 419
418 193
418 273
127 273
127 418
367 127
367 127
367 418
417 367
417 367
30 367
30 417
37 417
416 30
416 30
181 37
181 416
334 416
415 181
415 181
240 334
240 415
240 415
1 240
415 1
415 240
1 415
343 1
343 240
343 415
414 343
414 343
59 343
59 414
59 414
1 59
414 1
414 59
1 414
240 1
240 59
240 414
413 240
413 240
3 240
3 413
3 413
1 3
413 1
413 3
1 413
49 413
412 1
412 3
84 49
84 412
404 84
404 412
411 84
411 404
348 404
348 411
348 411
1 348
411 1
411 348
1 411
377 411
410 1
410 348
301 410
358 410
409 301
409 358
310 377
310 409
343 310
343 409
408 310
408 343
132 343
132 408
132 408
1 132
408 1
408 132
1 408
380 1
380 132
380 408
407 380
407 380
58 407
98 58
98 407
406 98
406 98
193 380
193 406
193 406
1 193
406 1
406 193
1 406
201 1
201 193
201 406
405 201
405 201
56 201
56 405
319 405
404 56
404 56
272 404
343 272
343 404
403 319
403 343
50 343
50 403
195 50
195 50
195 403
402 195
402 195
113 195
113 402
113 402
1 113
402 1
402 113
1 402
288 1
288 113
288 402
401 288
401 288
97 288
97 401
220 97
220 401
400 97
400 220
72 220
72 400
72 400
1 72
400 1
400 72
1 400
171 1
171 72
171 400
399 171
399 171
67 171
67 399
317 67
317 399
398 67
398 317
122 317
122 398
384 398
397 122
397 122
48 397
340 48
340 384
340 397
396 340
396 340
173 396
369 173
369 340
369 396
395 369
395 369
266 369
266 395
266 395
1 266
395 1
395 266
1 395
280 395
394 1
394 266
111 394
283 394
393 111
393 280
128 393
178 128
178 283
178 393
392 178
392 178
153 178
153 392
153 392
1 153
392 1
392 153
1 392
335 1
335 153
335 392
391 335
391 335
2 335
2 391
167 391
390 2
390 2
73 167
73 390
225 390
389 73
389 73
111 225
111 389
111 389
1 111
389 1
389 111
1 389
321 1
321 389
388 111
388 321
139 321
139 388
232 139
232 388
387 139
387 232
9 232
9 387
292 9
292 387
386 9
386 292
110 386
173 110
173 386
385 173
385 173
58 292
58 385
58 385
1 58
385 1
385 58
1 385
294 1
294 58
294 385
384 294
384 294
34 294
34 384
250 384
383 34
383 34
59 250
59 383
290 383
382 59
382 59
110 290
110 382
110 382
1 110
382 1
382 110
1 382
354 1
354 382
381 110
381 354
228 354
228 381
256 381
380 228
380 228
102 256
102 380
102 380
1 102
380 1
380 102
1 380
155 1
155 102
155 380
379 155
379 155
307 379
325 155
325 307
325 379
378 325
378 325
75 325
75 378
133 75
133 378
377 75
377 133
221 133
221 377
242 221
242 377
376 221
376 242
10 376
357 376
375 10
375 242
62 357
62 375
62 375
1 62
375 1
375 62
1 375
320 375
374 1
374 62
153 320
153 374
227 374
373 153
373 153
199 373
310 199
310 373
372 227
372 310
81 310
81 372
81 372
1 81
372 1
372 81
1 372
214 1
214 372
371 81
371 214
149 214
149 371
149 371
1 149
371 1
371 149
1 371
258 1
258 371
370 149
370 258
89 370
154 370
369 89
369 154
283 258
283 369
361 369
368 283
368 283
6 361
6 368
6 368
1 6
368 1
368 6
1 368
151 1
151 6
151 368
367 151
367 151
99 151
99 367
331 99
331 99
331 367
366 331
366 331
192 331
192 366
192 366
1 192
366 1
366 192
1 366
245 1
245 192
245 366
365 245
365 245
2 365
252 2
252 365
364 245
364 252
58 252
58 364
102 364
363 58
363 58
64 363
228 64
228 102
228 363
362 228
362 228
13 362
163 13
163 362
361 163
361 163
81 228
81 361
81 361
1 81
361 1
361 81
1 361
289 1
289 361
360 81
360 289
55 289
55 360
155 360
359 55
359 55
52 155
52 359
52 359
1 52
359 1
359 52
1 359
165 1
165 52
165 359
358 165
358 165
35 358
188 35
188 165
188 358
357 188
357 188
259 357
315 188
315 357
356 259
356 315
265 356
323 265
323 315
323 356
355 323
355 323
11 355
225 11
225 355
354 225
354 225
8 354
199 354
353 8
353 199
95 323
95 353
278 95
278 95
278 353
352 278
352 278
211 278
211 352
239 352
351 211
351 211
36 351
181 36
181 351
350 181
350 181
194 239
194 350
216 194
216 194
216 350
349 216
349 216
230 216
230 349
230 349
1 230
349 1
349 230
1 349
344 1
344 230
344 349
348 344
348 344
68 344
68 348
261 348
347 68
347 68
89 261
89 347
134 89
134 89
134 347
346 134
346 134
90 346
96 346
345 90
345 96
102 134
102 345
137 102
137 102
137 345
344 137
344 137
56 137
56 344
111 344
343 56
343 56
108 111
108 343
191 343
342 108
342 108
18 342
48 18
48 342
341 48
341 48
231 341
254 191
254 231
254 341
340 254
340 254
215 254
215 340
215 340
1 215
340 1
340 215
1 340
253 340
339 1
339 215
43 253
43 339
67 339
338 43
338 43
43 67
43 338
43 338
1 43
338 1
338 43
1 338
177 338
337 1
337 43
57 177
57 337
57 337
1 57
337 1
337 57
1 337
114 1
114 337
336 57
336 114
78 336
318 336
335 78
335 114
220 335
259 335
334 220
334 259
14 318
14 334
14 334
1 14
334 1
334 14
1 334
47 1
47 14
47 334
333 47
333 47
81 47
81 333
81 333
1 81
333 1
333 81
1 333
307 1
307 81
307 333
332 307
332 307
66 307
66 332
173 66
173 66
173 332
331 173
331 173
272 173
272 331
272 331
1 272
331 1
331 272
1 331
321 1
321 272
321 331
330 321
330 321
71 330
233 71
233 321
233 330
329 233
329 233
133 329
295 329
328 133
328 233
21 295
21 328
21 328
1 21
328 1
328 21
1 328
54 1
54 328
327 21
327 54
248 327
259 54
259 248
259 327
326 259
326 259
1 259
1 326
70 1
70 326
325 1
325 70
147 325
230 325
324 70
324 147
1 230
1 324
315 324
323 1
323 1
29 315
29 323
29 323
1 29
323 1
323 29
1 323
123 323
322 1
322 29
6 123
6 322
6 322
1 6
322 1
322 6
1 322
310 1
310 322
321 6
321 310
143 310
143 321
143 321
1 143
321 1
321 143
1 321
159 1
159 143
159 321
320 159
320 159
37 320
291 37
291 320
319 159
319 291
88 319
266 319
318 88
318 266
113 291
113 318
311 113
311 318
317 113
317 311
222 311
222 317
292 222
292 222
292 317
316 292
316 292
16 292
16 316
16 316
1 16
316 1
316 16
1 316
309 316
315 1
315 16
18 309
18 315
302 18
302 315
314 18
314 302
39 314
245 39
245 314
313 245
313 245
74 302
74 313
74 313
1 74
313 1
313 74
1 313
103 1
103 74
103 313
312 103
312 103
49 103
49 312
220 49
220 49
220 312
311 220
311 220
96 220
96 311
96 311
1 96
311 1
311 96
1 311
200 1
200 311
310 96
310 200
181 200
181 310
309 181
309 310
112 309
307 112
307 309
308 181
308 307
31 307
31 308
31 308
1 31
308 1
308 31
1 308
209 1
209 31
209 308
307 209
307 209
129 307
229 129
229 209
229 307
306 229
306 229
6 306
108 6
108 306
305 108
305 108
227 305
292 227
292 305
304 229
304 292
20 304
193 20
193 292
193 304
303 193
303 193
183 193
183 303
183 303
1 183
303 1
303 183
1 303
219 1
219 183
219 303
302 219
302 219
150 219
150 302
150 302
1 150
302 1
302 150
1 302
152 1
152 150
152 302
301 152
301 152
102 301
289 102
289 152
289 301
300 289
300 289
23 300
60 23
60 289
60 300
299 60
299 60
41 60
41 299
41 299
1 41
299 1
299 41
1 299
191 1
191 41
191 299
298 191
298 191
155 191
155 298
283 155
283 155
283 298
297 283
297 283
36 297
281 297
296 36
296 281
158 296
272 158
272 296
295 272
295 272
9 283
9 295
37 295
294 9
294 9
157 37
157 294
178 294
293 157
293 157
42 178
42 293
170 42
170 293
292 42
292 170
117 170
117 292
117 292
1 117
292 1
292 117
1 292
180 1
180 292
291 117
291 180
80 180
80 291
80 291
1 80
291 1
291 80
1 291
121 1
121 291
290 80
290 121
214 121
214 290
214 290
1 214
290 1
290 214
1 290
247 1
247 214
247 290
289 247
289 247
140 247
140 289
140 289
1 140
289 1
289 140
1 289
250 289
288 1
288 140
4 288
31 4
31 250
31 288
287 31
287 31
74 31
74 287
74 287
1 74
287 1
287 74
1 287
230 1
230 74
230 287
286 230
286 230
65 230
65 286
65 286
1 65
286 1
286 65
1 286
204 1
204 65
204 286
285 204
285 204
191 204
191 285
211 191
211 191
211 285
284 211
284 211
266 284
266 284
283 211
283 266
29 266
29 283
29 283
1 29
283 1
283 29
1 283
135 283
282 1
282 29
56 135
56 282
56 282
1 56
282 1
282 56
1 282
192 1
192 56
192 282
281 192
281 192
254 192
254 281
254 281
1 254
281 1
281 254
1 281
270 1
270 254
270 281
280 270
280 270
54 270
54 280
54 280
1 54
280 1
280 54
1 280
115 1
115 54
115 280
279 115
279 115
2 279
11 2
11 115
11 279
278 11
278 11
11 278
69 11
69 278
277 11
277 69
64 277
200 277
276 64
276 69
119 200
119 276
208 119
208 276
275 119
275 208
15 208
15 275
136 15
136 275
274 15
274 136
54 136
54 274
54 274
1 54
274 1
274 54
1 274
80 274
273 1
273 54
55 80
55 273
235 55
235 55
235 273
272 235
272 235
38 235
38 272
220 38
220 272
271 38
271 220
170 220
170 271
170 271
1 170
271 1
271 170
1 271
177 1
177 271
270 170
270 177
127 270
215 127
215 177
215 270
269 215
269 215
51 215
51 269
51 269
1 51
269 1
269 51
1 269
248 1
248 51
248 269
268 248
268 248
116 248
116 268
175 268
267 116
267 116
44 175
44 267
44 267
1 44
267 1
267 44
1 267
46 1
46 44
46 267
266 46
266 46
33 266
58 33
58 46
58 266
265 58
265 58
26 58
26 265
82 265
264 26
264 26
16 82
16 264
227 16
227 16
227 264
263 227
263 227
63 227
63 263
92 263
262 63
262 63
155 92
155 262
231 262
261 155
261 155
223 261
248 223
248 261
260 231
260 248
17 260
64 260
259 17
259 64
180 259
188 259
258 180
258 188
88 248
88 258
88 258
1 88
258 1
258 88
1 258
209 1
209 258
257 88
257 209
20 209
20 257
44 20
44 257
256 20
256 44
122 256
168 44
168 122
168 256
255 168
255 168
192 168
192 255
192 255
1 192
255 1
255 192
1 255
212 1
212 192
212 255
254 212
254 212
211 254
229 254
253 211
253 212
110 253
170 253
252 110
252 170
69 229
69 252
163 69
163 69
163 252
251 163
251 163
85 163
85 251
85 251
1 85
251 1
251 85
1 251
196 1
196 251
250 85
250 196
149 196
149 250
232 149
232 250
249 149
249 232
122 232
122 249
204 122
204 249
248 122
248 204
101 248
103 248
247 101
247 103
194 247
246 247
246 194
101 204
101 246
101 246
1 101
246 1
246 101
1 246
187 1
187 101
187 246
245 187
245 187
131 187
131 245
131 245
1 131
245 1
245 131
1 245
171 1
171 131
171 245
244 171
244 171
124 171
124 244
124 244
1 124
244 1
244 124
1 244
211 1
211 244
243 124
243 211
108 211
108 243
108 243
1 108
243 1
243 108
1 243
129 243
242 1
242 108
73 129
73 242
73 242
1 73
242 1
242 73
1 242
80 1
80 73
80 242
241 80
241 80
26 80
26 241
142 26
142 241
240 26
240 142
4 240
98 240
239 4
239 98
184 239
206 142
206 239
238 184
238 206
201 238
224 201
224 206
224 238
237 224
237 224
76 224
76 237
76 237
1 76
237 1
237 76
1 237
192 1
192 237
236 76
236 192
63 236
217 236
235 63
235 192
97 217
97 235
168 235
234 97
234 97
45 234
64 45
64 234
233 64
233 64
51 168
51 233
110 51
110 233
232 51
232 110
2 110
2 232
41 2
41 232
231 2
231 41
61 231
134 41
134 231
230 61
230 134
50 230
180 50
180 134
180 230
229 180
229 180
142 229
190 229
228 142
228 180
2 228
14 228
227 2
227 14
78 190
78 227
78 227
1 78
227 1
227 78
1 227
213 227
226 1
226 78
192 226
222 192
222 213
222 226
225 222
225 222
61 222
61 225
195 61
195 225
224 61
224 195
144 224
191 144
191 195
191 224
223 191
223 191
166 191
166 223
173 166
173 223
222 166
222 173
54 222
117 54
117 222
221 117
221 117
145 173
145 221
145 221
1 145
221 1
221 145
1 221
199 221
220 1
220 145
61 199
61 220
81 61
81 61
81 220
219 81
219 81
167 219
209 219
218 81
218 167
36 209
36 218
211 36
211 218
217 36
217 211
123 211
123 217
123 217
1 123
217 1
217 123
1 217
131 1
131 123
131 217
216 131
216 131
121 216
151 121
151 131
151 216
215 151
215 151
91 151
91 215
91 215
1 91
215 1
215 91
1 215
93 1
93 91
93 215
214 93
214 93
42 93
42 214
42 214
1 42
214 1
214 42
1 214
147 214
213 1
213 42
108 147
108 213
108 213
1 108
213 1
213 108
1 213
166 213
212 1
212 108
116 166
116 212
205 116
205 116
205 212
211 205
211 205
159 205
159 211
163 159
163 211
210 159
210 163
11 163
11 210
11 210
1 11
210 1
210 11
1 210
124 1
124 11
124 210
209 124
209 124
97 209
132 97
132 209
208 124
208 132
18 132
18 208
18 208
1 18
208 1
208 18
1 208
27 1
27 208
207 18
207 27
162 27
162 207
162 207
1 162
207 1
207 162
1 207
177 1
177 207
206 162
206 177
3 177
3 206
3 206
1 3
206 1
206 3
1 206
25 1
25 3
25 206
205 25
205 25
54 25
54 205
54 205
1 54
205 1
205 54
1 205
74 1
74 205
204 54
204 74
60 74
60 204
119 60
119 204
203 60
203 119
19 203
113 203
202 19
202 113
108 202
176 108
176 202
201 119
201 176
88 201
115 201
200 88
200 115
38 176
38 200
166 38
166 200
199 38
199 166
131 166
131 199
135 131
135 199
198 131
198 135
41 135
41 198
123 41
123 41
123 198
197 123
197 123
77 123
77 197
172 197
196 77
196 77
147 172
147 196
174 147
174 147
174 196
195 174
195 174
73 195
93 195
194 73
194 93
130 194
153 130
153 174
153 194
193 153
193 153
11 153
11 193
59 193
192 11
192 11
71 192
178 192
191 59
191 71
10 191
125 191
190 10
190 125
138 178
138 190
138 190
1 138
190 1
190 138
1 190
156 1
156 138
156 190
189 156
189 156
76 189
134 76
134 156
134 189
188 134
188 134
23 134
23 188
23 188
1 23
188 1
188 23
1 188
81 1
81 23
81 188
187 81
187 81
52 81
52 187
77 187
186 52
186 52
33 77
33 186
33 186
1 33
186 1
186 33
1 186
75 1
75 33
75 186
185 75
185 75
39 75
39 185
39 185
1 39
185 1
185 39
1 185
129 185
184 1
184 39
80 129
80 184
171 80
171 184
183 80
183 171
63 183
99 63
99 183
182 99
182 99
83 171
83 182
175 182
181 83
181 83
62 175
62 181
62 181
1 62
181 1
181 62
1 181
84 1
84 181
180 62
180 84
132 84
132 180
153 180
179 132
179 132
106 153
106 179
106 179
1 106
179 1
179 106
1 179
145 179
178 1
178 106
36 145
36 178
129 36
129 178
177 36
177 129
120 129
120 177
152 120
152 120
152 177
176 152
176 152
4 152
4 176
4 176
1 4
176 1
176 4
1 176
14 1
14 176
175 4
175 14
61 175
139 175
174 14
174 61
113 139
113 174
113 174
1 113
174 1
174 113
1 174
166 174
173 1
173 113
53 166
53 173
53 173
1 53
173 1
173 53
1 173
139 173
172 1
172 53
17 139
17 172
17 172
1 17
172 1
172 17
1 172
79 1
79 17
79 172
171 79
171 79
26 79
26 171
26 171
1 26
171 1
171 26
1 171
111 1
111 171
170 26
170 111
63 111
63 170
119 63
119 170
169 63
169 119
62 169
85 169
168 62
168 85
31 119
31 168
113 31
113 168
167 31
167 113
30 113
30 167
153 167
166 30
166 30
2 153
2 166
118 2
118 2
118 166
165 118
165 118
48 118
48 165
100 165
164 48
164 48
65 164
138 164
163 65
163 100
100 138
100 163
100 163
1 100
163 1
163 100
1 163
149 163
162 1
162 100
42 149
42 162
42 162
1 42
162 1
162 42
1 162
75 162
161 1
161 42
115 75
115 161
124 115
124 161
160 115
160 124
113 160
129 160
159 113
159 124
116 129
116 159
116 159
1 116
159 1
159 116
1 159
142 1
142 159
158 116
158 142
119 142
119 158
138 119
138 119
138 158
157 138
157 138
23 138
23 157
23 157
1 23
157 1
157 23
1 157
58 1
58 157
156 23
156 58
70 156
105 156
155 58
155 70
10 105
10 155
10 155
1 10
155 1
155 10
1 155
92 155
154 1
154 10
108 154
116 92
116 154
153 108
153 116
32 153
39 153
152 32
152 39
41 116
41 152
41 152
1 41
152 1
152 41
1 152
49 1
49 152
151 41
151 49
82 49
82 151
82 151
1 82
151 1
151 82
1 151
94 151
150 1
150 82
78 150
87 78
87 150
149 87
149 87
30 94
30 149
30 149
1 30
149 1
149 30
1 149
74 149
148 1
148 30
3 74
3 148
3 148
1 3
148 1
148 3
1 148
21 148
147 1
147 3
18 147
113 18
113 21
113 147
146 113
146 113
43 113
43 146
43 146
1 43
146 1
146 43
1 146
122 1
122 146
145 43
145 122
71 122
71 145
71 145
1 71
145 1
145 71
1 145
117 145
144 1
144 71
76 144
124 76
124 144
143 117
143 124
76 143
84 76
84 143
142 84
142 84
18 142
83 142
141 18
141 83
126 141
127 141
140 124
140 126
3 127
3 140
20 140
139 3
139 3
10 139
93 139
138 10
138 20
81 138
126 138
137 81
137 93
36 126
36 137
36 137
1 36
137 1
137 36
1 137
53 1
53 36
53 137
136 53
136 53
27 53
27 136
27 136
1 27
136 1
136 27
1 136
64 1
64 136
135 27
135 64
16 135
94 16
94 135
134 64
134 94
26 94
26 134
26 134
1 26
134 1
134 26
1 134
123 1
123 134
133 26
133 123
31 123
31 133
31 133
1 31
133 1
133 31
1 133
95 1
95 133
132 31
132 95
27 95
27 132
124 27
124 132
131 27
131 124
37 124
37 131
37 131
1 37
131 1
131 37
1 131
127 131
130 1
130 37
10 127
10 130
10 130
1 10
130 1
130 10
1 130
120 1
120 10
120 130
129 120
129 120
19 120
19 129
19 129
1 19
129 1
129 19
1 129
117 1
117 19
117 129
128 117
128 117
46 117
46 128
119 128
127 46
127 46
25 119
25 127
25 127
1 25
127 1
127 25
1 127
58 1
58 25
58 127
126 58
126 58
52 58
52 126
54 52
54 126
125 52
125 54
28 54
28 125
28 125
1 28
125 1
125 28
1 125
124 1
124 125
16 28
16 124
16 124
1 16
124 1
124 16
1 124
98 1
98 16
98 124
123 98
123 98
12 123
115 12
115 98
115 123
122 115
122 115
15 115
15 122
15 122
1 15
122 1
122 15
1 122
113 1
113 122
121 15
121 113
36 113
36 121
103 36
103 36
103 121
120 103
120 103
51 103
51 120
51 120
1 51
120 1
120 51
1 120
54 1
54 120
119 51
119 54
9 54
9 119
9 119
1 9
119 1
119 9
1 119
45 1
45 9
45 119
118 45
118 45
41 118
42 41
42 45
42 118
117 42
117 42
12 42
12 117
61 117
116 12
116 12
70 116
105 61
105 70
105 116
115 105
115 105
70 105
70 115
74 70
74 115
114 70
114 74
35 114
61 114
113 35
113 61
45 74
45 113
45 113
1 45
113 1
113 45
1 113
51 1
51 113
112 45
112 51
3 112
98 3
98 112
111 51
111 98
83 98
83 111
106 111
110 83
110 83
66 110
80 66
80 110
109 80
109 80
6 106
6 109
6 109
1 6
109 1
109 6
1 109
102 1
102 109
108 6
108 102
50 102
50 108
56 50
56 50
56 108
107 56
107 56
74 56
74 107
75 74
75 74
75 107
106 75
106 75
50 75
50 106
101 106
105 50
105 50
10 101
10 105
10 105
1 10
105 1
105 10
1 105
28 1
28 105
104 10
104 28
17 28
17 104
17 104
1 17
104 1
104 17
1 104
82 1
82 17
82 104
103 82
103 82
61 82
61 103
61 103
1 61
103 1
103 61
1 103
71 1
71 61
71 103
102 71
102 71
33 71
33 102
33 102
1 33
102 1
102 33
1 102
76 1
76 102
101 33
101 76
4 76
4 101
4 101
1 4
101 1
101 4
1 101
56 1
56 4
56 101
100 56
100 56
79 56
79 100
81 79
81 100
99 79
99 81
41 81
41 99
41 99
1 41
99 1
99 41
1 99
98 1
98 41
98 99
1 98
12 1
12 98
12 98
1 12
98 1
98 12
1 98
56 1
56 12
56 98
97 56
97 56
69 97
93 56
93 69
93 97
96 93
96 93
17 96
23 17
23 96
95 23
95 23
41 93
41 95
73 41
73 41
73 95
94 73
94 73
60 94
87 94
93 60
93 73
64 87
64 93
64 93
1 64
93 1
93 64
1 93
66 93
92 1
92 64
2 66
2 92
2 92
1 2
92 1
92 2
1 92
64 1
64 92
91 2
91 64
6 64
6 91
37 6
37 91
90 6
90 37
16 90
47 90
89 16
89 37
47 89
47 89
1 47
89 1
89 47
1 89
59 89
88 1
88 47
16 59
16 88
16 88
1 16
88 1
88 16
1 88
31 1
31 16
31 88
87 31
87 31
22 31
22 87
48 22
48 22
48 87
86 48
86 48
42 86
70 42
70 48
70 86
85 70
85 70
51 85
63 85
84 51
84 63
2 84
22 2
22 70
22 84
83 22
83 22
56 83
61 83
82 22
82 56
43 61
43 82
43 82
1 43
82 1
82 43
1 82
81 1
81 82
13 43
13 81
73 13
73 81
80 13
80 73
17 80
53 17
53 80
79 53
79 53
39 79
44 39
44 79
78 44
78 44
2 78
66 78
77 2
77 66
14 73
14 77
20 77
76 14
76 14
8 20
8 76
59 8
59 76
75 8
75 59
26 75
33 75
74 26
74 33
15 59
15 74
73 15
73 74
9 15
9 73
9 73
1 9
73 1
73 9
1 73
56 73
72 1
72 9
49 56
49 72
62 49
62 49
62 72
71 62
71 62
53 62
53 71
53 71
1 53
71 1
71 53
1 71
58 71
70 1
70 53
18 58
18 70
57 18
57 70
69 18
69 57
9 57
9 69
9 69
1 9
69 1
69 9
1 69
68 1
68 69
35 9
35 68
35 68
1 35
68 1
68 35
1 68
63 1
63 35
63 68
67 63
67 63
9 63
9 67
9 67
1 9
67 1
67 9
1 67
47 1
47 67
66 9
66 47
24 47
24 66
24 66
1 24
66 1
66 24
1 66
33 66
65 1
65 24
3 65
11 3
11 65
64 11
64 11
3 33
3 64
10 3
10 3
10 64
63 10
63 10
11 63
61 10
61 11
61 63
62 61
62 61
36 61
36 62
50 36
50 62
61 36
61 50
4 50
4 61
4 61
1 4
61 1
61 4
1 61
33 1
33 61
60 4
60 33
14 60
39 60
59 14
59 33
13 59
51 13
51 39
51 59
58 51
58 51
17 51
17 58
17 58
1 17
58 1
58 17
1 58
27 1
27 58
57 17
57 27
5 27
5 57
19 5
19 5
19 57
56 19
56 19
28 19
28 56
28 56
1 28
56 1
56 28
1 56
48 56
55 1
55 28
27 55
37 27
37 48
37 55
54 37
54 37
49 37
49 54
49 54
1 49
54 1
54 49
1 54
50 54
53 1
53 49
41 53
52 41
52 53
20 50
20 52
24 20
24 52
51 20
51 24
28 51
28 51
50 24
50 28
13 28
13 50
47 13
47 50
49 13
49 47
8 49
34 49
48 8
48 34
17 47
17 48
17 48
1 17
48 1
48 17
1 48
18 1
18 17
18 48
47 18
47 18
14 18
14 47
35 47
46 14
46 14
27 35
27 46
27 46
1 27
46 1
46 27
1 46
37 1
37 46
45 27
45 37
8 37
8 45
8 45
1 8
45 1
45 8
1 45
25 1
25 8
25 45
44 25
44 25
2 44
27 2
27 25
27 44
43 27
43 27
29 27
29 43
29 43
1 29
43 1
43 29
1 43
39 1
39 43
42 29
42 39
18 39
18 42
27 42
41 18
41 18
39 41
40 27
40 41
15 39
15 40
22 40
39 15
39 15
19 22
19 39
36 39
38 19
38 19
16 36
16 38
33 16
33 16
33 38
37 33
37 33
23 37
25 37
36 23
36 25
26 33
26 36
26 36
1 26
36 1
36 26
1 36
35 36
35 1
13 26
13 35
13 35
1 13
35 1
35 13
1 35
32 35
34 1
34 13
27 32
27 34
27 34
1 27
34 1
34 27
1 34
30 34
33 1
33 27
23 33
26 23
26 30
26 33
32 26
32 26
24 26
24 32
30 24
30 24
30 32
31 30
31 30
13 31
21 13
21 31
30 21
13 21
13 30
29 13
29 13
29 30
1 29
10 29
27 29
28 1
28 10
9 28
16 9
16 27
16 28
27 16
27 16
5 16
5 27
5 27
1 5
27 1
27 5
1 27
24 27
26 1
26 5
7 24
7 26
7 26
1 7
26 1
26 7
1 26
23 1
23 7
23 26
25 23
25 23
6 23
6 25
6 25
1 6
25 1
25 6
1 25
15 1
15 6
15 25
24 15
24 15
1 15
1 24
1 24
2 1
24 2
24 1
2 24
1 2
1 24
23 1
23 1
17 1
17 23
19 17
19 23
22 17
22 19
14 19
14 22
14 22
1 14
22 1
22 14
1 22
21 1
21 14
21 22
1 21
4 21
5 21
20 1
20 4
15 5
15 20
16 15
16 20
19 15
19 16
7 16
7 19
7 19
1 7
19 1
19 7
1 19
18 1
18 19
4 18
15 4
15 18
17 7
17 15
7 15
7 17
7 17
1 7
17 1
17 7
1 17
9 1
9 17
16 7
16 9
2 16
3 2
3 9
3 16
15 3
15 3
5 3
5 15
5 15
1 5
15 1
15 5
1 15
12 1
12 5
12 15
14 12
14 12
7 14
12 7
12 14
13 12
13 12
2 13
10 2
10 12
10 13
12 10
12 10
1 12
8 1
8 12
11 8
11 8
3 11
4 3
4 10
4 11
10 4
10 4
4 10
4 10
1 4
10 1
10 4
1 10
5 1
5 4
5 10
9 5
9 5
1 9
3 1
3 5
3 9
8 3
8 3
4 8
5 3
5 4
5 8
7 5
7 5
5 7
5 7
1 5
7 1
7 5
1 7
6 7
6 1
1 6
3 1
3 6
5 3
3 5
4 5
4 3
1 3
1 4
1 4
2 1
4 2
4 1
2 4
3 1
3 4
1 2
1 3
1 3
2 1
3 2
3 1
2 3
2 1
2 3
1 2
1 2
1 2
