296
52 77 146
35 36 212
67 242 274
92 141 189
45 184 257
112 118 158
36 123 272
67 94 259
11 19 63
76 230 247
165 170 197
49 61 246
4 119 156
60 144 243
65 119 175
128 228 291
17 73 110
71 155 250
87 120 266
20 133 215
68 114 267
128 171 230
94 125 185
213 247 262
1 97 115
215 225 253
180 204 258
69 110 188
23 25 89
42 122 243
12 194 209
139 203 220
39 157 234
28 48 124
24 262 289
169 173 256
164 214 276
34 93 173
43 97 260
48 102 207
29 115 162
12 160 198
34 63 243
69 183 216
44 135 261
21 93 290
3 99 168
22 229 245
20 186 292
59 238 270
53 162 217
84 127 180
116 126 236
14 96 133
64 95 239
108 254 291
7 165 187
86 267 284
33 73 174
202 205 285
69 159 186
199 235 280
27 114 154
37 235 279
5 222 283
3 41 109
13 163 232
6 289 293
129 151 229
21 76 195
10 190 252
72 219 294
50 59 233
60 68 244
75 107 193
10 204 285
38 44 101
170 241 282
29 66 149
7 122 221
35 82 224
207 213 228
29 170 295
107 128 198
62 100 161
22 129 263
136 140 193
132 216 284
169 203 277
56 57 70
105 153 268
73 156 166
161 182 196
138 206 288
45 103 168
7 23 91
15 70 294
95 135 139
32 55 221
65 249 257
119 238 259
79 248 268
62 68 261
14 150 237
23 64 178
83 150 290
41 164 293
26 189 284
78 100 126
197 199 240
8 189 219
111 200 249
89 253 289
54 217 272
212 288 292
65 82 113
171 222 246
47 64 0
72 103 255
96 224 279
30 66 192
110 160 214
87 259 279
90 116 274
5 151 241
80 111 173
33 104 266
143 150 234
17 105 209
49 172 195
2 49 167
125 179 266
12 48 237
76 185 187
31 32 135
13 131 145
4 124 240
51 86 240
42 146 176
38 60 120
53 90 154
42 98 149
67 163 178
1 113 155
108 116 281
14 99 203
201 218 256
47 155 296
160 190 226
118 152 175
88 130 280
36 199 249
123 149 254
58 81 146
27 254 288
50 137 235
126 127 200
20 100 117
131 263 278
80 122 242
152 172 222
34 95 264
202 229 231
5 71 178
51 79 130
28 112 234
8 33 148
97 153 252
39 276 283
158 210 236
127 168 248
85 117 221
51 66 141
27 52 138
193 227 272
88 153 237
72 141 268
75 263 287
179 207 227
3 45 152
145 244 291
2 250 296
28 211 224
24 74 188
91 123 244
102 180 212
101 246 265
206 278 286
90 111 270
106 181 265
30 211 251
11 46 285
81 232 273
164 281 295
58 142 200
59 102 174
245 275 287
129 163 252
161 191 196
82 104 290
6 120 174
103 138 0
84 132 176
208 269 280
1 147 176
134 219 227
169 172 253
46 145 204
4 62 215
133 197 205
191 225 248
19 105 194
46 89 190
159 202 247
26 61 218
109 265 271
132 140 213
96 136 177
35 78 107
181 201 294
55 109 264
13 25 113
156 269 282
21 220 274
53 93 218
115 121 0
83 251 277
39 148 186
165 232 286
6 182 192
38 118 121
15 44 86
37 54 271
117 166 194
70 201 275
50 223 295
2 184 230
11 87 238
10 58 286
78 144 162
80 130 144
98 147 198
239 269 278
25 37 94
208 231 250
9 157 273
16 181 281
24 206 258
18 30 40
40 81 239
18 85 251
104 106 182
47 158 233
19 276 283
125 183 282
8 71 108
139 225 255
114 256 273
137 148 175
16 187 296
56 245 260
166 223 261
43 195 264
43 223 287
136 154 171
26 83 214
57 61 236
77 112 275
92 167 241
159 226 233
9 16 220
101 179 277
79 216 262
22 92 142
142 210 292
15 137 217
40 177 267
9 31 258
18 191 257
121 131 270
32 63 167
56 98 185
84 134 210
31 134 260
88 228 255
52 177 211
54 77 99
106 147 226
183 184 231
17 41 188
91 140 271
74 85 151
74 124 208
75 196 209
55 143 143
157 242 293
57 192 205
