2351
297 118
297 202
90 226
90 297
267 90
267 90
267 297
296 267
296 267
33 267
33 296
246 33
246 296
295 33
295 246
99 246
99 295
221 99
221 99
221 295
294 221
294 221
75 221
75 294
75 294
1 75
294 1
294 75
1 294
178 1
178 75
178 294
293 178
293 178
184 178
184 293
292 184
292 184
292 293
1 292
197 292
264 292
291 1
291 197
96 291
185 96
185 264
185 291
290 185
290 185
17 185
17 290
17 290
1 17
290 1
290 17
1 290
129 1
129 17
129 290
289 129
289 129
44 129
44 289
255 44
255 289
288 44
288 255
190 255
190 288
190 288
1 190
288 1
288 190
1 288
252 1
252 288
287 190
287 252
114 252
114 287
114 287
1 114
287 1
287 114
1 287
233 1
233 287
286 114
286 233
1 233
1 286
1 286
2 1
286 2
286 1
2 286
174 1
174 286
285 2
285 174
151 174
151 285
151 285
1 151
285 1
285 151
1 285
176 1
176 151
176 285
284 176
284 176
135 176
135 284
135 284
1 135
284 1
284 135
1 284
278 1
278 284
283 135
283 278
52 278
52 283
52 283
1 52
283 1
283 52
1 283
203 1
203 52
203 283
282 203
282 203
90 203
90 282
90 282
1 90
282 1
282 90
1 282
261 1
261 90
261 282
281 261
281 261
99 261
99 281
99 281
1 99
281 1
281 99
1 281
135 1
135 281
280 99
280 135
226 135
226 280
231 280
279 226
279 226
249 231
249 279
249 279
1 249
279 1
279 249
1 279
251 1
251 249
251 279
278 251
278 251
246 251
246 278
246 278
1 246
278 1
278 246
1 278
271 1
271 246
271 278
277 271
277 271
231 277
250 231
250 271
250 277
276 250
276 250
97 250
97 276
97 276
1 97
276 1
276 97
1 276
232 1
232 97
232 276
275 232
275 232
195 232
195 275
274 275
274 195
48 195
48 274
48 274
1 48
274 1
274 48
1 274
86 1
86 48
86 274
273 86
273 86
102 86
102 273
102 273
1 102
273 1
273 102
1 273
165 1
165 273
272 102
272 165
77 272
187 77
187 165
187 272
271 187
271 187
21 271
58 21
58 271
270 58
270 58
61 187
61 270
214 61
214 61
214 270
269 214
269 214
4 214
4 269
4 269
1 4
269 1
269 4
1 269
195 1
195 269
268 4
268 195
1 195
1 268
252 1
252 268
267 1
267 252
68 267
107 267
266 68
266 107
108 252
108 266
108 266
1 108
266 1
266 108
1 266
215 1
215 108
215 266
265 215
265 215
87 215
87 265
87 265
1 87
265 1
265 87
1 265
218 1
218 265
264 87
264 218
39 218
39 264
39 264
1 39
264 1
264 39
1 264
263 1
263 39
263 264
1 263
99 1
99 263
162 263
262 99
262 99
92 262
234 92
234 262
261 162
261 234
131 261
214 131
214 261
260 214
260 214
246 260
247 234
247 246
247 260
259 247
259 247
156 247
156 259
250 156
250 259
258 156
258 250
21 250
21 258
63 21
63 258
257 21
257 63
32 63
32 257
32 257
1 32
257 1
257 32
1 257
98 257
256 1
256 32
111 98
111 256
111 256
1 111
256 1
256 111
1 256
167 1
167 111
167 256
255 167
255 167
23 167
23 255
132 23
132 23
132 255
254 132
254 132
9 132
9 254
212 9
212 9
212 254
253 212
253 212
118 212
118 253
118 253
1 118
253 1
253 118
1 253
148 1
148 118
148 253
252 148
252 148
127 148
127 252
200 127
200 252
251 127
251 200
27 200
27 251
27 251
1 27
251 1
251 27
1 251
186 1
186 251
250 27
250 186
51 250
114 51
114 250
249 114
249 114
170 186
170 249
232 170
232 249
248 170
248 232
35 232
35 248
35 248
1 35
248 1
248 35
1 248
184 1
184 35
184 248
247 184
247 184
15 247
150 247
246 15
246 150
191 246
227 184
227 246
245 191
245 227
178 227
178 245
178 245
1 178
245 1
245 178
1 245
204 1
204 178
204 245
244 204
244 204
29 204
29 244
222 29
222 244
243 29
243 222
55 243
231 243
242 55
242 222
142 231
142 242
203 142
203 242
241 142
241 203
126 203
126 241
126 241
1 126
241 1
241 126
1 241
160 1
160 126
160 241
240 160
240 160
109 160
109 240
109 240
1 109
240 1
240 109
1 240
219 1
219 240
239 109
239 219
71 219
71 239
71 239
1 71
239 1
239 71
1 239
76 1
76 71
76 239
238 76
238 76
9 76
9 238
9 238
1 9
238 1
238 9
1 238
192 1
192 9
192 238
237 192
237 192
131 192
131 237
131 237
1 131
237 1
237 131
1 237
182 1
182 131
182 237
236 182
236 182
73 182
73 236
73 236
1 73
236 1
236 73
1 236
156 1
156 73
156 236
235 156
235 156
97 156
97 235
135 235
234 97
234 97
158 234
172 135
172 234
233 158
233 172
64 172
64 233
64 233
1 64
233 1
233 64
1 233
204 1
204 233
232 64
232 204
49 232
115 232
231 49
231 115
77 204
77 231
77 231
1 77
231 1
231 77
1 231
140 1
140 77
140 231
230 140
230 140
68 140
68 230
68 230
1 68
230 1
230 68
1 230
201 1
201 68
201 230
229 201
229 201
11 201
11 229
11 229
1 11
229 1
229 11
1 229
57 1
57 229
228 11
228 57
33 57
33 228
33 228
1 33
228 1
228 33
1 228
169 1
169 33
169 228
227 169
227 169
106 169
106 227
106 227
1 106
227 1
227 106
1 227
107 227
226 1
226 106
25 226
41 25
41 226
225 41
225 41
51 107
51 225
51 225
1 51
225 1
225 51
1 225
141 1
141 51
141 225
224 141
224 141
46 141
46 224
46 224
1 46
224 1
224 46
1 224
70 1
70 46
70 224
223 70
223 70
13 223
92 13
92 223
222 70
222 92
67 92
67 222
67 222
1 67
222 1
222 67
1 222
136 1
136 67
136 222
221 136
221 136
31 221
190 31
190 136
190 221
220 190
220 190
15 220
136 220
219 15
219 136
2 190
2 219
2 219
1 2
219 1
219 2
1 219
81 1
81 2
81 219
218 81
218 81
54 81
54 218
120 54
120 54
120 218
217 120
217 120
52 217
88 52
88 120
88 217
216 88
216 88
66 216
162 216
215 66
215 88
22 162
22 215
117 22
117 22
117 215
214 117
214 117
78 117
78 214
125 214
213 78
213 78
9 213
208 9
208 125
208 213
212 208
212 208
58 208
58 212
182 212
211 58
211 58
51 182
51 211
51 211
1 51
211 1
211 51
1 211
199 1
199 211
210 51
210 199
20 199
20 210
81 210
209 20
209 20
13 81
13 209
13 209
1 13
209 1
209 13
1 209
137 1
137 13
137 209
208 137
208 137
51 208
60 51
60 208
207 60
207 60
36 137
36 207
36 207
1 36
207 1
207 36
1 207
89 1
89 36
89 207
206 89
206 89
176 89
176 206
200 176
200 206
205 176
205 200
25 200
25 205
25 205
1 25
205 1
205 25
1 205
144 1
144 25
144 205
204 144
204 144
8 144
8 204
23 8
23 8
23 204
203 23
203 23
134 23
134 203
167 203
202 134
202 134
95 167
95 202
119 95
119 202
201 95
201 119
109 201
188 201
200 109
200 119
2 200
116 2
116 200
199 116
199 116
85 199
93 85
93 188
93 199
198 93
198 93
48 198
69 48
69 93
69 198
197 69
197 69
90 197
195 197
196 69
196 90
50 195
50 196
50 196
1 50
196 1
196 50
1 196
73 1
73 196
195 50
195 73
136 195
154 73
154 136
154 195
194 154
194 154
37 154
37 194
37 194
1 37
194 1
194 37
1 194
107 1
107 194
193 37
193 107
136 193
187 107
187 136
187 193
192 187
192 187
10 187
10 192
162 192
191 10
191 10
114 191
121 114
121 162
121 191
190 121
190 121
37 121
37 190
37 190
1 37
190 1
190 37
1 190
72 190
189 1
189 37
124 72
124 189
124 189
1 124
189 1
189 124
1 189
182 189
188 1
188 124
94 182
94 188
144 94
144 188
187 94
187 144
108 144
108 187
111 108
111 187
186 108
186 111
40 111
40 186
90 186
185 40
185 40
28 185
169 28
169 90
169 185
184 169
184 169
62 169
62 184
64 62
64 184
183 62
183 64
34 64
34 183
34 183
1 34
183 1
183 34
1 183
166 1
166 34
166 183
182 166
182 166
83 182
154 83
154 166
154 182
181 154
181 154
2 154
2 181
2 181
1 2
181 1
181 2
1 181
125 181
180 1
180 2
47 125
47 180
47 180
1 47
180 1
180 47
1 180
66 1
66 47
66 180
179 66
179 66
8 66
8 179
165 8
165 179
178 8
178 165
114 165
114 178
172 114
172 114
172 178
177 172
177 172
72 172
72 177
72 177
1 72
177 1
177 72
1 177
119 1
119 72
119 177
176 119
176 119
81 119
81 176
81 176
1 81
176 1
176 81
1 176
99 1
99 81
99 176
175 99
175 99
72 99
72 175
72 175
1 72
175 1
175 72
1 175
136 1
136 72
136 175
174 136
174 136
63 136
63 174
63 174
1 63
174 1
174 63
1 174
155 1
155 63
155 174
173 155
173 155
138 155
138 173
138 173
1 138
173 1
173 138
1 173
165 1
165 138
165 173
172 165
172 165
86 172
91 172
171 86
171 91
52 165
52 171
157 52
157 171
170 52
170 157
6 170
137 6
137 170
169 137
169 137
25 157
25 169
25 169
1 25
169 1
169 25
1 169
102 169
168 1
168 25
25 102
25 168
39 25
39 168
167 25
167 39
88 39
88 167
144 88
144 88
144 167
166 144
166 144
115 144
115 166
138 115
138 115
138 166
165 138
165 138
3 165
141 3
141 138
141 165
164 141
164 141
65 141
65 164
65 164
1 65
164 1
164 65
1 164
125 1
125 65
125 164
163 125
163 125
60 125
60 163
60 163
1 60
163 1
163 60
1 163
61 163
162 1
162 60
38 61
38 162
38 162
1 38
162 1
162 38
1 162
43 1
43 38
43 162
161 43
161 43
47 43
47 161
47 161
1 47
161 1
161 47
1 161
150 1
150 161
160 47
160 150
51 150
51 160
109 160
159 51
159 51
67 159
135 67
135 159
158 109
158 135
20 135
20 158
20 158
1 20
158 1
158 20
1 158
49 1
49 20
49 158
157 49
157 49
47 157
53 47
53 157
156 49
156 53
4 156
69 4
69 156
155 53
155 69
4 69
4 155
138 4
138 155
154 4
154 138
16 154
56 154
153 16
153 56
7 138
7 153
87 153
152 7
152 7
2 87
2 152
7 2
7 2
7 152
151 7
151 7
94 7
94 151
94 151
1 94
151 1
151 94
1 151
134 151
150 1
150 94
6 134
6 150
144 150
149 6
149 6
42 144
42 149
122 42
122 149
148 42
148 122
27 148
138 27
138 122
138 148
147 138
147 138
53 138
53 147
121 53
121 147
146 53
146 121
54 121
54 146
54 146
1 54
146 1
146 54
1 146
104 1
104 54
104 146
145 104
145 104
56 104
56 145
56 145
1 56
145 1
145 56
1 145
111 1
111 56
111 145
144 111
144 111
97 111
97 144
104 97
104 97
104 144
143 104
143 104
3 104
3 143
3 143
1 3
143 1
143 3
1 143
8 1
8 3
8 143
142 8
142 8
30 8
30 142
30 142
1 30
142 1
142 30
1 142
139 1
139 30
139 142
141 139
141 139
104 139
104 141
104 141
1 104
141 1
141 104
1 141
105 141
140 1
140 104
25 105
25 140
25 140
1 25
140 1
140 25
1 140
134 1
134 140
139 25
139 134
106 134
106 139
106 139
1 106
139 1
139 106
1 139
132 1
132 106
132 139
138 132
138 132
56 138
106 56
106 132
106 138
137 106
137 106
6 106
6 137
44 137
136 6
136 6
106 44
106 136
126 106
126 106
126 136
135 126
135 126
56 126
56 135
56 135
1 56
135 1
135 56
1 135
133 135
134 1
134 56
10 133
10 134
10 134
1 10
134 1
134 10
1 134
46 134
133 1
133 10
31 46
31 133
31 133
1 31
133 1
133 31
1 133
42 1
42 31
42 133
132 42
132 42
36 42
36 132
36 132
1 36
132 1
132 36
1 132
110 132
131 1
131 36
9 110
9 131
9 131
1 9
131 1
131 9
1 131
54 1
54 9
54 131
130 54
130 54
12 54
12 130
12 130
1 12
130 1
130 12
1 130
36 130
129 1
129 12
90 129
125 36
125 90
125 129
128 125
128 125
20 125
20 128
20 128
1 20
128 1
128 20
1 128
57 128
127 1
127 20
59 57
59 127
59 127
1 59
127 1
127 59
1 127
108 1
108 127
126 59
126 108
85 108
85 126
85 126
1 85
126 1
126 85
1 126
103 1
103 85
103 126
125 103
125 103
2 103
2 125
2 125
1 2
125 1
125 2
1 125
108 1
108 2
108 125
124 108
124 108
32 108
32 124
32 124
1 32
124 1
124 32
1 124
50 124
123 1
123 32
19 50
19 123
19 123
1 19
123 1
123 19
1 123
76 1
76 123
122 19
122 76
28 76
28 122
40 28
40 122
121 28
121 40
21 121
95 21
95 121
120 40
120 95
24 95
24 120
24 120
1 24
120 1
120 24
1 120
82 1
82 120
119 24
119 82
90 82
90 119
90 119
1 90
119 1
119 90
1 119
104 1
104 90
104 119
118 104
118 104
57 104
57 118
106 57
106 57
106 118
117 106
117 106
23 117
33 23
33 106
33 117
116 33
116 33
15 33
15 116
15 116
1 15
116 1
116 15
1 116
100 1
100 15
100 116
115 100
115 100
1 100
1 115
1 115
2 1
115 2
115 1
2 115
35 1
35 2
35 115
114 35
114 35
15 35
15 114
15 114
1 15
114 1
114 15
1 114
34 1
34 15
34 114
113 34
113 34
77 34
77 113
77 113
1 77
113 1
113 77
1 113
78 113
112 1
112 77
37 112
57 37
57 112
111 57
111 57
55 111
84 111
110 55
110 78
21 110
33 21
33 84
33 110
109 33
109 33
3 33
3 109
76 3
76 109
108 3
108 76
29 108
51 29
51 108
107 51
107 51
28 76
28 107
43 107
106 28
106 28
44 43
44 106
70 44
70 44
70 106
105 70
105 70
29 70
29 105
29 105
1 29
105 1
105 29
1 105
96 1
96 105
104 29
104 96
18 96
18 104
50 18
50 18
50 104
103 50
103 50
11 103
51 11
51 103
102 50
102 51
70 102
75 102
101 51
101 70
13 75
13 101
15 13
15 101
100 13
100 15
48 15
48 100
48 100
1 48
100 1
100 48
1 100
58 1
58 48
58 100
99 58
99 58
1 58
1 99
27 99
98 1
98 1
55 27
55 98
60 98
97 55
97 55
4 60
4 97
6 4
6 97
96 4
96 6
57 6
57 96
57 96
1 57
96 1
96 57
1 96
80 1
80 57
80 96
95 80
95 80
5 80
5 95
5 95
1 5
95 1
95 5
1 95
87 95
94 1
94 5
55 94
79 94
93 55
93 79
21 93
65 21
65 87
65 93
92 65
92 65
17 65
17 92
59 17
59 92
91 17
91 59
24 59
24 91
24 91
1 24
91 1
91 24
1 91
65 91
90 1
90 24
4 65
4 90
16 4
16 90
89 4
89 16
58 16
58 89
66 58
66 58
66 89
88 66
88 66
17 66
17 88
17 88
1 17
88 1
88 17
1 88
33 1
33 17
33 88
87 33
87 33
41 33
41 87
42 41
42 87
86 41
86 42
2 86
80 2
80 42
80 86
85 80
85 80
24 85
47 85
84 24
84 47
71 80
71 84
71 84
1 71
84 1
84 71
1 84
75 1
75 84
83 71
83 75
41 75
41 83
41 83
1 41
83 1
83 41
1 83
79 1
79 41
79 83
82 79
82 79
3 79
3 82
3 82
1 3
82 1
82 3
1 82
58 82
81 1
81 3
39 58
39 81
44 39
44 81
80 39
80 44
21 44
21 80
21 80
1 21
80 1
80 21
1 80
74 1
74 80
79 21
79 74
15 79
48 15
48 79
78 48
78 48
11 74
11 78
75 11
75 78
77 11
77 75
6 75
6 77
6 77
1 6
77 1
77 6
1 77
73 1
73 77
76 6
76 73
18 76
70 76
75 18
75 70
1 75
30 75
74 1
74 30
14 73
14 74
14 74
1 14
74 1
74 14
1 74
34 74
73 1
73 14
27 34
27 73
27 73
1 27
73 1
73 27
1 73
28 73
72 1
72 27
3 72
18 72
71 3
71 18
22 28
22 71
54 71
70 22
70 22
60 54
60 70
60 70
1 60
70 1
70 60
1 70
66 70
69 1
69 60
33 66
33 69
42 69
68 33
68 33
19 42
19 68
33 19
33 68
67 19
67 33
25 33
25 67
54 25
54 25
54 67
66 54
66 54
5 54
5 66
12 66
65 5
65 5
14 12
14 65
14 65
1 14
65 1
65 14
1 65
58 1
58 14
58 65
64 58
64 58
28 58
28 64
53 28
53 64
63 28
63 53
35 53
35 63
35 63
1 35
63 1
63 35
1 63
39 1
39 35
39 63
62 39
62 39
2 39
2 62
48 2
48 62
61 2
61 48
28 48
28 61
28 61
1 28
61 1
61 28
1 61
44 1
44 28
44 61
60 44
60 44
13 44
13 60
13 60
1 13
60 1
60 13
1 60
32 1
32 13
32 60
59 32
59 32
5 32
5 59
5 59
1 5
59 1
59 5
1 59
19 59
58 1
58 5
15 19
15 58
41 15
41 15
41 58
57 41
57 41
4 57
45 4
45 57
56 41
56 45
38 56
41 38
41 56
55 41
55 41
6 45
6 55
22 55
54 6
54 6
38 22
38 54
46 38
46 54
53 38
53 46
12 53
41 53
52 12
52 41
12 52
30 52
51 12
51 30
39 46
39 51
39 51
1 39
51 1
51 39
1 51
45 51
50 1
50 39
29 45
29 50
29 50
1 29
50 1
50 29
1 50
38 50
49 1
49 29
25 38
25 49
29 25
29 49
48 25
48 29
6 29
6 48
6 48
1 6
48 1
48 6
1 48
42 48
47 1
47 6
8 47
27 8
27 42
27 47
46 27
46 27
21 27
21 46
35 21
35 21
35 46
45 35
45 35
6 35
6 45
6 45
1 6
45 1
45 6
1 45
22 1
22 45
44 6
44 22
15 22
15 44
38 15
38 15
38 44
43 38
43 38
33 38
33 43
33 43
1 33
43 1
43 33
1 43
39 1
39 33
39 43
42 39
42 39
1 42
12 1
12 39
12 42
41 12
41 12
30 12
30 41
37 41
40 30
40 30
10 40
13 10
13 40
39 13
39 13
28 37
28 39
28 39
1 28
39 1
39 28
1 39
34 39
38 1
38 28
2 34
2 38
18 38
37 2
37 2
5 37
31 5
31 18
31 37
36 31
36 31
14 36
18 14
18 36
35 18
35 18
11 31
11 35
11 35
1 11
35 1
35 11
1 35
14 1
14 11
14 35
34 14
34 14
19 14
19 34
33 34
33 19
18 19
18 33
18 33
1 18
33 1
33 18
1 33
27 33
32 1
32 18
9 27
9 32
18 9
18 9
18 32
31 18
31 18
15 18
15 31
28 31
30 15
30 15
1 30
21 1
21 30
29 21
29 21
7 28
7 29
7 29
1 7
29 1
29 7
1 29
9 1
9 29
28 7
28 9
5 9
5 28
5 28
1 5
28 1
28 5
1 28
6 1
6 28
27 5
27 6
1 27
10 1
10 6
10 27
26 10
26 10
20 10
20 26
24 26
25 20
25 20
2 25
9 25
24 2
8 9
8 24
8 24
1 8
24 1
24 8
1 24
11 24
23 1
23 8
14 11
14 23
14 23
1 14
23 1
23 14
1 23
18 1
18 23
22 14
22 18
6 18
6 22
6 22
1 6
22 1
22 6
1 22
16 1
16 6
16 22
21 16
21 16
2 16
2 21
2 21
1 2
21 1
21 2
1 21
4 21
20 1
20 2
13 20
15 20
19 4
19 13
5 19
7 5
7 15
7 19
18 7
18 7
1 18
12 1
12 7
12 18
17 12
17 12
3 12
3 17
3 17
1 3
17 1
17 3
1 17
13 17
16 1
16 3
1 16
5 16
15 1
15 5
7 15
13 7
13 15
14 13
14 13
12 14
12 14
13 12
8 12
8 13
8 13
1 8
13 1
13 8
1 13
9 1
9 13
12 8
12 9
1 9
1 12
1 12
2 1
12 2
12 1
2 12
2 12
11 1
11 2
3 2
3 11
10 11
10 3
7 3
7 10
9 7
9 10
5 7
5 9
7 5
7 5
7 9
8 7
8 7
4 7
4 8
4 8
1 4
8 1
8 4
1 8
7 1
7 4
7 8
1 7
1 7
1 7
2 1
7 2
7 1
2 7
4 1
4 7
6 2
6 4
5 4
5 6
5 6
1 5
1 5
1 5
2 1
5 2
5 1
2 5
3 5
4 1
4 2
2 3
2 4
3 2
3 2
3 4
1 3
1 3
1 3
