6767
853 5
853 342
386 631
386 853
386 853
1 386
853 1
853 386
1 853
756 1
756 386
756 853
852 756
852 756
385 756
385 852
385 852
1 385
852 1
852 385
1 852
737 1
737 385
737 852
851 737
851 737
572 737
572 851
572 851
1 572
851 1
851 572
1 851
769 1
769 572
769 851
850 769
850 769
257 769
257 850
315 257
315 257
315 850
849 315
849 315
579 315
579 849
579 849
1 579
849 1
849 579
1 849
617 1
617 849
848 579
848 617
309 617
309 848
309 848
1 309
848 1
848 309
1 848
411 1
411 309
411 848
847 411
847 411
288 411
288 847
288 847
1 288
847 1
847 288
1 847
496 1
496 288
496 847
846 496
846 496
316 496
316 846
405 846
845 316
845 316
524 405
524 845
524 845
1 524
845 1
845 524
1 845
540 1
540 524
540 845
844 540
844 540
110 540
110 844
110 844
1 110
844 1
844 110
1 844
626 1
626 844
843 110
843 626
255 626
255 843
799 843
842 255
842 255
439 799
439 842
439 842
1 439
842 1
842 439
1 842
582 1
582 439
582 842
841 582
841 582
19 582
19 841
533 19
533 19
533 841
840 533
840 533
233 533
233 840
526 840
839 233
839 233
351 526
351 839
351 839
1 351
839 1
839 351
1 839
400 1
400 351
400 839
838 400
838 400
155 838
309 838
837 155
837 309
197 400
197 837
197 837
1 197
837 1
837 197
1 837
486 1
486 197
486 837
836 486
836 486
94 836
111 94
111 836
835 111
835 111
166 486
166 835
207 166
207 166
207 835
834 207
834 207
20 207
20 834
20 834
1 20
834 1
834 20
1 834
386 1
386 834
833 20
833 386
295 386
295 833
651 295
651 295
651 833
832 651
832 651
225 651
225 832
225 832
1 225
832 1
832 225
1 832
516 1
516 225
516 832
831 516
831 516
154 516
154 831
304 154
304 831
830 154
830 304
333 304
333 830
595 333
595 830
829 333
829 595
44 595
44 829
44 829
1 44
829 1
829 44
1 829
701 1
701 44
701 829
828 701
828 701
83 701
83 828
83 828
1 83
828 1
828 83
1 828
752 1
752 828
827 83
827 752
18 752
18 827
334 827
826 18
826 18
7 334
7 826
7 826
1 7
826 1
826 7
1 826
594 1
594 7
594 826
825 594
825 594
144 825
298 144
298 594
298 825
824 298
824 298
58 298
58 824
58 824
1 58
824 1
824 58
1 824
383 1
383 58
383 824
823 383
823 383
56 383
56 823
528 56
528 56
528 823
822 528
822 528
59 528
59 822
59 822
1 59
822 1
822 59
1 822
119 1
119 59
119 822
821 119
821 119
723 119
723 821
723 821
1 723
821 1
821 723
1 821
795 1
795 821
820 723
820 795
319 795
319 820
319 820
1 319
820 1
820 319
1 820
726 1
726 820
819 319
819 726
144 726
144 819
683 144
683 819
818 144
818 683
26 683
26 818
26 818
1 26
818 1
818 26
1 818
644 1
644 818
817 26
817 644
183 644
183 817
183 817
1 183
817 1
817 183
1 817
649 1
649 183
649 817
816 649
816 649
167 816
325 167
325 816
815 325
815 325
7 649
7 815
398 7
398 815
814 7
814 398
512 398
512 814
697 512
697 814
813 512
813 697
208 697
208 813
208 813
1 208
813 1
813 208
1 813
552 1
552 813
812 208
812 552
713 552
713 812
713 812
1 713
812 1
812 713
1 812
729 1
729 713
729 812
811 729
811 729
164 729
164 811
164 811
1 164
811 1
811 164
1 811
405 1
405 164
405 811
810 405
810 405
173 405
173 810
517 810
809 173
809 173
200 517
200 809
200 809
1 200
809 1
809 200
1 809
788 1
788 200
788 809
808 788
808 788
313 788
313 808
451 808
807 313
807 313
170 451
170 807
170 807
1 170
807 1
807 170
1 807
514 1
514 807
806 170
806 514
406 514
406 806
406 806
1 406
806 1
806 406
1 806
619 1
619 406
619 806
805 619
805 619
1 619
1 805
711 805
804 1
804 1
179 711
179 804
345 179
345 179
345 804
803 345
803 345
173 345
173 803
173 803
1 173
803 1
803 173
1 803
365 1
365 173
365 803
802 365
802 365
183 365
183 802
362 183
362 802
801 183
801 362
326 362
326 801
326 801
1 326
801 1
801 326
1 801
481 1
481 326
481 801
800 481
800 481
249 481
249 800
249 800
1 249
800 1
800 249
1 800
403 1
403 249
403 800
799 403
799 403
447 403
447 799
447 799
1 447
799 1
799 447
1 799
743 1
743 447
743 799
798 743
798 743
189 743
189 798
189 798
1 189
798 1
798 189
1 798
388 1
388 189
388 798
797 388
797 388
271 388
271 797
271 797
1 271
797 1
797 271
1 797
675 1
675 271
675 797
796 675
796 675
140 675
140 796
140 796
1 140
796 1
796 140
1 796
254 1
254 140
254 796
795 254
795 254
654 254
654 795
702 654
702 654
702 795
794 702
794 702
205 702
205 794
205 794
1 205
794 1
794 205
1 794
271 1
271 794
793 205
793 271
228 271
228 793
228 793
1 228
793 1
793 228
1 793
675 1
675 793
792 228
792 675
299 675
299 792
758 792
791 299
791 299
174 758
174 791
174 791
1 174
791 1
791 174
1 791
695 1
695 174
695 791
790 695
790 695
375 695
375 790
375 790
1 375
790 1
790 375
1 790
512 1
512 790
789 375
789 512
305 512
305 789
305 789
1 305
789 1
789 305
1 789
710 1
710 789
788 305
788 710
54 710
54 788
728 788
787 54
787 54
521 728
521 787
771 521
771 521
771 787
786 771
786 771
69 771
69 786
69 786
1 69
786 1
786 69
1 786
335 1
335 69
335 786
785 335
785 335
286 335
286 785
286 785
1 286
785 1
785 286
1 785
631 1
631 286
631 785
784 631
784 631
186 631
186 784
186 784
1 186
784 1
784 186
1 784
247 1
247 186
247 784
783 247
783 247
263 247
263 783
563 263
563 263
563 783
782 563
782 563
88 563
88 782
231 88
231 88
231 782
781 231
781 231
180 231
180 781
578 180
578 180
578 781
780 578
780 578
90 578
90 780
630 90
630 780
779 90
779 630
613 630
613 779
613 779
1 613
779 1
779 613
1 779
637 779
778 1
778 613
489 637
489 778
489 778
1 489
778 1
778 489
1 778
753 1
753 489
753 778
777 753
777 753
539 753
539 777
539 777
1 539
777 1
777 539
1 777
564 1
564 539
564 777
776 564
776 564
665 564
665 776
719 665
719 665
719 776
775 719
775 719
129 719
129 775
269 129
269 129
269 775
774 269
774 269
2 269
2 774
2 774
1 2
774 1
774 2
1 774
221 1
221 2
221 774
773 221
773 221
413 221
413 773
413 773
772 413
772 413
332 413
332 772
332 772
1 332
772 1
772 332
1 772
769 772
771 1
771 332
202 769
202 771
202 771
1 202
771 1
771 202
1 771
587 1
587 771
770 202
770 587
10 587
10 770
10 770
1 10
770 1
770 10
1 770
84 1
84 10
84 770
769 84
769 84
114 769
278 769
768 84
768 114
99 278
99 768
592 99
592 99
592 768
767 592
767 592
432 592
432 767
636 432
636 767
766 432
766 636
115 636
115 766
115 766
1 115
766 1
766 115
1 766
239 1
239 115
239 766
765 239
765 239
491 765
753 239
753 765
764 491
764 753
32 753
32 764
32 764
1 32
764 1
764 32
1 764
699 1
699 32
699 764
763 699
763 699
135 699
135 763
135 763
1 135
763 1
763 135
1 763
139 1
139 135
139 763
762 139
762 139
369 139
369 762
636 369
636 369
636 762
761 636
761 636
125 636
125 761
704 125
704 125
704 761
760 704
760 704
157 760
379 760
759 157
759 379
397 759
401 397
401 759
758 401
758 401
61 704
61 758
78 61
78 61
78 758
757 78
757 78
154 78
154 757
154 757
1 154
757 1
757 154
1 757
321 1
321 757
756 154
756 321
564 321
564 756
564 756
1 564
756 1
756 564
1 756
592 756
755 1
755 564
38 755
475 38
475 592
475 755
754 475
754 475
95 754
238 95
238 475
238 754
753 238
753 238
735 238
735 753
750 753
752 735
752 735
253 750
253 752
253 752
1 253
752 1
752 253
1 752
666 1
666 253
666 752
751 666
751 666
75 666
75 751
75 751
1 75
751 1
751 75
1 751
439 1
439 751
750 75
750 439
451 439
451 750
451 750
1 451
750 1
750 451
1 750
502 1
502 451
502 750
749 502
749 502
245 502
245 749
245 749
1 245
749 1
749 245
1 749
482 1
482 245
482 749
748 482
748 482
586 748
638 482
638 748
747 586
747 638
506 638
506 747
641 747
746 506
746 506
157 641
157 746
685 157
685 746
745 157
745 685
171 685
171 745
171 745
1 171
745 1
745 171
1 745
680 1
680 171
680 745
744 680
744 680
346 680
346 744
346 744
1 346
744 1
744 346
1 744
387 1
387 346
387 744
743 387
743 387
114 387
114 743
554 743
742 114
742 114
236 554
236 742
236 742
1 236
742 1
742 236
1 742
445 1
445 742
741 236
741 445
523 445
523 741
523 741
1 523
741 1
741 523
1 741
589 1
589 523
589 741
740 589
740 589
108 589
108 740
108 740
1 108
740 1
740 108
1 740
487 1
487 108
487 740
739 487
739 487
337 487
337 739
658 337
658 739
738 337
738 658
16 658
16 738
16 738
1 16
738 1
738 16
1 738
241 1
241 738
737 16
737 241
139 241
139 737
305 737
736 139
736 139
557 305
557 736
557 736
1 557
736 1
736 557
1 736
596 1
596 736
735 557
735 596
262 596
262 735
262 735
1 262
735 1
735 262
1 735
514 1
514 262
514 735
734 514
734 514
231 734
458 231
458 514
458 734
733 458
733 458
24 458
24 733
24 733
1 24
733 1
733 24
1 733
633 1
633 733
732 24
732 633
222 633
222 732
222 732
1 222
732 1
732 222
1 732
559 1
559 222
559 732
731 559
731 559
346 559
346 731
697 346
697 731
730 346
730 697
147 697
147 730
330 147
330 147
330 730
729 330
729 330
421 330
421 729
421 729
1 421
729 1
729 421
1 729
709 1
709 421
709 729
728 709
728 709
322 709
322 728
322 728
1 322
728 1
728 322
1 728
466 1
466 322
466 728
727 466
727 466
147 466
147 727
147 727
1 147
727 1
727 147
1 727
445 1
445 147
445 727
726 445
726 445
124 445
124 726
124 726
1 124
726 1
726 124
1 726
530 1
530 124
530 726
725 530
725 530
214 530
214 725
302 214
302 725
724 214
724 302
397 302
397 724
397 724
1 397
724 1
724 397
1 724
451 1
451 724
723 397
723 451
410 451
410 723
410 723
1 410
723 1
723 410
1 723
702 723
722 1
722 410
61 702
61 722
61 722
1 61
722 1
722 61
1 722
339 1
339 61
339 722
721 339
721 339
339 721
356 339
356 721
720 339
720 356
324 356
324 720
324 720
1 324
720 1
720 324
1 720
426 1
426 324
426 720
719 426
719 426
242 426
242 719
242 719
1 242
719 1
719 242
1 719
619 1
619 719
718 242
718 619
11 619
11 718
11 718
1 11
718 1
718 11
1 718
552 1
552 718
717 11
717 552
16 717
534 16
534 717
716 534
716 534
4 716
201 4
201 552
201 716
715 201
715 201
460 201
460 715
460 715
1 460
715 1
715 460
1 715
588 1
588 715
714 460
714 588
376 588
376 714
376 714
1 376
714 1
714 376
1 714
648 1
648 376
648 714
713 648
713 648
150 713
555 713
712 150
712 555
64 648
64 712
64 712
1 64
712 1
712 64
1 712
213 1
213 64
213 712
711 213
711 213
526 213
526 711
526 711
1 526
711 1
711 526
1 711
688 1
688 526
688 711
710 688
710 688
41 688
41 710
41 710
1 41
710 1
710 41
1 710
628 1
628 41
628 710
709 628
709 628
200 628
200 709
200 709
1 200
709 1
709 200
1 709
333 1
333 709
708 200
708 333
229 333
229 708
229 708
1 229
708 1
708 229
1 708
691 1
691 229
691 708
707 691
707 691
324 691
324 707
324 707
1 324
707 1
707 324
1 707
611 1
611 707
706 324
706 611
5 611
5 706
5 706
1 5
706 1
706 5
1 706
144 1
144 5
144 706
705 144
705 144
252 144
252 705
252 705
1 252
705 1
705 252
1 705
618 1
618 252
618 705
704 618
704 618
351 618
351 704
351 704
1 351
704 1
704 351
1 704
427 704
703 1
703 351
102 427
102 703
102 703
1 102
703 1
703 102
1 703
148 1
148 102
148 703
702 148
702 148
183 148
183 702
183 702
1 183
702 1
702 183
1 702
375 1
375 183
375 702
701 375
701 375
350 375
350 701
350 701
1 350
701 1
701 350
1 701
678 1
678 701
700 350
700 678
258 678
258 700
258 700
1 258
700 1
700 258
1 700
607 1
607 258
607 700
699 607
699 607
307 699
423 699
698 307
698 423
466 698
659 466
659 607
659 698
697 659
697 659
430 659
430 697
430 697
1 430
697 1
697 430
1 697
632 1
632 430
632 697
696 632
696 632
119 632
119 696
119 696
1 119
696 1
696 119
1 696
524 1
524 696
695 119
695 524
174 524
174 695
174 695
1 174
695 1
695 174
1 695
261 695
694 1
694 174
113 261
113 694
113 694
1 113
694 1
694 113
1 694
253 1
253 694
693 113
693 253
464 253
464 693
464 693
1 464
693 1
693 464
1 693
474 1
474 464
474 693
692 474
692 474
104 474
104 692
104 692
1 104
692 1
692 104
1 692
530 692
691 1
691 104
320 691
405 691
690 320
690 405
369 530
369 690
369 690
1 369
690 1
690 369
1 690
434 1
434 369
434 690
689 434
689 434
190 434
190 689
190 689
1 190
689 1
689 190
1 689
433 1
433 689
688 190
688 433
293 688
474 293
474 433
474 688
687 474
687 474
388 474
388 687
388 687
1 388
687 1
687 388
1 687
460 1
460 388
460 687
686 460
686 460
152 460
152 686
152 686
1 152
686 1
686 152
1 686
542 1
542 152
542 686
685 542
685 542
25 542
25 685
156 25
156 25
156 685
684 156
684 156
268 156
268 684
488 684
683 268
683 268
457 488
457 683
457 683
1 457
683 1
683 457
1 683
682 1
682 457
682 683
1 682
269 682
463 1
463 269
463 682
681 463
681 463
91 463
91 681
91 681
1 91
681 1
681 91
1 681
378 681
680 1
680 91
458 378
458 680
458 680
1 458
680 1
680 458
1 680
461 680
679 1
679 458
131 461
131 679
131 679
1 131
679 1
679 131
1 679
148 679
678 1
678 131
238 148
238 678
628 238
628 678
677 238
677 628
32 677
628 677
676 32
676 628
316 676
318 316
318 628
318 676
675 318
675 318
334 318
334 675
643 334
643 334
643 675
674 643
674 643
18 674
177 18
177 643
177 674
673 177
673 177
149 177
149 673
534 673
672 149
672 149
41 534
41 672
313 41
313 41
313 672
671 313
671 313
485 313
485 671
485 671
1 485
671 1
671 485
1 671
515 671
670 1
670 485
225 515
225 670
534 225
534 225
534 670
669 534
669 534
27 534
27 669
27 669
1 27
669 1
669 27
1 669
547 1
547 27
547 669
668 547
668 547
206 547
206 668
206 668
1 206
668 1
668 206
1 668
663 1
663 206
663 668
667 663
667 663
48 663
48 667
630 48
630 48
630 667
666 630
666 630
112 666
157 112
157 666
665 157
665 157
557 630
557 665
664 557
664 557
664 665
1 664
151 1
151 664
368 664
663 151
663 151
229 368
229 663
229 663
1 229
663 1
663 229
1 663
235 663
662 1
662 229
107 235
107 662
326 662
661 107
661 107
97 326
97 661
97 661
1 97
661 1
661 97
1 661
252 661
660 1
660 97
314 252
314 660
386 314
386 314
386 660
659 386
659 386
335 386
335 659
335 659
1 335
659 1
659 335
1 659
405 1
405 335
405 659
658 405
658 405
124 405
124 658
549 124
549 658
657 124
657 549
86 657
383 86
383 657
656 383
656 383
326 549
326 656
485 326
485 656
655 326
655 485
360 655
373 360
373 655
654 373
654 373
144 485
144 654
583 144
583 654
653 144
653 583
192 583
192 653
555 192
555 653
652 192
652 555
153 555
153 652
153 652
1 153
652 1
652 153
1 652
608 652
651 1
651 153
59 608
59 651
243 59
243 651
650 59
650 243
364 243
364 650
364 650
1 364
650 1
650 364
1 650
462 650
649 1
649 364
36 649
381 649
648 36
648 381
484 462
484 648
525 484
525 648
647 484
647 525
187 525
187 647
416 187
416 187
416 647
646 416
646 416
14 416
14 646
14 646
1 14
646 1
646 14
1 646
229 1
229 646
645 14
645 229
220 229
220 645
220 645
1 220
645 1
645 220
1 645
421 645
644 1
644 220
150 421
150 644
150 644
1 150
644 1
644 150
1 644
598 1
598 150
598 644
643 598
643 598
238 598
238 643
280 643
642 238
642 238
2 280
2 642
2 642
1 2
642 1
642 2
1 642
484 1
484 2
484 642
641 484
641 484
99 484
99 641
99 641
1 99
641 1
641 99
1 641
510 1
510 99
510 641
640 510
640 510
63 510
63 640
635 640
639 63
639 63
292 635
292 639
292 639
1 292
639 1
639 292
1 639
425 1
425 292
425 639
638 425
638 425
167 425
167 638
590 167
590 638
637 167
637 590
295 590
295 637
295 637
1 295
637 1
637 295
1 637
503 1
503 295
503 637
636 503
636 503
319 636
426 636
635 319
635 426
122 503
122 635
122 635
1 122
635 1
635 122
1 635
133 1
133 635
634 122
634 133
333 133
333 634
333 634
1 333
634 1
634 333
1 634
387 1
387 333
387 634
633 387
633 387
435 387
435 633
435 633
1 435
633 1
633 435
1 633
505 1
505 435
505 633
632 505
632 505
37 632
85 632
631 37
631 85
103 631
151 103
151 631
630 151
630 151
221 630
550 221
550 505
550 630
629 550
629 550
206 550
206 629
461 206
461 206
461 629
628 461
628 461
302 628
595 628
627 302
627 461
267 595
267 627
487 627
626 267
626 267
576 487
576 626
576 626
1 576
626 1
626 576
1 626
581 1
581 576
581 626
625 581
625 581
149 625
229 149
229 581
229 625
624 229
624 229
217 229
217 624
217 624
1 217
624 1
624 217
1 624
310 1
310 624
623 217
623 310
112 310
112 623
112 623
1 112
623 1
623 112
1 623
258 623
622 1
622 112
493 258
493 622
614 622
621 493
621 493
232 614
232 621
282 232
282 621
620 232
620 282
384 282
384 620
384 620
1 384
620 1
620 384
1 620
467 1
467 384
467 620
619 467
619 467
304 619
319 304
319 467
319 619
618 319
618 319
177 319
177 618
177 618
1 177
618 1
618 177
1 618
184 618
617 1
617 177
24 184
24 617
468 24
468 617
616 24
616 468
21 468
21 616
521 616
615 21
615 21
322 521
322 615
322 615
1 322
615 1
615 322
1 615
608 1
608 322
608 615
614 608
614 608
55 608
55 614
55 614
1 55
614 1
614 55
1 614
426 614
613 1
613 55
119 426
119 613
611 119
611 613
612 119
612 611
210 611
210 612
210 612
1 210
612 1
612 210
1 612
233 1
233 210
233 612
611 233
611 233
401 233
401 611
575 401
575 401
575 611
610 575
610 575
139 610
338 139
338 575
338 610
609 338
609 338
455 338
455 609
455 609
1 455
609 1
609 455
1 609
517 1
517 455
517 609
608 517
608 517
132 608
491 608
607 132
607 491
34 607
78 607
606 34
606 78
582 606
590 606
605 517
605 582
409 590
409 605
563 605
604 409
604 409
86 563
86 604
86 604
1 86
604 1
604 86
1 604
330 1
330 604
603 86
603 330
85 603
250 85
250 330
250 603
602 250
602 250
284 250
284 602
284 602
1 284
602 1
602 284
1 602
527 1
527 602
601 284
601 527
376 527
376 601
444 376
444 601
600 376
600 444
282 444
282 600
282 600
1 282
600 1
600 282
1 600
389 1
389 282
389 600
599 389
599 389
137 389
137 599
147 137
147 599
598 137
598 147
374 147
374 598
572 374
572 374
572 598
597 572
597 572
46 597
554 46
554 597
596 554
596 554
4 572
4 596
331 4
331 4
331 596
595 331
595 331
205 331
205 595
492 205
492 205
492 595
594 492
594 492
233 492
233 594
233 594
1 233
594 1
594 233
1 594
505 1
505 594
593 233
593 505
140 593
525 140
525 505
525 593
592 525
592 525
39 525
39 592
39 592
1 39
592 1
592 39
1 592
53 1
53 592
591 39
591 53
157 53
157 591
336 157
336 157
336 591
590 336
590 336
159 336
159 590
312 159
312 590
589 159
589 312
248 312
248 589
330 248
330 248
330 589
588 330
588 330
57 330
57 588
57 588
1 57
588 1
588 57
1 588
545 1
545 57
545 588
587 545
587 545
10 545
10 587
529 10
529 587
586 10
586 529
74 529
74 586
74 586
1 74
586 1
586 74
1 586
317 586
585 1
585 74
324 317
324 585
324 585
1 324
585 1
585 324
1 585
519 1
519 585
584 324
584 519
69 584
567 584
583 69
583 519
71 567
71 583
71 583
1 71
583 1
583 71
1 583
137 1
137 71
137 583
582 137
582 137
317 582
424 582
581 137
581 317
63 424
63 581
413 581
580 63
580 63
89 413
89 580
89 580
1 89
580 1
580 89
1 580
172 1
172 580
579 89
579 172
208 579
456 172
456 579
578 208
578 456
399 578
531 399
531 578
577 456
577 531
282 531
282 577
325 282
325 577
576 282
576 325
142 576
431 576
575 142
575 325
250 431
250 575
569 575
574 250
574 250
83 569
83 574
413 83
413 574
573 83
573 413
146 413
146 573
508 146
508 146
508 573
572 508
572 508
149 508
149 572
511 572
571 149
571 149
152 511
152 571
327 152
327 152
327 571
570 327
570 327
287 570
322 287
322 570
569 322
569 322
245 327
245 569
245 569
1 245
569 1
569 245
1 569
253 1
253 569
568 245
568 253
130 253
130 568
450 130
450 130
450 568
567 450
567 450
121 450
121 567
121 567
1 121
567 1
567 121
1 567
244 1
244 121
244 567
566 244
566 244
91 566
187 566
565 91
565 187
365 565
460 244
460 565
564 365
564 460
317 564
471 564
563 317
563 460
38 563
176 563
562 38
562 176
103 562
403 562
561 103
561 403
14 471
14 561
289 561
560 14
560 14
314 289
314 560
314 560
1 314
560 1
560 314
1 560
452 1
452 314
452 560
559 452
559 452
197 559
424 197
424 559
558 424
558 424
251 452
251 558
251 558
1 251
558 1
558 251
1 558
275 1
275 251
275 558
557 275
557 275
213 557
273 213
273 557
556 273
556 273
430 275
430 556
460 430
460 430
460 556
555 460
555 460
248 555
402 248
402 555
554 402
554 402
147 554
496 554
553 147
553 460
43 496
43 553
122 43
122 553
552 43
552 122
21 122
21 552
21 552
1 21
552 1
552 21
1 552
509 1
509 21
509 552
551 509
551 509
129 551
176 129
176 509
176 551
550 176
550 176
210 550
385 176
385 210
385 550
549 385
549 385
309 549
515 549
548 309
548 385
30 515
30 548
484 30
484 548
547 30
547 484
13 547
120 547
546 13
546 120
90 484
90 546
90 546
1 90
546 1
546 90
1 546
340 1
340 90
340 546
545 340
545 340
339 340
339 545
396 545
544 339
544 339
356 396
356 544
356 544
1 356
544 1
544 356
1 544
447 1
447 544
543 356
543 447
37 447
37 543
437 37
437 37
437 543
542 437
542 437
55 437
55 542
277 55
277 542
541 55
541 277
33 277
33 541
33 541
1 33
541 1
541 33
1 541
224 1
224 33
224 541
540 224
540 224
197 224
197 540
197 540
1 197
540 1
540 197
1 540
425 1
425 540
539 197
539 425
254 425
254 539
371 254
371 254
371 539
538 371
538 371
96 371
96 538
96 538
1 96
538 1
538 96
1 538
277 1
277 96
277 538
537 277
537 277
132 537
477 132
477 537
536 277
536 477
372 477
372 536
372 536
1 372
536 1
536 372
1 536
469 1
469 536
535 372
535 469
416 469
416 535
499 416
499 416
499 535
534 499
534 499
18 499
18 534
279 534
533 18
533 18
166 279
166 533
360 533
532 166
532 166
234 360
234 532
290 234
290 234
290 532
531 290
531 290
40 290
40 531
40 531
1 40
531 1
531 40
1 531
515 1
515 531
530 40
530 515
247 515
247 530
247 530
1 247
530 1
530 247
1 530
309 1
309 247
309 530
529 309
529 309
45 309
45 529
455 529
528 45
528 45
373 455
373 528
386 528
527 373
527 373
168 386
168 527
168 527
1 168
527 1
527 168
1 527
341 1
341 168
341 527
526 341
526 341
119 341
119 526
420 119
420 526
525 119
525 420
168 420
168 525
383 525
524 168
524 168
91 524
229 91
229 383
229 524
523 229
523 229
363 229
363 523
363 523
1 363
523 1
523 363
1 523
460 523
522 1
522 363
177 460
177 522
177 522
1 177
522 1
522 177
1 522
409 522
521 1
521 177
210 409
210 521
488 210
488 210
488 521
520 488
520 488
306 488
306 520
306 520
1 306
520 1
520 306
1 520
495 1
495 306
495 520
519 495
519 495
175 495
175 519
175 519
1 175
519 1
519 175
1 519
479 1
479 519
518 175
518 479
86 518
270 86
270 479
270 518
517 270
517 270
318 270
318 517
364 517
516 318
516 318
85 364
85 516
85 516
1 85
516 1
516 85
1 516
463 1
463 516
515 85
515 463
296 463
296 515
296 515
1 296
515 1
515 296
1 515
444 1
444 296
444 515
514 444
514 444
20 444
20 514
20 514
1 20
514 1
514 20
1 514
239 1
239 20
239 514
513 239
513 239
419 239
419 513
419 513
1 419
513 1
513 419
1 513
479 1
479 419
479 513
512 479
512 479
267 479
267 512
267 512
1 267
512 1
512 267
1 512
362 1
362 267
362 512
511 362
511 362
321 362
321 511
321 511
1 321
511 1
511 321
1 511
459 1
459 321
459 511
510 459
510 459
201 510
354 510
509 201
509 354
328 459
328 509
493 328
493 509
508 328
508 493
198 508
423 198
423 493
423 508
507 423
507 423
65 423
65 507
242 65
242 507
506 65
506 242
80 242
80 506
353 80
353 80
353 506
505 353
505 353
49 505
52 49
52 505
504 52
504 52
54 504
347 54
347 353
347 504
503 347
503 347
242 347
242 503
242 503
1 242
503 1
503 242
1 503
344 503
502 1
502 242
369 344
369 502
486 369
486 369
486 502
501 486
501 486
443 486
443 501
443 501
1 443
501 1
501 443
1 501
449 1
449 443
449 501
500 449
500 449
388 449
388 500
388 500
1 388
500 1
500 388
1 500
463 1
463 500
499 388
499 463
12 463
12 499
12 499
1 12
499 1
499 12
1 499
183 1
183 499
498 12
498 183
258 183
258 498
281 258
281 498
497 258
497 281
158 281
158 497
305 158
305 497
496 158
496 305
90 496
395 496
495 90
495 305
235 395
235 495
363 235
363 495
494 235
494 363
72 494
279 72
279 494
493 279
493 279
6 363
6 493
6 493
1 6
493 1
493 6
1 493
378 1
378 6
378 493
492 378
492 378
354 378
354 492
416 492
491 354
491 354
105 416
105 491
466 105
466 491
490 105
490 466
80 490
185 80
185 466
185 490
489 185
489 185
53 185
53 489
242 53
242 489
488 53
488 242
256 242
256 488
256 488
1 256
488 1
488 256
1 488
422 1
422 256
422 488
487 422
487 422
230 487
316 230
316 487
486 316
486 316
177 422
177 486
245 177
245 486
485 177
485 245
36 245
36 485
254 485
484 36
484 36
12 254
12 484
12 484
1 12
484 1
484 12
1 484
272 484
483 1
483 12
42 272
42 483
42 483
1 42
483 1
483 42
1 483
87 1
87 42
87 483
482 87
482 87
101 482
399 482
481 87
481 101
280 399
280 481
342 481
480 280
480 280
262 342
262 480
343 262
343 262
343 480
479 343
479 343
89 343
89 479
89 479
1 89
479 1
479 89
1 479
470 1
470 89
470 479
478 470
478 470
107 478
209 107
209 478
477 209
477 209
272 470
272 477
272 477
1 272
477 1
477 272
1 477
333 1
333 477
476 272
476 333
349 333
349 476
349 476
1 349
476 1
476 349
1 476
440 1
440 349
440 476
475 440
475 440
244 440
244 475
244 475
1 244
475 1
475 244
1 475
346 1
346 475
474 244
474 346
165 474
359 474
473 165
473 346
248 359
248 473
248 473
1 248
473 1
473 248
1 473
319 1
319 248
319 473
472 319
472 319
84 319
84 472
189 84
189 472
471 84
471 189
277 471
460 189
460 471
470 277
470 460
34 470
447 34
447 470
469 447
469 447
229 460
229 469
414 229
414 469
468 229
468 414
77 414
77 468
77 468
1 77
468 1
468 77
1 468
193 1
193 77
193 468
467 193
467 193
268 193
268 467
268 467
1 268
467 1
467 268
1 467
323 1
323 268
323 467
466 323
466 323
26 466
418 466
465 26
465 323
214 418
214 465
214 465
1 214
465 1
465 214
1 465
456 1
456 214
456 465
464 456
464 456
129 456
129 464
326 464
463 129
463 129
266 463
391 266
391 463
462 326
462 391
25 462
213 25
213 462
461 213
461 213
173 391
173 461
367 461
460 173
460 173
78 460
256 78
256 367
256 460
459 256
459 256
64 256
64 459
97 64
97 64
97 459
458 97
458 97
363 97
363 458
372 458
457 363
457 363
49 457
164 49
164 372
164 457
456 164
456 164
201 164
201 456
244 456
455 201
455 201
93 244
93 455
281 455
454 93
454 93
75 281
75 454
406 75
406 75
406 454
453 406
453 406
394 406
394 453
421 394
421 453
452 394
452 421
126 421
126 452
126 452
1 126
452 1
452 126
1 452
347 452
451 1
451 126
245 451
422 245
422 451
450 347
450 422
12 422
12 450
114 12
114 450
449 12
449 114
277 114
277 449
394 277
394 449
448 277
448 394
263 394
263 448
263 448
1 263
448 1
448 263
1 448
399 1
399 263
399 448
447 399
447 399
54 399
54 447
202 54
202 54
202 447
446 202
446 202
320 202
320 446
320 446
1 320
446 1
446 320
1 446
368 1
368 320
368 446
445 368
445 368
191 445
362 445
444 191
444 362
69 368
69 444
69 444
1 69
444 1
444 69
1 444
104 444
443 1
443 69
91 443
92 91
92 443
442 92
442 92
28 104
28 442
28 442
1 28
442 1
442 28
1 442
372 442
441 1
441 28
396 372
396 441
427 396
427 396
427 441
440 427
440 427
247 427
247 440
247 440
1 247
440 1
440 247
1 440
326 1
326 247
326 440
439 326
439 326
114 439
384 114
384 439
438 326
438 384
283 384
283 438
332 283
332 438
437 283
437 332
101 437
188 101
188 332
188 437
436 188
436 188
94 188
94 436
94 436
1 94
436 1
436 94
1 436
160 1
160 436
435 94
435 160
45 160
45 435
45 435
1 45
435 1
435 45
1 435
133 1
133 45
133 435
434 133
434 133
60 434
126 60
126 133
126 434
433 126
433 126
227 126
227 433
227 433
1 227
433 1
433 227
1 433
320 1
320 227
320 433
432 320
432 320
163 320
163 432
291 163
291 163
291 432
431 291
431 291
220 291
220 431
220 431
1 220
431 1
431 220
1 431
285 1
285 431
430 220
430 285
3 285
3 430
401 3
401 430
429 3
429 401
212 401
212 429
212 429
1 212
429 1
429 212
1 429
228 1
228 429
428 212
428 228
396 228
396 428
396 428
1 396
428 1
428 396
1 428
411 428
427 1
427 396
222 427
229 222
229 411
229 427
426 229
426 229
249 426
391 229
391 426
425 249
425 391
56 425
411 56
411 391
411 425
424 411
424 411
92 411
92 424
92 424
1 92
424 1
424 92
1 424
217 1
217 424
423 92
423 217
301 423
380 217
380 423
422 301
422 380
61 380
61 422
61 422
1 61
422 1
422 61
1 422
315 1
315 61
315 422
421 315
421 315
32 315
32 421
32 421
1 32
421 1
421 32
1 421
60 421
420 1
420 32
295 420
346 420
419 60
419 295
71 419
409 419
418 71
418 346
1 409
1 418
1 418
2 1
418 2
418 1
2 418
184 1
184 2
184 418
417 184
417 184
161 184
161 417
266 161
266 417
416 161
416 266
28 266
28 416
126 28
126 28
126 416
415 126
415 126
43 126
43 415
43 415
1 43
415 1
415 43
1 415
294 1
294 43
294 415
414 294
414 294
9 294
9 414
9 414
1 9
414 1
414 9
1 414
345 1
345 9
345 414
413 345
413 345
61 413
198 61
198 345
198 413
412 198
412 198
242 198
242 412
392 242
392 412
411 242
411 392
173 392
173 411
173 411
1 173
411 1
411 173
1 411
193 1
193 411
410 173
410 193
108 410
356 108
356 410
409 193
409 356
2 409
379 2
379 409
408 356
408 379
29 379
29 408
29 408
1 29
408 1
408 29
1 408
160 1
160 408
407 29
407 160
39 160
39 407
349 39
349 407
406 39
406 349
191 349
191 406
260 406
405 191
405 191
53 405
206 53
206 260
206 405
404 206
404 206
67 206
67 404
67 404
1 67
404 1
404 67
1 404
255 1
255 67
255 404
403 255
403 255
63 255
63 403
284 63
284 403
402 63
402 284
19 284
19 402
19 402
1 19
402 1
402 19
1 402
115 1
115 402
401 19
401 115
213 401
329 115
329 401
400 213
400 329
232 329
232 400
334 400
399 232
399 232
303 334
303 399
303 399
1 303
399 1
399 303
1 399
370 1
370 399
398 303
398 370
80 370
80 398
80 398
1 80
398 1
398 80
1 398
136 1
136 80
136 398
397 136
397 136
139 397
251 136
251 139
251 397
396 251
396 251
50 396
156 396
395 50
395 156
6 395
381 395
394 6
394 251
304 381
304 394
304 394
1 304
394 1
394 304
1 394
340 1
340 304
340 394
393 340
393 340
159 340
159 393
159 393
1 159
393 1
393 159
1 393
323 1
323 159
323 393
392 323
392 323
157 323
157 392
157 392
1 157
392 1
392 157
1 392
332 1
332 157
332 392
391 332
391 332
118 332
118 391
118 391
1 118
391 1
391 118
1 391
330 1
330 118
330 391
390 330
390 330
282 390
367 282
367 390
389 330
389 367
81 367
81 389
220 389
388 81
388 81
117 220
117 388
117 388
1 117
388 1
388 117
1 388
185 1
185 117
185 388
387 185
387 185
130 387
358 130
358 387
386 185
386 358
242 358
242 386
263 386
385 242
385 242
228 385
289 385
384 228
384 263
18 384
86 18
86 289
86 384
383 86
383 86
184 86
184 383
271 383
382 184
382 184
19 382
131 19
131 271
131 382
381 131
381 131
190 131
190 381
364 190
364 381
380 190
380 364
146 364
146 380
146 380
1 146
380 1
380 146
1 380
167 1
167 146
167 380
379 167
379 167
81 167
81 379
81 379
1 81
379 1
379 81
1 379
260 1
260 81
260 379
378 260
378 260
32 378
40 378
377 32
377 40
129 377
246 377
376 129
376 246
271 376
328 260
328 271
328 376
375 328
375 328
211 375
258 211
258 328
258 375
374 258
374 258
51 258
51 374
174 51
174 374
373 51
373 174
76 174
76 373
76 373
1 76
373 1
373 76
1 373
358 1
358 76
358 373
372 358
372 358
99 358
99 372
275 99
275 372
371 99
371 275
125 275
125 371
125 371
1 125
371 1
371 125
1 371
324 1
324 371
370 125
370 324
166 370
178 370
369 166
369 178
111 369
230 111
230 369
368 230
368 230
185 324
185 368
185 368
1 185
368 1
368 185
1 368
345 1
345 185
345 368
367 345
367 345
25 345
25 367
25 367
1 25
367 1
367 25
1 367
317 1
317 367
366 25
366 317
38 317
38 366
38 366
1 38
366 1
366 38
1 366
69 366
365 1
365 38
107 69
107 365
116 365
364 107
364 107
109 116
109 364
127 109
127 364
363 109
363 127
150 127
150 363
150 363
1 150
363 1
363 150
1 363
222 1
222 363
362 150
362 222
146 362
348 362
361 146
361 222
31 348
31 361
31 361
1 31
361 1
361 31
1 361
120 1
120 31
120 361
360 120
360 120
171 120
171 360
204 171
204 171
204 360
359 204
359 204
263 359
309 204
309 359
358 263
358 309
221 309
221 358
221 358
1 221
358 1
358 221
1 358
319 1
319 221
319 358
357 319
357 319
41 319
41 357
41 357
1 41
357 1
357 41
1 357
213 1
213 41
213 357
356 213
356 213
119 213
119 356
252 119
252 119
252 356
355 252
355 252
51 355
90 355
354 51
354 90
172 252
172 354
172 354
1 172
354 1
354 172
1 354
243 1
243 172
243 354
353 243
353 243
155 243
155 353
155 353
1 155
353 1
353 155
1 353
199 1
199 155
199 353
352 199
352 199
93 352
307 93
307 199
307 352
351 307
351 307
152 307
152 351
152 351
1 152
351 1
351 152
1 351
259 351
350 1
350 152
6 259
6 350
38 350
349 6
349 6
61 38
61 349
312 349
348 61
348 61
22 312
22 348
22 348
1 22
348 1
348 22
1 348
276 1
276 22
276 348
347 276
347 276
1 276
1 347
1 347
2 1
347 2
347 1
2 347
323 1
323 347
346 2
346 323
247 323
247 346
247 346
1 247
346 1
346 247
1 346
251 1
251 247
251 346
345 251
345 251
59 251
59 345
59 345
1 59
345 1
345 59
1 345
209 1
209 345
344 59
344 209
42 209
42 344
295 344
343 42
343 42
120 343
197 120
197 343
342 197
342 197
1 295
1 342
1 342
2 1
342 2
342 1
2 342
162 1
162 2
162 342
341 162
341 162
102 162
102 341
111 102
111 102
111 341
340 111
340 111
80 340
171 80
171 340
339 111
339 171
236 171
236 339
286 339
338 236
338 236
52 286
52 338
310 338
337 52
337 52
175 310
175 337
210 337
336 175
336 175
29 210
29 336
29 336
1 29
336 1
336 29
1 336
255 336
335 1
335 29
253 335
301 253
301 335
334 255
334 301
107 301
107 334
258 107
258 334
333 107
333 258
175 258
175 333
175 333
1 175
333 1
333 175
1 333
253 1
253 333
332 175
332 253
23 253
23 332
306 332
331 23
331 23
2 331
170 2
170 331
330 170
330 170
31 306
31 330
199 31
199 31
199 330
329 199
329 199
177 329
195 177
195 199
195 329
328 195
328 195
130 195
130 328
189 328
327 130
327 130
10 327
25 327
326 10
326 25
32 189
32 326
32 326
1 32
326 1
326 32
1 326
256 1
256 32
256 326
325 256
325 256
173 325
288 325
324 173
324 256
127 288
127 324
219 127
219 127
219 324
323 219
323 219
10 219
10 323
72 10
72 10
72 323
322 72
322 72
21 72
21 322
21 322
1 21
322 1
322 21
1 322
144 1
144 21
144 322
321 144
321 144
218 144
218 321
309 321
320 218
320 218
59 320
176 59
176 309
176 320
319 176
319 176
85 176
85 319
85 319
1 85
319 1
319 85
1 319
146 1
146 85
146 319
318 146
318 146
213 146
213 318
234 318
317 213
317 213
246 234
246 317
246 317
1 246
317 1
317 246
1 317
280 1
280 246
280 317
316 280
316 280
209 280
209 316
209 316
1 209
316 1
316 209
1 316
257 316
315 1
315 209
233 315
296 233
296 315
314 257
314 296
206 296
206 314
206 314
1 206
314 1
314 206
1 314
215 1
215 314
313 206
313 215
23 313
193 23
193 313
312 193
312 193
51 215
51 312
172 312
311 51
311 51
158 172
158 311
219 158
219 158
219 311
310 219
310 219
9 310
60 9
60 219
60 310
309 60
309 60
125 60
125 309
125 309
1 125
309 1
309 125
1 309
268 1
268 309
308 125
308 268
103 308
207 308
307 103
307 207
33 307
157 307
306 33
306 157
59 268
59 306
59 306
1 59
306 1
306 59
1 306
60 1
60 59
60 306
305 60
305 60
75 305
97 305
304 60
304 75
81 97
81 304
81 304
1 81
304 1
304 81
1 304
181 1
181 304
303 81
303 181
182 303
275 303
302 181
302 182
79 275
79 302
79 302
1 79
302 1
302 79
1 302
120 1
120 302
301 79
301 120
39 120
39 301
39 301
1 39
301 1
301 39
1 301
131 1
131 301
300 39
300 131
100 131
100 300
100 300
1 100
300 1
300 100
1 300
194 1
194 100
194 300
299 194
299 194
72 299
289 72
289 194
289 299
298 289
298 289
61 289
61 298
61 298
1 61
298 1
298 61
1 298
200 1
200 61
200 298
297 200
297 200
5 200
5 297
5 297
1 5
297 1
297 5
1 297
212 1
212 297
296 5
296 212
57 212
57 296
57 296
1 57
296 1
296 57
1 296
140 296
295 1
295 57
115 295
196 115
196 295
294 140
294 196
87 196
87 294
109 87
109 294
293 87
293 109
52 109
52 293
132 52
132 293
292 52
292 132
64 292
104 64
104 132
104 292
291 104
291 104
125 104
125 291
125 291
1 125
291 1
291 125
1 291
273 1
273 291
290 125
290 273
189 273
189 290
262 189
262 290
289 189
289 262
162 262
162 289
162 289
1 162
289 1
289 162
1 289
204 289
288 1
288 162
32 204
32 288
169 288
287 32
287 32
28 287
78 287
286 28
286 78
20 169
20 286
20 286
1 20
286 1
286 20
1 286
221 1
221 286
285 20
285 221
48 221
48 285
48 285
1 48
285 1
285 48
1 285
105 1
105 48
105 285
284 105
284 105
37 284
135 284
283 37
283 105
129 135
129 283
129 283
1 129
283 1
283 129
1 283
255 1
255 283
282 129
282 255
67 282
202 67
202 255
202 282
281 202
281 202
38 202
38 281
95 38
95 38
95 281
280 95
280 95
212 280
221 95
221 280
279 212
279 221
96 279
259 96
259 221
259 279
278 259
278 259
4 259
4 278
4 278
1 4
278 1
278 4
1 278
18 1
18 4
18 278
277 18
277 18
173 18
173 277
226 277
276 173
276 173
223 276
234 223
234 276
275 226
275 234
200 234
200 275
243 200
243 275
274 200
274 243
10 274
228 10
228 243
228 274
273 228
273 228
75 228
75 273
209 75
209 75
209 273
272 209
272 209
70 272
98 272
271 70
271 98
134 209
134 271
237 134
237 271
270 134
270 237
28 237
28 270
108 270
269 28
269 28
156 269
216 108
216 269
268 156
268 216
56 268
206 268
267 56
267 206
41 216
41 267
41 267
1 41
267 1
267 41
1 267
104 1
104 41
104 267
266 104
266 104
151 104
151 266
151 266
1 151
266 1
266 151
1 266
187 1
187 151
187 266
265 187
265 187
36 187
36 265
112 36
112 265
264 36
264 112
106 112
106 264
106 264
1 106
264 1
264 106
1 264
191 264
263 1
263 106
48 191
48 263
48 263
1 48
263 1
263 48
1 263
75 1
75 263
262 48
262 75
153 262
241 75
241 153
241 262
261 241
261 241
12 241
12 261
57 12
57 261
260 12
260 57
25 260
123 25
123 260
259 57
259 123
65 123
65 259
84 65
84 65
84 259
258 84
258 84
11 84
11 258
161 11
161 11
161 258
257 161
257 161
180 161
180 257
180 257
1 180
257 1
257 180
1 257
182 1
182 180
182 257
256 182
256 182
2 182
2 256
2 256
1 2
256 1
256 2
1 256
177 256
255 1
255 2
90 177
90 255
90 255
1 90
255 1
255 90
1 255
117 1
117 90
117 255
254 117
254 117
45 117
45 254
45 254
1 45
254 1
254 45
1 254
168 1
168 45
168 254
253 168
253 168
171 253
230 168
230 253
252 171
252 230
83 230
83 252
159 83
159 252
251 83
251 159
18 251
115 251
250 18
250 115
183 159
183 250
183 250
1 183
250 1
250 183
1 250
239 1
239 183
239 250
249 239
249 239
43 239
43 249
207 43
207 43
207 249
248 207
248 207
27 207
27 248
174 248
247 27
247 27
116 247
127 247
246 116
246 127
42 174
42 246
145 42
145 246
245 42
245 145
68 145
68 245
68 245
1 68
245 1
245 68
1 245
151 1
151 245
244 68
244 151
30 151
30 244
228 30
228 30
228 244
243 228
243 228
55 228
55 243
55 243
1 55
243 1
243 55
1 243
103 1
103 55
103 243
242 103
242 103
8 242
129 8
129 242
241 103
241 129
80 129
80 241
80 241
1 80
241 1
241 80
1 241
157 1
157 241
240 80
240 157
2 157
2 240
225 2
225 2
225 240
239 225
239 225
65 239
151 239
238 65
238 151
145 238
232 145
232 238
237 225
237 232
88 232
88 237
88 237
1 88
237 1
237 88
1 237
191 1
191 237
236 88
236 191
34 191
34 236
34 236
1 34
236 1
236 34
1 236
126 1
126 236
235 34
235 126
156 235
187 235
234 126
234 156
65 187
65 234
65 234
1 65
234 1
234 65
1 234
149 1
149 65
149 234
233 149
233 149
181 233
187 233
232 149
232 181
15 187
15 232
15 232
1 15
232 1
232 15
1 232
53 1
53 15
53 232
231 53
231 53
35 53
35 231
35 231
1 35
231 1
231 35
1 231
201 231
230 1
230 35
145 201
145 230
198 145
198 230
229 145
229 198
42 198
42 229
165 229
228 42
228 42
99 165
99 228
99 228
1 99
228 1
228 99
1 228
223 1
223 228
227 99
227 223
117 223
117 227
117 227
1 117
227 1
227 117
1 227
205 1
205 227
226 117
226 205
41 205
41 226
41 226
1 41
226 1
226 41
1 226
211 1
211 41
211 226
225 211
225 211
24 225
192 24
192 225
224 192
224 192
146 224
177 146
177 211
177 224
223 177
223 177
9 177
9 223
96 223
222 9
222 9
41 96
41 222
41 222
1 41
222 1
222 41
1 222
182 1
182 41
182 222
221 182
221 182
22 221
70 22
70 221
220 70
220 70
5 220
124 220
219 5
219 124
43 182
43 219
43 219
1 43
219 1
219 43
1 219
111 1
111 43
111 219
218 111
218 111
42 111
42 218
177 218
217 42
217 42
129 177
129 217
181 217
216 129
216 129
150 181
150 216
150 216
1 150
216 1
216 150
1 216
206 1
206 216
215 150
215 206
2 206
2 215
120 2
120 2
120 215
214 120
214 120
135 120
135 214
135 214
1 135
214 1
214 135
1 214
187 1
187 135
187 214
213 187
213 187
206 187
206 213
206 213
1 206
213 1
213 206
1 213
211 1
211 213
212 206
212 211
7 211
7 212
7 212
1 7
212 1
212 7
1 212
69 1
69 212
211 7
211 69
33 69
33 211
49 211
210 33
210 33
148 49
148 210
148 210
1 148
210 1
210 148
1 210
197 1
197 210
209 148
209 197
120 197
120 209
121 120
121 120
121 209
208 121
208 121
36 121
36 208
36 208
1 36
208 1
208 36
1 208
88 208
207 1
207 36
58 88
58 207
58 207
1 58
207 1
207 58
1 207
168 1
168 58
168 207
206 168
206 168
29 168
29 206
29 206
1 29
206 1
206 29
1 206
176 1
176 29
176 206
205 176
205 176
89 176
89 205
89 205
1 89
205 1
205 89
1 205
117 1
117 205
204 89
204 117
83 204
111 83
111 117
111 204
203 111
203 111
117 111
117 203
117 203
1 117
203 1
203 117
1 203
140 1
140 203
202 117
202 140
58 202
185 202
201 58
201 140
50 185
50 201
200 50
200 50
200 201
1 200
15 1
15 200
15 200
1 15
200 1
200 15
1 200
142 200
199 1
199 15
89 142
89 199
90 89
90 89
90 199
198 90
198 90
13 198
73 198
197 13
197 73
113 197
117 197
196 90
196 113
99 196
103 99
103 117
103 196
195 103
195 103
75 103
75 195
129 75
129 75
129 195
194 129
194 129
88 129
88 194
125 88
125 194
193 88
193 125
40 125
40 193
132 193
192 40
192 40
41 132
41 192
41 192
1 41
192 1
192 41
1 192
133 1
133 41
133 192
191 133
191 133
20 133
20 191
20 191
1 20
191 1
191 20
1 191
136 191
190 1
190 20
60 190
103 60
103 190
189 103
189 103
39 136
39 189
145 39
145 189
188 39
188 145
10 145
10 188
10 188
1 10
188 1
188 10
1 188
168 1
168 10
168 188
187 168
187 168
89 168
89 187
155 187
186 89
186 89
118 186
118 186
185 118
185 118
19 155
19 185
37 19
37 185
184 19
184 37
32 184
176 32
176 37
176 184
183 176
183 176
13 183
46 183
182 13
182 46
17 176
17 182
152 182
181 17
181 17
15 181
21 15
21 152
21 181
180 21
180 21
23 21
23 180
23 180
1 23
180 1
180 23
1 180
35 1
35 180
179 23
179 35
51 35
51 179
51 179
1 51
179 1
179 51
1 179
160 1
160 51
160 179
178 160
178 160
32 160
32 178
32 178
1 32
178 1
178 32
1 178
107 1
107 32
107 178
177 107
177 107
16 177
130 177
176 16
176 107
20 176
161 20
161 176
175 130
175 161
112 161
112 175
154 112
154 112
154 175
174 154
174 154
54 154
54 174
134 54
134 54
134 174
173 134
173 134
64 134
64 173
95 64
95 64
95 173
172 95
172 95
60 172
74 60
74 172
171 74
171 74
34 95
34 171
104 171
170 34
170 34
6 104
6 170
108 6
108 6
108 170
169 108
169 108
76 169
163 169
168 76
168 108
153 163
153 168
153 168
1 153
168 1
168 153
1 168
164 1
164 153
164 168
167 164
167 164
90 164
90 167
90 167
1 90
167 1
167 90
1 167
141 167
166 1
166 90
53 141
53 166
127 53
127 53
127 166
165 127
165 127
48 165
114 165
164 48
164 114
80 127
80 164
84 80
84 80
84 164
163 84
163 84
47 84
47 163
47 163
1 47
163 1
163 47
1 163
66 1
66 47
66 163
162 66
162 66
9 66
9 162
9 162
1 9
162 1
162 9
1 162
143 162
161 1
161 9
83 161
121 83
121 161
160 121
160 121
58 143
58 160
104 58
104 160
159 58
159 104
101 104
101 159
101 159
1 101
159 1
159 101
1 159
132 1
132 159
158 101
158 132
46 132
46 158
46 158
1 46
158 1
158 46
1 158
56 1
56 46
56 158
157 56
157 56
1 157
87 1
87 157
156 56
156 87
81 156
99 156
155 81
155 87
2 155
87 2
87 155
154 87
154 87
39 99
39 154
39 154
1 39
154 1
154 39
1 154
123 1
123 39
123 154
153 123
153 123
60 123
60 153
87 60
87 60
87 153
152 87
152 87
36 87
36 152
62 36
62 152
151 36
151 62
91 151
92 151
150 62
150 91
63 92
63 150
63 150
1 63
150 1
150 63
1 150
148 1
148 63
148 150
149 148
149 148
43 148
43 149
43 149
1 43
149 1
149 43
1 149
59 1
59 43
59 149
148 59
148 59
50 59
50 148
50 148
1 50
148 1
148 50
1 148
82 148
147 1
147 50
21 82
21 147
87 21
87 147
146 21
146 87
23 87
23 146
23 146
1 23
146 1
146 23
1 146
88 1
88 23
88 146
145 88
145 88
60 88
60 145
72 145
144 60
144 60
40 72
40 144
40 144
1 40
144 1
144 40
1 144
85 1
85 144
143 40
143 85
28 85
28 143
28 143
1 28
143 1
143 28
1 143
52 143
142 1
142 28
40 52
40 142
61 142
141 40
141 40
93 61
93 141
93 141
1 93
141 1
141 93
1 141
96 141
140 1
140 93
36 96
36 140
36 140
1 36
140 1
140 36
1 140
91 1
91 36
91 140
139 91
139 91
62 91
62 139
76 62
76 62
76 139
138 76
138 76
50 76
50 138
50 138
1 50
138 1
138 50
1 138
86 1
86 138
137 50
137 86
91 86
91 137
125 91
125 137
136 91
136 125
105 125
105 136
105 136
1 105
136 1
136 105
1 136
108 1
108 136
135 105
135 108
124 108
124 135
124 135
1 124
135 1
135 124
1 135
134 1
134 124
134 135
1 134
34 1
34 134
34 134
1 34
134 1
134 34
1 134
132 1
132 134
133 34
133 132
43 133
55 43
55 132
55 133
132 55
132 55
14 55
14 132
14 132
1 14
132 1
132 14
1 132
21 1
21 14
21 132
131 21
131 21
113 21
113 131
113 131
1 113
131 1
131 113
1 131
117 1
117 113
117 131
130 117
130 117
2 130
13 2
13 130
129 13
129 13
57 117
57 129
74 57
74 129
128 57
128 74
9 128
18 9
18 74
18 128
127 18
127 18
93 127
116 18
116 93
116 127
126 116
126 116
24 126
43 24
43 116
43 126
125 43
125 43
7 43
7 125
35 7
35 7
35 125
124 35
124 35
20 35
20 124
20 124
1 20
124 1
124 20
1 124
100 1
100 124
123 20
123 100
43 123
109 43
109 100
109 123
122 109
122 109
43 122
60 43
60 109
60 122
121 60
121 60
37 60
37 121
37 121
1 37
121 1
121 37
1 121
70 121
120 1
120 37
88 120
109 70
109 88
109 120
119 109
119 109
110 119
116 109
116 119
118 110
118 116
54 116
54 118
54 118
1 54
118 1
118 54
1 118
65 1
65 54
65 118
117 65
117 65
16 65
16 117
16 117
1 16
117 1
117 16
1 117
23 1
23 117
116 16
116 23
72 23
72 116
72 116
1 72
116 1
116 72
1 116
105 1
105 72
105 116
115 105
115 105
67 105
67 115
81 115
114 67
114 67
13 81
13 114
13 114
1 13
114 1
114 13
1 114
49 1
49 13
49 114
113 49
113 49
9 113
100 9
100 113
112 49
112 100
58 100
58 112
58 112
1 58
112 1
112 58
1 112
67 1
67 112
111 58
111 67
10 67
10 111
91 10
91 111
110 10
110 91
15 110
43 110
109 15
109 43
9 91
9 109
69 109
108 9
108 9
37 69
37 108
37 108
1 37
108 1
108 37
1 108
48 1
48 37
48 108
107 48
107 48
8 48
8 107
63 8
63 107
106 8
106 63
30 63
30 106
74 30
74 106
105 30
105 74
31 74
31 105
96 31
96 31
96 105
104 96
104 96
20 96
20 104
64 104
103 20
103 20
32 64
32 103
32 103
1 32
103 1
103 32
1 103
55 1
55 32
55 103
102 55
102 55
61 55
61 102
61 102
1 61
102 1
102 61
1 102
91 102
101 1
101 61
9 91
9 101
24 9
24 9
24 101
100 24
100 24
26 100
39 24
39 26
39 100
99 39
99 39
1 99
25 1
25 99
98 25
98 25
44 98
85 98
97 39
97 44
20 85
20 97
20 97
1 20
97 1
97 20
1 97
94 97
96 1
96 20
22 94
22 96
22 96
1 22
96 1
96 22
1 96
39 1
39 96
95 22
95 39
20 39
20 95
57 20
57 95
94 20
94 57
71 94
84 57
84 94
93 71
93 84
45 84
45 93
56 45
56 93
92 45
92 56
30 56
30 92
30 92
1 30
92 1
92 30
1 92
45 1
45 92
91 30
91 45
17 45
17 91
17 91
1 17
91 1
91 17
1 91
61 1
61 17
61 91
90 61
90 61
53 90
58 53
58 61
58 90
89 58
89 58
33 58
33 89
33 89
1 33
89 1
89 33
1 89
53 1
53 89
88 33
88 53
44 88
63 44
63 88
87 53
87 63
25 63
25 87
25 87
1 25
87 1
87 25
1 87
37 1
37 25
37 87
86 37
86 37
36 37
36 86
63 36
63 36
63 86
85 63
85 63
3 85
6 3
6 63
6 85
84 6
84 6
33 84
60 6
60 84
83 33
83 60
12 60
12 83
12 83
1 12
83 1
83 12
1 83
13 1
13 83
82 12
82 13
43 13
43 82
81 43
81 82
22 43
22 81
67 81
80 22
80 22
41 80
65 41
65 67
65 80
79 65
79 65
31 65
31 79
73 79
78 31
78 31
2 78
6 78
77 2
77 6
11 77
56 11
56 77
76 56
76 56
27 73
27 76
51 27
51 76
75 27
75 51
4 51
4 75
4 75
1 4
75 1
75 4
1 75
9 1
9 75
74 4
74 9
28 9
28 74
46 28
46 28
46 74
73 46
73 46
37 46
37 73
53 37
53 73
72 37
72 53
24 53
24 72
43 24
43 72
71 24
71 43
16 43
16 71
18 16
18 71
70 16
70 18
17 18
17 70
36 17
36 70
69 17
69 36
35 69
50 35
50 36
50 69
68 50
68 50
20 50
20 68
22 68
67 20
67 20
7 22
7 67
37 7
37 7
37 67
66 37
66 37
31 37
31 66
65 31
65 66
37 31
37 65
37 65
1 37
65 1
65 37
1 65
40 1
40 37
40 65
64 40
64 40
3 40
3 64
26 3
26 64
63 3
63 26
10 63
35 10
35 26
35 63
62 35
62 35
17 62
31 62
61 17
61 31
15 35
15 61
15 61
1 15
61 1
61 15
1 61
54 61
60 1
60 15
20 60
21 20
21 60
59 21
59 21
31 59
34 31
34 54
34 59
58 34
58 34
28 58
30 58
57 28
57 30
11 34
11 57
29 57
56 11
56 11
46 29
46 56
46 56
1 46
56 1
56 46
1 56
48 56
55 1
55 46
37 55
46 37
46 48
46 55
54 46
54 46
19 54
51 19
51 54
53 46
53 51
13 51
13 53
13 53
1 13
53 1
53 13
1 53
47 1
47 13
47 53
52 47
52 47
1 52
51 1
51 47
51 52
1 51
7 1
7 51
47 7
47 51
50 7
50 47
5 47
5 50
5 50
1 5
50 1
50 5
1 50
18 50
49 1
49 5
21 18
21 49
39 49
48 21
48 21
25 39
25 48
27 48
47 25
47 25
14 27
14 47
45 47
46 14
46 14
13 46
41 13
41 45
41 46
45 41
45 41
1 41
1 45
1 45
2 1
45 2
45 1
2 45
14 45
44 1
44 2
10 14
10 44
10 44
1 10
44 1
44 10
1 44
31 1
31 44
43 10
43 31
16 31
16 43
16 43
1 16
43 1
43 16
1 43
30 1
30 43
42 16
42 30
29 30
29 42
41 42
41 29
27 41
31 27
31 29
31 41
40 31
40 31
14 31
14 40
14 40
1 14
40 1
40 14
1 40
34 40
39 1
39 14
3 39
13 39
38 3
38 13
5 34
5 38
5 38
1 5
38 1
38 5
1 38
22 1
22 5
22 38
37 22
37 22
11 22
11 37
19 37
36 11
36 11
18 19
18 36
18 36
1 18
36 1
36 18
1 36
21 1
21 18
21 36
35 21
35 21
1 21
1 35
1 35
2 1
35 2
35 1
2 35
25 1
25 35
34 2
34 25
24 25
24 34
28 24
28 24
28 34
33 28
33 28
9 28
9 33
29 9
29 33
32 9
32 29
1 29
1 32
1 32
2 1
32 2
32 1
2 32
21 1
21 32
31 2
31 21
19 31
25 19
25 31
30 21
30 25
27 25
27 30
27 30
1 27
30 1
30 27
1 30
29 1
29 27
29 30
1 29
25 29
28 1
28 29
7 25
7 28
7 28
1 7
28 1
28 7
1 28
16 28
27 1
27 7
20 16
20 27
20 27
26 20
26 20
6 26
19 6
19 26
25 19
25 19
8 20
8 25
23 25
24 8
24 8
5 23
5 24
16 5
16 24
23 5
23 16
6 23
11 23
22 6
22 11
1 16
1 22
13 22
21 1
21 1
6 13
6 21
13 6
13 21
20 6
20 13
1 20
11 1
11 13
11 20
19 11
19 11
13 11
13 19
13 19
1 13
19 1
19 13
1 19
16 1
16 13
16 19
18 16
18 16
6 16
6 18
6 18
1 6
18 1
18 6
1 18
9 18
17 1
17 6
6 9
6 17
6 17
1 6
17 1
17 6
1 17
16 17
16 1
4 16
11 4
11 16
15 6
15 11
2 15
10 2
10 15
14 10
14 10
5 11
5 14
12 14
13 5
13 5
1 12
1 13
5 13
12 1
12 1
4 12
5 12
11 4
11 5
8 5
8 11
9 8
9 8
9 11
10 9
10 9
3 9
3 10
4 3
4 10
9 3
9 4
6 4
6 9
8 6
8 9
3 6
3 8
3 8
1 3
8 1
8 3
1 8
5 1
5 8
7 3
7 5
2 7
4 2
4 7
6 4
6 4
2 5
2 6
2 6
1 2
6 1
6 2
1 6
4 1
4 2
4 6
5 4
5 4
1 4
1 5
2 1
2 5
4 1
4 2
1 2
1 4
1 4
3 1
3 1
1 3
1 3
2 1
3 2
3 1
2 3
2 3
1 2
1 2
