852
66 299 317
11 552 652
169 708 724
16 57 108
32 671 0
55 450 574
2 287 627
169 207 848
203 305 386
17 144 767
39 68 249
766 839 848
85 272 762
401 641 681
48 169 845
182 616 796
387 628 649
16 519 844
176 242 597
184 514 727
122 260 322
44 343 704
448 449 603
111 248 610
70 112 384
371 542 786
35 324 766
215 706 805
298 495 733
198 300 764
133 590 810
279 822 841
186 310 753
486 596 748
413 448 792
352 600 820
329 402 745
88 129 165
349 462 849
142 474 736
46 201 760
136 318 506
392 582 644
69 698 793
116 124 843
106 253 579
45 568 618
164 221 781
85 575 686
546 635 835
54 247 540
212 686 850
48 349 809
389 539 825
244 477 709
106 197 451
99 163 655
303 710 843
258 561 586
168 295 643
98 128 630
365 640 650
265 400 475
23 475 513
15 403 834
45 212 821
80 372 551
528 750 841
180 615 780
357 393 682
90 618 839
196 327 614
271 524 647
119 768 786
131 405 543
30 295 324
76 297 607
128 385 487
174 321 624
43 78 241
36 527 782
447 511 546
421 433 664
17 19 372
576 653 745
26 220 246
136 503 673
330 351 381
426 638 648
160 307 329
236 292 809
526 790 834
622 732 810
143 360 558
129 283 512
130 350 466
150 536 621
170 357 682
63 67 718
140 646 807
380 530 703
14 113 838
344 741 781
369 474 760
164 296 555
363 529 602
151 313 830
62 456 837
452 516 548
482 530 849
113 558 649
162 567 785
264 283 661
85 668 743
96 176 757
466 696 746
269 291 772
115 429 789
258 344 460
133 154 762
208 756 808
181 582 670
254 446 570
135 240 815
347 414 765
241 646 783
261 516 607
535 612 728
139 175 177
272 320 801
316 473 721
13 599 608
116 181 631
454 701 846
73 253 748
43 601 742
90 243 335
572 787 838
73 437 457
138 211 798
622 692 733
490 734 833
109 292 662
32 255 479
220 752 842
33 204 815
41 53 827
14 325 829
15 167 832
337 417 759
71 684 689
31 251 508
541 562 610
145 199 420
256 272 382
112 137 702
120 214 377
106 233 732
166 364 535
54 143 663
68 312 379
633 813 845
45 50 737
9 215 428
325 616 803
261 436 710
33 418 491
34 353 840
148 794 822
101 813 814
1 161 477
10 426 528
84 284 593
229 247 288
81 132 192
438 735 804
277 348 447
151 235 507
54 423 453
5 49 306
424 742 817
5 13 502
114 227 505
66 117 630
110 166 343
18 253 744
71 155 809
384 389 585
193 286 308
206 390 566
443 774 777
566 617 784
76 295 373
140 378 779
205 568 679
326 636 840
149 419 768
435 468 471
256 291 640
430 490 685
108 389 471
412 442 718
211 235 445
161 207 601
183 340 460
219 311 355
436 445 739
334 657 770
194 195 265
25 65 573
492 622 664
228 564 569
23 424 719
179 263 369
522 693 836
489 538 649
282 526 790
396 611 750
481 548 735
281 329 792
11 52 120
500 505 565
305 485 808
186 464 672
3 47 516
492 598 852
52 570 824
159 228 534
237 401 580
346 666 799
351 546 578
48 394 608
25 484 787
15 239 522
342 645 802
93 651 788
330 701 734
512 764 795
96 502 560
552 586 807
102 182 545
354 403 677
10 561 744
208 365 693
289 493 790
42 374 440
18 456 494
103 428 487
147 591 698
121 322 588
24 387 399
60 154 205
92 264 391
138 222 673
80 366 444
188 410 478
5 37 95
22 152 600
276 628 722
36 520 774
163 411 798
59 362 521
190 217 374
363 457 726
567 604 731
71 312 754
86 370 813
249 504 835
175 438 729
323 459 492
56 183 533
667 817 847
476 545 840
327 657 830
24 443 458
44 393 720
130 477 831
16 420 743
276 614 751
42 629 707
129 152 376
216 394 675
139 268 529
425 717 836
164 434 615
64 321 690
455 556 559
262 321 463
231 531 641
239 740 808
50 148 778
94 380 624
599 779 825
392 634 662
72 134 696
58 783 847
564 584 635
479 509 777
231 691 740
140 235 692
571 801 806
174 263 749
553 681 741
19 199 495
224 233 497
107 202 796
488 687 716
727 756 834
28 198 458
168 282 345
290 304 838
338 364 648
201 415 594
61 317 844
37 194 588
194 336 498
42 70 119
293 557 795
187 474 663
158 326 593
20 145 700
146 559 793
249 483 731
157 347 755
267 491 687
234 309 611
251 563 639
473 537 814
205 356 636
53 118 243
57 563 620
95 268 819
308 395 763
238 416 519
180 232 669
404 548 661
132 319 370
280 386 688
98 350 368
160 659 723
34 360 505
633 812 0
362 644 656
318 448 765
423 451 554
87 510 654
302 344 841
44 720 738
6 462 658
613 628 725
27 511 545
488 524 590
78 110 191
10 509 771
192 212 648
185 331 767
453 555 583
30 565 831
358 397 803
161 174 226
133 154 752
86 227 766
609 645 852
274 390 678
84 620 764
88 291 826
70 178 557
158 551 684
12 89 768
507 553 661
332 600 673
470 572 782
30 226 739
247 348 498
619 680 842
4 104 115
440 445 518
55 77 236
36 117 377
33 806 821
390 571 820
569 756 772
303 592 782
7 506 669
213 711 736
171 184 429
87 241 486
193 355 701
216 656 676
178 568 590
115 754 832
120 126 431
166 335 601
19 259 772
77 538 659
463 496 767
285 447 549
43 287 577
190 431 544
27 103 674
356 549 793
176 245 407
147 177 780
80 489 693
9 310 336
266 574 602
462 626 750
298 345 591
117 381 665
460 480 605
28 382 822
126 346 647
375 375 543
203 252 373
392 486 846
155 398 744
312 534 556
66 627 683
21 318 728
532 719 723
172 259 437
188 455 592
471 540 716
526 660 747
94 109 636
157 666 765
496 621 705
463 485 555
228 530 680
141 314 431
434 556 833
50 173 761
52 206 278
12 361 432
83 298 815
143 271 589
402 437 811
268 358 805
97 131 717
6 478 518
496 514 525
215 786 832
74 88 514
58 104 211
41 93 609
158 638 800
29 185 257
190 388 535
74 109 269
320 565 725
153 285 415
61 657 688
259 575 774
405 488 511
82 413 554
179 250 531
123 301 695
306 422 604
20 653 848
383 694 771
311 577 581
137 177 274
652 713 812
91 452 749
179 301 760
146 388 639
7 325 515
76 248 787
252 470 653
497 523 682
637 656 700
286 605 755
103 532 842
91 533 536
165 353 804
6 618 749
667 773 844
195 196 776
21 81 583
362 476 671
234 313 715
289 570 596
136 151 495
625 642 778
209 309 373
149 660 816
62 225 789
65 132 504
156 627 742
110 283 376
296 304 339
340 409 580
55 467 671
614 654 695
107 449 631
262 267 712
233 466 566
152 461 580
406 509 710
278 468 791
74 441 493
153 225 315
72 532 606
302 310 595
83 333 833
78 469 775
403 726 806
204 238 695
122 231 655
63 378 536
20 210 730
86 230 694
21 588 829
59 101 405
58 142 209
3 218 350
82 124 284
323 396 837
81 439 616
107 126 188
65 75 547
515 818 849
40 252 444
38 501 547
222 642 670
100 292 484
34 425 800
197 775 821
124 144 196
135 330 688
142 544 703
239 507 697
242 794 811
47 200 623
406 553 654
470 577 637
773 791 852
130 198 347
127 391 711
38 454 632
186 276 396
31 738 850
402 776 824
185 265 644
99 441 713
160 393 647
35 345 796
300 333 663
218 240 499
543 571 611
438 446 537
122 334 759
582 609 696
498 579 668
245 617 759
314 662 836
79 270 290
24 465 670
500 508 560
61 387 681
641 655 727
257 294 646
217 305 521
127 254 625
223 612 712
398 721 770
208 210 232
320 631 726
315 379 699
559 623 826
251 386 399
51 68 200
204 391 702
433 562 687
288 542 708
105 713 797
517 620 643
49 417 639
427 734 814
426 665 717
105 178 411
97 513 705
90 125 632
232 606 811
439 451 481
119 358 587
144 412 589
99 383 473
40 508 851
364 418 738
404 758 831
67 518 753
222 584 783
2 13 603
340 395 547
57 79 102
579 589 730
337 443 679
243 397 527
216 483 788
104 192 207
425 699 829
121 245 323
26 515 740
381 704 824
597 610 776
22 162 708
341 521 541
82 352 595
280 679 699
288 368 564
25 456 843
275 297 830
244 411 467
341 442 468
260 360 634
248 427 714
60 150 722
266 476 499
7 517 638
394 524 537
467 640 685
162 602 828
282 650 712
689 700 819
105 482 506
370 461 676
46 294 828
311 388 823
221 307 698
64 651 0
141 585 818
83 111 409
308 623 715
181 244 400
89 173 407
72 191 275
418 587 658
94 737 819
400 586 771
63 300 469
625 676 817
416 675 678
337 371 769
281 692 697
401 406 706
155 256 485
4 220 542
114 223 352
274 338 407
134 597 626
541 637 846
617 645 680
125 189 355
226 346 729
309 353 572
246 326 551
240 319 606
118 773 805
317 503 801
150 195 746
313 434 475
219 361 684
270 584 753
270 367 777
92 729 741
221 257 802
219 342 762
35 440 751
47 290 520
209 343 480
201 689 730
167 493 630
277 420 707
56 327 812
293 356 591
408 408 497
359 613 664
316 333 569
1 419 525
236 576 754
123 481 652
123 255 379
504 678 694
112 214 785
31 223 314
328 702 803
100 113 453
206 563 643
12 294 540
237 417 439
369 706 825
91 315 672
264 338 624
229 554 769
501 573 745
141 230 619
118 672 724
279 408 731
22 372 585
69 170 592
189 690 807
14 464 779
414 502 578
60 125 458
32 494 747
368 422 593
237 667 810
172 281 341
46 224 422
100 137 299
23 634 791
8 77 328
4 429 722
383 533 635
108 167 522
200 523 728
39 465 718
367 404 583
157 225 380
331 331 651
98 267 797
472 560 686
285 575 778
263 278 714
135 187 297
41 296 683
146 359 539
8 642 850
53 148 324
510 605 660
500 720 837
111 529 581
306 357 816
59 550 735
79 280 704
213 342 348
182 363 599
319 513 799
62 210 428
40 711 784
93 163 839
29 374 478
87 398 581
1 464 595
214 650 758
469 674 826
587 607 703
289 697 757
153 446 550
131 596 785
92 421 615
156 269 332
512 525 770
165 489 784
171 552 823
145 365 598
128 273 691
549 633 847
377 603 705
414 444 677
89 594 721
73 562 716
279 359 608
339 378 816
96 273 361
173 273 349
67 116 459
51 238 250
17 432 454
75 260 733
95 433 435
375 669 755
11 170 538
175 335 354
367 527 761
127 339 550
156 385 758
275 499 567
307 442 544
49 261 413
351 441 804
217 410 714
18 121 781
64 202 827
180 399 412
75 302 780
430 707 851
224 254 450
619 788 798
229 578 736
691 709 835
159 461 789
183 737 769
189 472 763
138 159 416
56 191 328
193 487 668
29 139 366
147 384 629
234 301 316
227 450 746
84 168 203
423 465 795
299 354 763
266 385 483
101 322 845
415 455 539
430 503 557
284 457 827
9 26 172
8 39 250
334 510 574
230 409 452
287 410 517
491 709 820
114 459 683
371 665 723
255 520 677
187 332 794
472 494 501
258 304 690
197 246 534
303 376 828
479 531 573
2 277 751
519 528 626
421 432 613
69 480 802
395 612 748
199 202 576
3 102 561
134 621 851
184 598 715
436 666 792
558 604 757
149 218 397
382 424 675
27 732 823
484 685 739
242 271 747
97 724 800
366 419 818
482 490 674
38 293 799
336 658 659
262 449 775
28 725 752
427 435 797
37 286 743
51 523 594
213 632 761
171 629 719
