440
22 51 367
125 211 296
322 325 346
242 386 437
108 313 315
149 376 386
35 97 316
96 227 316
117 123 266
14 80 228
66 119 235
56 357 421
11 161 425
1 171 383
257 286 433
31 269 290
97 103 414
78 248 276
213 347 403
18 417 420
76 218 428
139 252 297
287 374 419
171 337 345
12 267 291
26 93 216
165 310 326
107 195 195
11 172 432
329 388 390
19 234 426
200 324 400
83 214 264
111 295 412
256 350 379
27 182 387
32 67 129
234 246 299
154 305 393
65 127 308
9 17 152
347 395 429
110 128 330
35 187 219
45 100 423
161 255 339
20 278 372
134 381 436
30 205 338
178 236 378
73 96 175
180 340 384
190 263 430
15 179 411
304 318 334
106 122 209
62 78 319
36 302 434
57 206 239
10 238 253
202 362 394
5 270 350
74 337 348
12 376 440
62 234 387
114 198 317
43 100 342
101 177 249
156 232 250
70 421 424
224 226 266
135 186 380
98 214 228
297 325 331
40 260 341
75 357 431
225 229 365
169 293 431
9 111 179
90 152 222
27 317 361
17 37 276
6 32 434
44 72 235
60 108 128
188 202 401
182 184 284
4 194 221
92 145 163
13 43 207
33 340 355
207 210 232
127 221 262
129 224 383
112 203 293
300 303 422
268 281 318
114 201 280
30 116 387
84 413 419
116 164 295
131 265 364
116 283 413
149 390 432
23 78 83
157 179 270
124 394 434
275 310 400
256 268 284
162 239 404
136 143 415
245 303 407
129 138 388
220 241 256
39 237 273
85 261 369
275 351 413
177 325 336
172 311 419
18 114 0
3 132 296
18 123 173
57 251 409
185 257 332
336 337 348
121 139 163
8 56 153
29 277 323
41 247 292
15 297 366
219 293 342
59 263 433
169 282 372
96 206 378
182 200 323
260 312 397
145 186 245
86 118 349
56 230 258
70 361 425
235 249 364
53 61 222
79 243 408
92 166 220
117 210 359
154 191 331
63 113 301
110 135 407
170 288 301
46 69 80
6 126 208
36 84 271
264 409 421
251 389 418
5 274 392
25 81 120
2 201 439
258 274 315
10 88 294
38 185 329
105 157 255
64 123 358
73 273 359
47 199 217
63 321 332
30 193 308
181 338 436
126 354 363
217 265 324
55 71 285
105 138 281
92 144 205
12 104 405
133 148 418
118 332 393
287 299 423
14 377 430
151 178 356
302 333 414
104 167 312
85 191 415
160 355 409
131 136 416
21 34 289
87 253 431
192 304 396
42 216 439
61 188 340
233 265 277
26 181 378
132 342 383
150 164 324
74 76 168
90 115 237
134 141 379
288 333 339
58 110 239
143 208 363
323 415 428
113 135 359
87 117 243
262 309 397
39 75 221
382 393 405
49 158 289
2 50 132
37 90 174
29 272 355
42 253 412
194 226 401
168 309 320
81 121 157
86 101 103
44 211 216
27 242 272
109 136 320
128 311 391
23 198 255
212 215 408
17 240 388
102 137 144
196 205 403
176 192 391
59 197 327
51 242 266
7 75 349
248 254 286
16 186 318
49 166 250
119 396 440
89 238 298
14 25 79
47 317 371
24 209 412
156 326 358
224 240 377
1 229 368
50 180 229
65 91 140
175 302 356
33 133 223
67 294 308
148 322 366
28 291 298
103 345 386
45 147 385
300 307 377
31 102 142
93 232 347
34 140 374
72 105 204
104 208 310
267 314 350
82 184 392
35 159 189
282 349 0
167 286 374
7 77 307
21 139 351
159 406 433
73 151 320
53 79 306
16 192 233
71 95 231
207 218 258
66 351 402
222 410 423
64 334 385
9 165 244
193 254 273
40 141 301
48 94 211
146 152 410
57 62 127
19 245 427
33 171 404
143 247 373
125 230 269
91 165 313
15 55 154
201 244 400
88 284 398
231 257 417
151 212 404
3 198 389
149 270 365
65 148 248
2 45 276
58 271 382
155 281 405
64 147 432
261 330 389
49 214 385
8 345 437
107 160 399
180 223 236
155 196 303
23 52 226
70 106 153
185 189 354
24 41 173
244 264 289
238 283 411
60 298 348
168 326 365
328 390 435
66 269 336
95 124 125
396 397 422
305 328 380
72 233 426
241 370 436
4 215 406
16 112 417
80 126 204
84 156 176
146 210 309
42 212 237
399 427 427
260 352 371
101 183 268
10 158 439
98 197 306
199 321 369
51 115 343
94 262 430
82 172 314
227 291 331
4 321 360
178 189 195
8 119 191
134 187 392
141 246 354
133 254 356
88 188 225
225 335 410
153 167 358
296 339 372
34 263 279
55 194 333
261 369 402
68 121 416
38 315 380
13 111 361
251 271 319
41 58 341
76 206 343
95 335 403
334 353 382
69 370 437
89 131 215
7 184 202
169 384 416
38 138 290
67 313 394
166 344 375
83 311 438
118 219 285
36 77 288
108 322 362
39 109 424
11 28 379
68 120 142
280 360 420
130 204 435
312 363 420
46 54 285
106 197 395
144 177 252
259 279 353
137 187 341
196 319 408
122 228 368
32 174 280
267 327 381
53 252 360
81 89 170
142 227 435
44 99 113
231 370 429
1 47 440
130 174 352
176 292 304
3 100 398
61 306 366
150 406 0
5 124 371
85 115 398
26 170 368
217 307 414
122 294 314
40 278 364
24 94 107
150 287 353
48 278 295
69 102 272
54 346 428
19 22 213
25 109 425
59 193 438
259 329 367
158 161 381
50 145 160
46 155 240
86 247 376
163 279 330
91 130 424
140 305 344
77 183 223
327 328 391
71 243 275
20 220 426
6 20 352
183 373 395
29 112 367
241 375 407
246 316 343
63 173 338
93 418 422
21 48 259
13 120 283
74 164 209
43 162 162
37 60 335
147 203 357
54 218 438
175 344 401
22 230 282
190 199 346
97 99 277
52 159 290
292 300 375
52 146 274
190 250 429
28 99 236
249 384 402
181 299 411
82 98 203
87 362 373
68 200 399
31 137 213
