3453
441 120
441 256
16 386
16 441
16 441
1 16
441 1
441 16
1 441
248 1
248 16
248 441
440 248
440 248
342 248
342 440
342 440
1 342
440 1
440 342
1 440
363 1
363 342
363 440
439 363
439 363
185 363
185 439
185 439
1 185
439 1
439 185
1 439
201 1
201 185
201 439
438 201
438 201
254 201
254 438
254 438
1 254
438 1
438 254
1 438
327 1
327 254
327 438
437 327
437 327
167 327
167 437
167 437
1 167
437 1
437 167
1 437
190 1
190 437
436 167
436 190
68 436
141 68
141 436
435 141
435 141
244 190
244 435
244 435
1 244
435 1
435 244
1 435
362 1
362 435
434 244
434 362
53 362
53 434
53 434
1 53
434 1
434 53
1 434
429 1
429 53
429 434
433 429
433 429
298 429
298 433
431 298
431 298
431 433
432 431
432 431
129 432
383 129
383 432
431 383
356 431
416 356
416 431
430 383
430 416
7 416
7 430
17 7
17 7
17 430
429 17
429 17
155 17
155 429
158 155
158 429
428 155
428 158
1 158
1 428
1 428
2 1
428 2
428 1
2 428
398 1
398 428
427 2
427 398
51 427
240 51
240 398
240 427
426 240
426 240
367 240
367 426
397 367
397 367
397 426
425 397
425 397
246 397
246 425
291 246
291 425
424 246
424 291
82 291
82 424
207 82
207 82
207 424
423 207
423 207
67 207
67 423
67 423
1 67
423 1
423 67
1 423
90 1
90 423
422 67
422 90
63 90
63 422
63 422
1 63
422 1
422 63
1 422
193 1
193 63
193 422
421 193
421 193
90 193
90 421
90 421
1 90
421 1
421 90
1 421
344 1
344 90
344 421
420 344
420 344
184 344
184 420
184 420
1 184
420 1
420 184
1 420
259 1
259 184
259 420
419 259
419 259
26 259
26 419
249 26
249 26
249 419
418 249
418 249
147 249
147 418
147 418
1 147
418 1
418 147
1 418
165 1
165 147
165 418
417 165
417 165
38 165
38 417
333 38
333 417
416 38
416 333
114 333
114 416
312 114
312 114
312 416
415 312
415 312
128 312
128 415
128 415
1 128
415 1
415 128
1 415
208 1
208 128
208 415
414 208
414 208
321 208
321 414
409 321
409 414
413 321
413 409
83 409
83 413
83 413
1 83
413 1
413 83
1 413
151 1
151 83
151 413
412 151
412 151
47 151
47 412
47 412
1 47
412 1
412 47
1 412
409 1
409 412
411 47
411 409
170 409
170 411
264 170
264 170
264 411
410 264
410 264
224 410
375 224
375 410
409 264
409 375
258 375
258 409
359 258
359 409
408 258
408 359
239 408
250 239
250 408
407 250
407 250
239 359
239 407
279 239
279 239
279 407
406 279
406 279
89 406
126 406
405 89
405 126
138 279
138 405
138 405
1 138
405 1
405 138
1 405
213 1
213 138
213 405
404 213
404 213
150 213
150 404
150 404
1 150
404 1
404 150
1 404
367 1
367 150
367 404
403 367
403 367
206 367
206 403
238 206
238 206
238 403
402 238
402 238
205 238
205 402
322 205
322 402
401 205
401 322
344 322
344 401
344 401
1 344
401 1
401 344
1 401
370 1
370 344
370 401
400 370
400 370
132 370
132 400
132 400
1 132
400 1
400 132
1 400
224 1
224 132
224 400
399 224
399 224
156 224
156 399
156 399
1 156
399 1
399 156
1 399
232 1
232 399
398 156
398 232
31 232
31 398
31 398
1 31
398 1
398 31
1 398
275 1
275 31
275 398
397 275
397 275
12 275
12 397
76 12
76 397
396 12
396 76
150 76
150 396
350 150
350 150
350 396
395 350
395 350
272 350
272 395
272 395
1 272
395 1
395 272
1 395
344 1
344 395
394 272
394 344
192 344
192 394
192 394
1 192
394 1
394 192
1 394
386 1
386 192
386 394
393 386
393 386
234 386
234 393
234 393
1 234
393 1
393 234
1 393
301 1
301 234
301 393
392 301
392 301
75 301
75 392
75 392
1 75
392 1
392 75
1 392
271 1
271 75
271 392
391 271
391 271
56 271
56 391
373 56
373 56
373 391
390 373
390 373
164 390
169 164
169 373
169 390
389 169
389 169
26 169
26 389
26 389
1 26
389 1
389 26
1 389
190 1
190 26
190 389
388 190
388 190
116 190
116 388
116 388
1 116
388 1
388 116
1 388
181 1
181 116
181 388
387 181
387 181
62 181
62 387
62 387
1 62
387 1
387 62
1 387
155 1
155 62
155 387
386 155
386 155
28 155
28 386
28 386
1 28
386 1
386 28
1 386
295 1
295 28
295 386
385 295
385 295
142 295
142 385
188 142
188 142
188 385
384 188
384 188
121 188
121 384
121 384
1 121
384 1
384 121
1 384
285 1
285 121
285 384
383 285
383 285
223 285
223 383
223 383
1 223
383 1
383 223
1 383
316 383
382 1
382 223
250 382
365 250
365 316
365 382
381 365
381 365
14 365
14 381
14 381
1 14
381 1
381 14
1 381
237 1
237 14
237 381
380 237
380 237
170 237
170 380
283 170
283 170
283 380
379 283
379 283
84 283
84 379
84 379
1 84
379 1
379 84
1 379
214 1
214 84
214 379
378 214
378 214
185 214
185 378
185 378
1 185
378 1
378 185
1 378
342 1
342 185
342 378
377 342
377 342
156 342
156 377
212 156
212 156
212 377
376 212
376 212
142 212
142 376
142 376
1 142
376 1
376 142
1 376
262 1
262 142
262 376
375 262
375 262
25 262
25 375
253 25
253 25
253 375
374 253
374 253
37 253
37 374
37 374
1 37
374 1
374 37
1 374
83 1
83 374
373 37
373 83
7 83
7 373
179 373
372 7
372 7
222 179
222 372
222 372
1 222
372 1
372 222
1 372
297 1
297 372
371 222
371 297
221 297
221 371
256 371
370 221
370 221
240 256
240 370
240 370
1 240
370 1
370 240
1 370
357 370
369 1
369 240
172 357
172 369
297 369
368 172
368 172
56 297
56 368
56 368
1 56
368 1
368 56
1 368
299 1
299 368
367 56
367 299
28 367
182 28
182 299
182 367
366 182
366 182
136 182
136 366
180 366
365 136
365 136
64 365
230 365
364 64
364 180
98 364
253 98
253 230
253 364
363 253
363 253
208 253
208 363
277 363
362 208
362 208
13 277
13 362
13 362
1 13
362 1
362 13
1 362
29 1
29 13
29 362
361 29
361 29
115 29
115 361
115 361
1 115
361 1
361 115
1 361
203 1
203 115
203 361
360 203
360 203
5 203
5 360
5 360
1 5
360 1
360 5
1 360
85 1
85 360
359 5
359 85
58 85
58 359
58 359
1 58
359 1
359 58
1 359
152 1
152 58
152 359
358 152
358 152
138 152
138 358
175 138
175 138
175 358
357 175
357 175
33 175
33 357
33 357
1 33
357 1
357 33
1 357
105 357
356 1
356 33
144 105
144 356
229 144
229 356
355 144
355 229
37 229
37 355
242 37
242 37
242 355
354 242
354 242
160 242
160 354
160 354
1 160
354 1
354 160
1 354
343 1
343 160
343 354
353 343
353 343
78 343
78 353
78 353
1 78
353 1
353 78
1 353
133 1
133 78
133 353
352 133
352 133
226 133
226 352
226 352
1 226
352 1
352 226
1 352
258 1
258 226
258 352
351 258
351 258
231 258
231 351
231 351
1 231
351 1
351 231
1 351
342 1
342 351
350 231
350 342
34 342
34 350
101 350
349 34
349 34
55 349
268 55
268 349
348 101
348 268
237 348
308 237
308 268
308 348
347 308
347 308
21 308
21 347
21 347
1 21
347 1
347 21
1 347
63 347
346 1
346 21
129 63
129 346
129 346
1 129
346 1
346 129
1 346
234 346
345 1
345 129
123 234
123 345
154 123
154 123
154 345
344 154
344 154
3 344
158 344
343 3
343 154
183 343
248 343
342 158
342 183
149 248
149 342
149 342
1 149
342 1
342 149
1 342
169 1
169 342
341 149
341 169
116 169
116 341
292 116
292 116
292 341
340 292
340 292
170 292
170 340
170 340
1 170
340 1
340 170
1 340
280 1
280 340
339 170
339 280
184 280
184 339
250 184
250 184
250 339
338 250
338 250
1 250
1 338
1 338
2 1
338 2
338 1
2 338
188 338
337 1
337 2
13 188
13 337
13 337
1 13
337 1
337 13
1 337
127 337
336 1
336 13
77 127
77 336
77 336
1 77
336 1
336 77
1 336
335 336
335 1
159 77
159 335
282 159
282 159
282 335
334 282
334 282
174 282
174 334
174 334
1 174
334 1
334 174
1 334
241 1
241 334
333 174
333 241
75 333
195 75
195 333
332 195
332 195
48 241
48 332
48 332
1 48
332 1
332 48
1 332
195 1
195 48
195 332
331 195
331 195
127 195
127 331
127 331
1 127
331 1
331 127
1 331
294 1
294 127
294 331
330 294
330 294
50 294
50 330
50 330
1 50
330 1
330 50
1 330
178 1
178 330
329 50
329 178
88 178
88 329
88 329
1 88
329 1
329 88
1 329
313 1
313 88
313 329
328 313
328 313
8 313
8 328
214 8
214 328
327 8
327 214
54 327
303 327
326 54
326 214
155 303
155 326
272 155
272 326
325 155
325 272
1 272
1 325
225 1
225 1
225 325
324 225
324 225
53 324
164 53
164 324
323 164
323 164
73 225
73 323
73 323
1 73
323 1
323 73
1 323
201 1
201 323
322 73
322 201
60 201
60 322
60 322
1 60
322 1
322 60
1 322
159 1
159 60
159 322
321 159
321 159
68 159
68 321
68 321
1 68
321 1
321 68
1 321
152 321
320 1
320 68
75 152
75 320
136 75
136 75
136 320
319 136
319 136
121 136
121 319
121 319
1 121
319 1
319 121
1 319
248 1
248 121
248 319
318 248
318 248
187 248
187 318
187 318
1 187
318 1
318 187
1 318
209 1
209 187
209 318
317 209
317 209
17 209
17 317
273 17
273 17
273 317
316 273
316 273
58 316
100 58
100 273
100 316
315 100
315 100
10 100
10 315
213 315
314 10
314 10
228 213
228 314
228 314
1 228
314 1
314 228
1 314
263 1
263 228
263 314
313 263
313 263
74 313
146 313
312 74
312 146
16 263
16 312
16 312
1 16
312 1
312 16
1 312
205 312
311 1
311 16
84 205
84 311
251 84
251 84
251 311
310 251
310 251
39 251
39 310
85 39
85 310
309 39
309 85
186 309
230 85
230 309
308 186
308 230
155 308
165 155
165 230
165 308
307 165
307 165
11 165
11 307
11 307
1 11
307 1
307 11
1 307
266 1
266 11
266 307
306 266
306 266
251 266
251 306
264 251
264 306
305 251
305 264
90 264
90 305
90 305
1 90
305 1
305 90
1 305
211 1
211 90
211 305
304 211
304 211
85 211
85 304
85 304
1 85
304 1
304 85
1 304
291 1
291 304
303 85
303 291
60 291
60 303
231 60
231 303
302 60
302 231
269 302
281 231
281 302
301 269
301 281
102 301
159 301
300 102
300 159
124 281
124 300
124 300
1 124
300 1
300 124
1 300
160 1
160 300
299 124
299 160
70 160
70 299
70 299
1 70
299 1
299 70
1 299
140 1
140 70
140 299
298 140
298 140
105 140
105 298
105 298
1 105
298 1
298 105
1 298
218 1
218 105
218 298
297 218
297 218
213 218
213 297
290 213
290 213
290 297
296 290
296 290
52 290
52 296
52 296
1 52
296 1
296 52
1 296
206 296
295 1
295 52
130 295
243 295
294 130
294 206
28 243
28 294
85 294
293 28
293 28
205 85
205 293
205 293
1 205
293 1
293 205
1 293
229 1
229 205
229 293
292 229
292 229
179 229
179 292
196 179
196 292
291 179
291 196
162 196
162 291
162 291
1 162
291 1
291 162
1 291
268 1
268 162
268 291
290 268
290 268
50 268
50 290
141 50
141 290
289 50
289 141
21 289
197 21
197 141
197 289
288 197
288 197
157 197
157 288
157 288
1 157
288 1
288 157
1 288
206 1
206 157
206 288
287 206
287 206
40 206
40 287
40 287
1 40
287 1
287 40
1 287
239 1
239 40
239 287
286 239
286 239
6 239
6 286
6 286
1 6
286 1
286 6
1 286
104 1
104 6
104 286
285 104
285 104
128 104
128 285
189 285
284 128
284 128
178 189
178 284
178 284
1 178
284 1
284 178
1 284
261 1
261 284
283 178
283 261
147 261
147 283
200 147
200 147
200 283
282 200
282 200
51 282
88 51
88 200
88 282
281 88
281 88
98 88
98 281
157 98
157 281
280 98
280 157
54 157
54 280
54 280
1 54
280 1
280 54
1 280
130 1
130 54
130 280
279 130
279 130
43 279
116 279
278 43
278 116
2 130
2 278
2 278
1 2
278 1
278 2
1 278
237 278
277 1
277 2
111 237
111 277
198 111
198 111
198 277
276 198
276 198
91 198
91 276
91 276
1 91
276 1
276 91
1 276
241 1
241 91
241 276
275 241
275 241
28 241
28 275
55 275
274 28
274 28
59 55
59 274
59 274
1 59
274 1
274 59
1 274
123 1
123 59
123 274
273 123
273 123
84 123
84 273
100 84
100 84
100 273
272 100
272 100
136 100
136 272
136 272
271 136
271 136
25 271
167 25
167 136
167 271
270 167
270 167
166 167
166 270
221 270
269 166
269 166
41 221
41 269
41 269
1 41
269 1
269 41
1 269
79 1
79 41
79 269
268 79
268 79
26 268
154 268
267 26
267 79
80 267
205 80
205 154
205 267
266 205
266 205
184 205
184 266
214 184
214 184
214 266
265 214
265 214
63 214
63 265
63 265
1 63
265 1
265 63
1 265
92 1
92 63
92 265
264 92
264 92
104 92
104 264
104 264
1 104
264 1
264 104
1 264
217 264
263 1
263 104
38 263
230 263
262 38
262 217
83 230
83 262
247 83
247 262
261 83
261 247
51 247
51 261
51 261
1 51
261 1
261 51
1 261
163 1
163 51
163 261
260 163
260 163
140 163
140 260
140 260
1 140
260 1
260 140
1 260
255 1
255 260
259 140
259 255
39 259
96 259
258 39
258 96
219 255
219 258
247 258
257 219
257 219
130 257
180 130
180 257
256 180
256 180
28 247
28 256
28 256
1 28
256 1
256 28
1 256
78 256
255 1
255 28
7 78
7 255
7 255
1 7
255 1
255 7
1 255
44 1
44 7
44 255
254 44
254 44
143 44
143 254
217 254
253 143
253 143
3 253
12 3
12 253
252 12
252 12
173 217
173 252
180 173
180 173
180 252
251 180
251 180
72 251
78 72
78 180
78 251
250 78
250 78
151 250
226 78
226 151
226 250
249 226
249 226
49 249
136 249
248 49
248 136
115 226
115 248
194 248
247 115
247 115
96 194
96 247
96 247
1 96
247 1
247 96
1 247
104 1
104 247
246 96
246 104
45 104
45 246
45 246
1 45
246 1
246 45
1 246
197 1
197 246
245 45
245 197
150 197
150 245
150 245
1 150
245 1
245 150
1 245
230 245
244 1
244 150
2 230
2 244
2 244
1 2
244 1
244 2
1 244
134 244
243 1
243 2
174 134
174 243
206 174
206 243
242 174
242 206
140 206
140 242
234 140
234 140
234 242
241 234
241 234
70 234
70 241
153 241
240 70
240 70
96 153
96 240
112 96
112 240
239 96
239 112
180 112
180 239
180 239
1 180
239 1
239 180
1 239
195 239
238 1
238 180
48 195
48 238
156 48
156 48
156 238
237 156
237 156
2 156
2 237
2 237
1 2
237 1
237 2
1 237
42 237
236 1
236 2
71 42
71 236
71 236
1 71
236 1
236 71
1 236
94 1
94 236
235 71
235 94
69 94
69 235
69 235
1 69
235 1
235 69
1 235
123 1
123 235
234 69
234 123
33 123
33 234
73 33
73 234
233 33
233 73
75 73
75 233
164 75
164 75
164 233
232 164
232 164
10 164
10 232
10 232
1 10
232 1
232 10
1 232
177 1
177 10
177 232
231 177
231 177
123 231
164 123
164 231
230 164
230 164
11 177
11 230
195 11
195 230
229 11
229 195
15 195
15 229
15 229
1 15
229 1
229 15
1 229
124 1
124 229
228 15
228 124
155 124
155 228
155 228
1 155
228 1
228 155
1 228
158 228
227 1
227 155
18 158
18 227
206 18
206 18
206 227
226 206
226 206
26 206
26 226
26 226
1 26
226 1
226 26
1 226
187 1
187 26
187 226
225 187
225 187
169 187
169 225
190 225
224 169
224 169
91 190
91 224
91 224
1 91
224 1
224 91
1 224
105 1
105 91
105 224
223 105
223 105
41 105
41 223
41 223
1 41
223 1
223 41
1 223
116 1
116 223
222 41
222 116
84 222
168 84
168 116
168 222
221 168
221 168
51 168
51 221
51 221
1 51
221 1
221 51
1 221
76 1
76 221
220 51
220 76
41 76
41 220
82 41
82 41
82 220
219 82
219 82
128 219
136 219
218 82
218 128
84 136
84 218
187 84
187 84
187 218
217 187
217 187
43 187
43 217
58 43
58 43
58 217
216 58
216 58
29 58
29 216
169 216
215 29
215 29
36 169
36 215
36 215
1 36
215 1
215 36
1 215
81 1
81 36
81 215
214 81
214 81
139 214
158 81
158 139
158 214
213 158
213 158
2 213
76 2
76 213
212 76
212 76
79 158
79 212
79 212
1 79
212 1
212 79
1 212
130 212
211 1
211 79
125 211
193 211
210 125
210 130
195 193
195 210
200 210
209 195
209 195
90 209
202 90
202 209
208 200
208 202
42 202
42 208
172 42
172 208
207 42
207 172
110 172
110 207
110 207
1 110
207 1
207 110
1 207
172 1
172 207
206 110
206 172
76 172
76 206
76 206
1 76
206 1
206 76
1 206
151 206
205 1
205 76
138 151
138 205
204 138
204 205
34 138
34 204
50 204
203 34
203 34
61 50
61 203
143 203
202 61
202 61
93 202
184 93
184 202
201 143
201 184
95 184
95 201
123 95
123 201
200 95
200 123
28 200
59 200
199 28
199 59
74 199
135 199
198 74
198 123
76 135
76 198
76 198
1 76
198 1
198 76
1 198
128 1
128 198
197 76
197 128
81 197
124 81
124 128
124 197
196 124
196 124
78 196
149 78
149 196
195 124
195 149
84 149
84 195
146 84
146 195
194 84
194 146
41 146
41 194
80 41
80 41
80 194
193 80
193 80
103 80
103 193
124 103
124 193
192 103
192 124
130 124
130 192
170 192
191 130
191 130
56 191
121 56
121 191
190 121
190 121
179 190
188 170
188 179
188 190
189 188
189 188
16 189
16 188
16 189
188 16
188 16
5 16
5 188
5 188
1 5
188 1
188 5
1 188
93 1
93 188
187 5
187 93
138 93
138 187
158 138
158 187
186 138
186 158
15 186
105 15
105 186
185 105
185 105
18 158
18 185
26 185
184 18
184 18
69 184
79 26
79 69
79 184
183 79
183 79
84 183
102 79
102 84
102 183
182 102
182 102
20 182
64 182
181 20
181 64
33 181
121 33
121 102
121 181
180 121
180 121
140 121
140 180
153 140
153 180
179 140
179 153
21 153
21 179
21 179
1 21
179 1
179 21
1 179
43 179
178 1
178 21
104 43
104 178
115 104
115 104
115 178
177 115
177 115
32 177
108 177
176 32
176 108
23 115
23 176
23 176
1 23
176 1
176 23
1 176
154 1
154 176
175 23
175 154
49 154
49 175
116 49
116 175
174 49
174 116
76 116
76 174
86 76
86 76
86 174
173 86
173 86
25 86
25 173
25 173
1 25
173 1
173 25
1 173
64 1
64 25
64 173
172 64
172 64
89 64
89 172
89 172
1 89
172 1
172 89
1 172
144 1
144 89
144 172
171 144
171 144
10 144
10 171
10 171
1 10
171 1
171 10
1 171
161 1
161 10
161 171
170 161
170 161
69 161
69 170
104 69
104 69
104 170
169 104
169 104
56 104
56 169
84 56
84 56
84 169
168 84
168 84
17 168
41 168
167 17
167 41
58 167
84 58
84 167
166 84
166 84
49 84
49 166
49 166
1 49
166 1
166 49
1 166
99 1
99 49
99 166
165 99
165 99
118 165
125 99
125 118
125 165
164 125
164 125
11 125
11 164
11 164
1 11
164 1
164 11
1 164
151 1
151 11
151 164
163 151
163 151
58 163
80 58
80 151
80 163
162 80
162 80
16 80
16 162
56 16
56 162
161 16
161 56
44 56
44 161
44 161
1 44
161 1
161 44
1 161
119 1
119 44
119 161
160 119
160 119
96 119
96 160
148 160
159 96
159 96
14 148
14 159
14 159
1 14
159 1
159 14
1 159
68 159
158 1
158 14
97 68
97 158
144 97
144 97
144 158
157 144
157 144
89 144
89 157
89 157
1 89
157 1
157 89
1 157
107 1
107 89
107 157
156 107
156 107
59 156
62 59
62 107
62 156
155 62
155 62
74 155
83 62
83 74
83 155
154 83
154 83
32 83
32 154
53 154
153 32
153 32
23 153
115 23
115 153
152 53
152 115
86 115
86 152
86 152
1 86
152 1
152 86
1 152
121 1
121 152
151 86
151 121
11 151
114 11
114 121
114 151
150 114
150 114
25 114
25 150
25 150
1 25
150 1
150 25
1 150
83 1
83 25
83 150
149 83
149 83
57 149
72 149
148 57
148 72
43 83
43 148
43 148
1 43
148 1
148 43
1 148
141 148
147 1
147 43
115 141
115 147
115 147
1 115
147 1
147 115
1 147
117 1
117 147
146 115
146 117
39 117
39 146
39 146
1 39
146 1
146 39
1 146
78 1
78 39
78 146
145 78
145 78
8 78
8 145
9 8
9 8
9 145
144 9
144 9
15 9
15 144
15 144
1 15
144 1
144 15
1 144
61 144
143 1
143 15
31 61
31 143
31 143
1 31
143 1
143 31
1 143
142 143
142 1
86 142
104 31
104 142
141 86
141 104
23 104
23 141
23 141
1 23
141 1
141 23
1 141
99 1
99 23
99 141
140 99
140 99
43 140
78 43
78 99
78 140
139 78
139 78
12 78
12 139
12 139
1 12
139 1
139 12
1 139
127 1
127 139
138 12
138 127
39 127
39 138
86 39
86 39
86 138
137 86
137 86
89 86
89 137
119 89
119 137
136 89
136 119
25 119
25 136
25 136
1 25
136 1
136 25
1 136
67 136
135 1
135 25
36 67
36 135
87 36
87 36
87 135
134 87
134 87
8 87
8 134
8 134
1 8
134 1
134 8
1 134
51 1
51 134
133 8
133 51
61 51
61 133
61 133
1 61
133 1
133 61
1 133
76 133
132 1
132 61
62 76
62 132
93 132
131 62
131 62
96 93
96 131
96 131
1 96
131 1
131 96
1 131
115 1
115 131
130 96
130 115
8 130
39 130
129 8
129 39
2 129
84 2
84 129
128 84
128 84
44 115
44 128
44 128
1 44
128 1
128 44
1 128
88 1
88 44
88 128
127 88
127 88
5 88
5 127
5 127
1 5
127 1
127 5
1 127
7 127
126 1
126 5
48 7
48 126
105 48
105 126
125 48
125 105
59 105
59 125
87 59
87 125
124 59
124 87
13 87
13 124
13 124
1 13
124 1
124 13
1 124
71 124
123 1
123 13
39 71
39 123
39 123
1 39
123 1
123 39
1 123
58 123
122 1
122 39
20 58
20 122
20 122
1 20
122 1
122 20
1 122
120 1
120 20
120 122
121 120
121 120
13 120
13 121
46 13
46 13
46 121
120 46
120 46
43 120
59 43
59 46
59 120
119 59
119 59
29 59
29 119
29 119
1 29
119 1
119 29
1 119
76 1
76 29
76 119
118 76
118 76
68 76
68 118
70 68
70 118
117 68
117 70
47 117
108 47
108 70
108 117
116 108
116 108
26 116
68 116
115 26
115 68
72 115
72 108
72 115
114 72
114 72
38 114
45 38
45 72
45 114
113 45
113 45
5 45
5 113
5 113
1 5
113 1
113 5
1 113
94 1
94 5
94 113
112 94
112 94
51 112
86 51
86 94
86 112
111 86
111 86
58 86
58 111
79 58
79 111
110 58
110 79
44 79
44 110
44 110
1 44
110 1
110 44
1 110
105 1
105 44
105 110
109 105
109 105
35 105
35 109
35 109
1 35
109 1
109 35
1 109
87 1
87 35
87 109
108 87
108 87
11 108
107 11
107 108
3 87
3 107
3 107
1 3
107 1
107 3
1 107
34 107
106 1
106 3
7 106
10 106
105 7
105 10
36 34
36 105
68 36
68 36
68 105
104 68
104 68
11 68
11 104
11 104
1 11
104 1
104 11
1 104
65 104
103 1
103 11
49 103
101 49
101 65
101 103
102 101
102 101
85 101
85 102
90 102
101 85
101 85
50 90
50 101
69 101
100 50
100 50
1 100
46 1
46 100
99 46
99 46
67 69
67 99
72 99
98 67
98 67
20 98
66 20
66 72
66 98
97 66
97 66
10 97
15 97
96 10
96 15
42 66
42 96
75 42
75 96
95 42
95 75
16 75
16 95
75 16
75 95
94 16
94 75
18 75
18 94
62 94
93 18
93 18
28 62
28 93
40 28
40 93
92 28
92 40
9 92
34 9
34 40
34 92
91 34
91 34
31 34
31 91
31 91
1 31
91 1
91 31
1 91
48 1
48 91
90 31
90 48
15 48
15 90
15 90
1 15
90 1
90 15
1 90
39 1
39 90
89 15
89 39
45 39
45 89
66 45
66 45
66 89
88 66
88 66
13 66
13 88
32 88
87 13
87 13
16 87
84 16
84 87
86 32
86 84
47 84
47 86
47 86
1 47
86 1
86 47
1 86
78 86
85 1
85 47
54 78
54 85
54 85
1 54
85 1
85 54
1 85
58 1
58 54
58 85
84 58
84 58
6 58
6 84
6 84
1 6
84 1
84 6
1 84
27 1
27 6
27 84
83 27
83 27
5 27
5 83
5 83
1 5
83 1
83 5
1 83
21 83
82 1
82 5
15 21
15 82
26 15
26 15
26 82
81 26
81 26
14 81
55 14
55 26
55 81
80 55
80 55
3 55
3 80
3 80
1 3
80 1
80 3
1 80
46 80
79 1
79 3
1 79
47 1
47 79
78 46
78 47
47 78
51 47
51 47
51 78
77 51
77 51
17 51
17 77
66 17
66 77
76 17
76 66
24 66
24 76
63 24
63 76
75 24
75 63
20 63
20 75
20 75
1 20
75 1
75 20
1 75
64 1
64 75
74 20
74 64
22 74
46 74
73 22
73 46
4 64
4 73
4 73
1 4
73 1
73 4
1 73
59 73
72 1
72 4
4 59
4 72
4 72
1 4
72 1
72 4
1 72
6 1
6 72
71 4
71 6
20 71
45 71
70 6
70 20
35 45
35 70
35 70
1 35
70 1
70 35
1 70
40 70
69 1
69 35
22 69
36 22
36 69
68 36
68 36
14 40
14 68
14 68
1 14
68 1
68 14
1 68
43 1
43 68
67 14
67 43
19 43
19 67
19 67
1 19
67 1
67 19
1 67
29 1
29 19
29 67
66 29
66 29
16 29
16 66
16 66
1 16
66 1
66 16
1 66
23 66
65 1
65 16
35 65
57 23
57 35
57 65
64 57
64 57
22 57
22 64
56 22
56 22
56 64
63 56
63 56
54 56
54 63
55 63
62 54
62 54
41 62
46 41
46 55
46 62
61 46
61 46
30 46
30 61
45 30
45 30
45 61
60 45
60 45
11 45
11 60
27 11
27 60
59 11
59 27
15 27
15 59
18 59
58 15
58 15
21 18
21 58
21 58
1 21
58 1
58 21
1 58
26 1
26 21
26 58
57 26
57 26
11 57
50 11
50 26
50 57
56 50
56 50
14 50
14 56
14 56
1 14
56 1
56 14
1 56
41 56
55 1
55 14
5 55
23 5
23 55
54 23
54 23
15 54
18 54
53 15
53 18
7 53
15 53
52 7
52 15
17 41
17 52
49 17
49 17
49 52
51 49
51 49
27 49
27 51
37 51
50 27
50 27
17 50
38 17
38 50
49 37
49 38
13 49
37 13
37 49
48 37
48 37
16 38
16 48
18 16
18 48
47 16
47 18
14 47
31 14
31 18
31 47
46 31
46 31
9 31
9 46
16 9
16 46
45 9
45 16
2 16
2 45
2 45
1 2
45 1
45 2
1 45
33 1
33 45
44 2
44 33
9 33
9 44
9 44
1 9
44 1
44 9
1 44
42 44
43 1
43 9
6 42
6 43
6 43
1 6
43 1
43 6
1 43
27 1
27 6
27 43
42 27
42 27
13 42
19 13
19 42
41 19
41 19
4 27
4 41
4 41
1 4
41 1
41 4
1 41
26 41
40 1
40 4
28 26
28 40
28 40
1 28
40 1
40 28
1 40
37 1
37 40
39 28
39 37
14 37
14 39
24 14
24 14
24 39
38 24
38 24
18 38
24 18
24 38
37 24
37 24
7 37
27 7
27 37
36 24
36 27
12 36
23 36
35 12
35 23
12 27
12 35
27 12
27 12
27 35
34 27
34 27
12 27
12 34
18 12
18 12
18 34
33 18
33 18
8 33
24 33
32 8
32 18
25 32
27 24
27 25
27 32
31 27
31 27
8 27
8 31
8 31
1 8
31 1
31 8
1 31
15 1
15 31
30 8
30 15
14 15
14 30
16 30
29 14
29 14
14 16
14 29
25 14
25 14
25 29
28 25
28 25
3 28
18 28
27 3
27 18
9 25
9 27
18 9
18 27
26 9
26 18
21 26
21 26
25 18
25 21
18 25
22 18
22 21
22 25
24 22
24 22
10 22
10 24
10 24
1 10
24 1
24 10
1 24
12 24
23 1
23 10
10 12
10 23
10 23
1 10
23 1
23 10
1 23
14 1
14 23
22 10
22 14
4 14
4 22
4 22
1 4
22 1
22 4
1 22
11 1
11 4
11 22
21 11
21 11
8 11
8 21
8 21
1 8
21 1
21 8
1 21
15 1
15 21
20 8
20 15
2 15
2 20
16 2
16 20
19 2
19 16
6 16
6 19
17 6
17 6
17 19
18 17
18 17
1 18
2 1
2 17
2 18
17 2
17 2
10 2
10 17
15 10
15 17
16 10
16 15
1 15
1 16
1 16
2 1
16 2
16 1
2 16
12 1
12 2
12 16
15 12
15 12
6 15
6 12
6 15
14 6
14 6
3 6
3 14
3 14
1 3
14 1
14 3
1 14
12 1
12 14
13 3
13 12
7 13
10 7
10 13
12 10
5 10
5 12
11 5
11 12
7 5
7 11
7 11
10 7
10 7
4 7
4 10
4 10
1 4
10 1
10 4
1 10
6 10
9 1
9 4
8 9
8 6
8 9
1 8
3 8
7 1
7 8
2 7
5 7
6 2
6 3
1 6
5 1
5 6
1 5
1 5
1 5
2 1
5 2
5 1
2 5
3 1
3 2
3 5
4 3
4 3
1 4
3 4
1 3
1 3
