4209
534 21
534 453
487 534
527 487
527 534
533 501
533 527
99 527
99 533
443 99
443 533
532 99
532 443
92 443
92 532
92 532
1 92
532 1
532 92
1 532
148 1
148 92
148 532
531 148
531 148
140 531
387 531
530 140
530 148
107 387
107 530
139 107
139 530
529 107
529 139
273 529
297 139
297 273
297 529
528 297
528 297
209 297
209 528
458 209
458 528
527 209
527 458
298 458
298 527
298 527
1 298
527 1
527 298
1 527
483 1
483 527
526 298
526 483
34 483
34 526
34 526
1 34
526 1
526 34
1 526
437 1
437 526
525 34
525 437
346 437
346 525
346 525
1 346
525 1
525 346
1 525
522 1
522 346
522 525
524 522
524 522
13 522
13 524
13 524
1 13
524 1
524 13
1 524
226 1
226 13
226 524
523 226
523 226
301 226
301 523
301 523
1 301
523 1
523 301
1 523
488 1
488 523
522 301
522 488
4 522
433 522
521 4
521 433
250 488
250 521
250 521
1 250
521 1
521 250
1 521
354 1
354 250
354 521
520 354
520 354
27 354
27 520
27 520
1 27
520 1
520 27
1 520
180 1
180 27
180 520
519 180
519 180
313 519
337 180
337 519
518 313
518 337
219 337
219 518
219 518
1 219
518 1
518 219
1 518
461 1
461 518
517 219
517 461
11 461
11 517
468 11
468 11
468 517
516 468
516 468
155 468
155 516
155 516
1 155
516 1
516 155
1 516
239 1
239 155
239 516
515 239
515 239
439 239
439 515
470 439
470 515
514 439
514 470
299 470
299 514
299 514
1 299
514 1
514 299
1 514
485 514
513 1
513 299
344 485
344 513
498 513
512 344
512 344
59 512
245 59
245 498
245 512
511 245
511 245
18 245
18 511
18 511
1 18
511 1
511 18
1 511
87 1
87 18
87 511
510 87
510 87
110 87
110 510
110 510
1 110
510 1
510 110
1 510
131 1
131 110
131 510
509 131
509 131
347 131
347 509
347 509
1 347
509 1
509 347
1 509
452 1
452 509
508 347
508 452
134 452
134 508
134 508
1 134
508 1
508 134
1 508
339 1
339 508
507 134
507 339
365 339
365 507
365 507
1 365
507 1
507 365
1 507
476 1
476 365
476 507
506 476
506 476
62 476
62 506
62 506
1 62
506 1
506 62
1 506
246 1
246 62
246 506
505 246
505 246
34 505
496 34
496 246
496 505
504 496
504 496
438 496
438 504
448 438
448 438
448 504
503 448
503 448
22 448
22 503
22 503
1 22
503 1
503 22
1 503
458 1
458 22
458 503
502 458
502 458
439 458
439 502
439 502
1 439
502 1
502 439
1 502
482 1
482 439
482 502
501 482
501 482
108 501
181 108
181 501
500 181
500 181
179 482
179 500
245 179
245 500
499 179
499 245
199 499
282 199
282 245
282 499
498 282
498 282
254 282
254 498
254 498
1 254
498 1
498 254
1 498
323 1
323 498
497 254
497 323
58 323
58 497
58 497
1 58
497 1
497 58
1 497
366 1
366 497
496 58
496 366
159 496
368 159
368 496
495 366
495 368
116 368
116 495
116 495
1 116
495 1
495 116
1 495
475 1
475 116
475 495
494 475
494 475
84 475
84 494
84 494
1 84
494 1
494 84
1 494
157 1
157 84
157 494
493 157
493 157
211 157
211 493
323 493
492 211
492 211
267 323
267 492
267 492
1 267
492 1
492 267
1 492
342 1
342 267
342 492
491 342
491 342
189 342
189 491
189 491
1 189
491 1
491 189
1 491
320 1
320 189
320 491
490 320
490 320
22 320
22 490
24 22
24 490
489 22
489 24
79 24
79 489
79 489
1 79
489 1
489 79
1 489
118 1
118 79
118 489
488 118
488 118
201 118
201 488
248 201
248 201
248 488
487 248
487 248
95 248
95 487
95 487
1 95
487 1
487 95
1 487
305 1
305 487
486 95
486 305
68 305
68 486
68 486
1 68
486 1
486 68
1 486
333 1
333 68
333 486
485 333
485 333
24 333
24 485
24 485
1 24
485 1
485 24
1 485
394 1
394 24
394 485
484 394
484 394
182 394
182 484
421 182
421 182
421 484
483 421
483 421
89 421
89 483
89 483
1 89
483 1
483 89
1 483
465 1
465 89
465 483
482 465
482 465
22 465
22 482
22 482
1 22
482 1
482 22
1 482
159 482
481 1
481 22
443 159
443 481
448 443
448 443
448 481
480 448
480 448
181 480
375 181
375 448
375 480
479 375
479 375
252 375
252 479
252 479
1 252
479 1
479 252
1 479
262 1
262 479
478 252
478 262
210 262
210 478
452 210
452 210
452 478
477 452
477 452
319 452
319 477
319 477
1 319
477 1
477 319
1 477
389 1
389 319
389 477
476 389
476 389
335 476
434 476
475 335
475 389
228 434
228 475
380 475
474 228
474 228
171 380
171 474
171 474
1 171
474 1
474 171
1 474
328 1
328 171
328 474
473 328
473 328
29 328
29 473
29 473
1 29
473 1
473 29
1 473
59 1
59 473
472 29
472 59
139 59
139 472
139 472
1 139
472 1
472 139
1 472
266 1
266 472
471 139
471 266
119 266
119 471
119 471
1 119
471 1
471 119
1 471
145 1
145 119
145 471
470 145
470 145
144 145
144 470
144 470
1 144
470 1
470 144
1 470
270 1
270 144
270 470
469 270
469 270
30 270
30 469
211 469
468 30
468 30
204 468
376 468
467 204
467 211
51 376
51 467
182 467
466 51
466 51
4 466
115 4
115 466
465 115
465 115
118 182
118 465
405 465
464 118
464 118
104 405
104 464
203 104
203 464
463 104
463 203
215 203
215 463
222 463
462 215
462 215
119 222
119 462
314 119
314 119
314 462
461 314
461 314
209 314
209 461
209 461
1 209
461 1
461 209
1 461
379 1
379 209
379 461
460 379
460 379
212 379
212 460
392 212
392 212
392 460
459 392
459 392
43 392
43 459
43 459
1 43
459 1
459 43
1 459
128 1
128 459
458 43
458 128
327 458
391 458
457 128
457 327
210 391
210 457
210 457
1 210
457 1
457 210
1 457
357 1
357 210
357 457
456 357
456 357
103 357
103 456
103 456
1 103
456 1
456 103
1 456
334 456
455 1
455 103
399 334
399 455
423 399
423 455
454 399
454 423
17 423
17 454
258 17
258 454
453 17
453 258
85 258
85 453
85 453
1 85
453 1
453 85
1 453
326 1
326 85
326 453
452 326
452 326
32 452
225 452
451 32
451 225
164 451
441 164
441 451
450 326
450 441
74 441
74 450
74 450
1 74
450 1
450 74
1 450
339 450
449 1
449 74
286 339
286 449
350 286
350 449
448 286
448 350
244 448
258 244
258 448
447 258
447 258
63 350
63 447
63 447
1 63
447 1
447 63
1 447
429 1
429 63
429 447
446 429
446 429
98 429
98 446
429 98
429 446
445 98
445 429
19 429
19 445
19 445
1 19
445 1
445 19
1 445
287 1
287 445
444 19
444 287
11 444
36 11
36 287
36 444
443 36
443 36
46 36
46 443
46 443
1 46
443 1
443 46
1 443
273 1
273 46
273 443
442 273
442 273
73 273
73 442
73 442
1 73
442 1
442 73
1 442
240 1
240 73
240 442
441 240
441 240
33 240
33 441
339 441
440 33
440 33
153 339
153 440
436 153
436 153
436 440
439 436
439 436
173 436
173 439
210 173
210 439
438 173
438 210
45 210
45 438
45 438
1 45
438 1
438 45
1 438
391 1
391 45
391 438
437 391
437 391
127 391
127 437
127 437
1 127
437 1
437 127
1 437
243 1
243 127
243 437
436 243
436 243
299 243
299 436
341 436
435 299
435 299
196 341
196 435
196 435
1 196
435 1
435 196
1 435
402 1
402 196
402 435
434 402
434 402
319 434
331 319
331 434
433 331
433 331
9 402
9 433
134 9
134 433
432 9
432 134
45 432
342 45
342 134
342 432
431 342
431 342
260 342
260 431
260 431
1 260
431 1
431 260
1 431
351 1
351 260
351 431
430 351
430 351
168 351
168 430
168 430
1 168
430 1
430 168
1 430
252 1
252 430
429 168
429 252
150 429
152 429
428 150
428 152
249 252
249 428
249 428
1 249
428 1
428 249
1 428
264 1
264 249
264 428
427 264
427 264
92 427
206 92
206 427
426 206
426 206
299 264
299 426
348 299
348 299
348 426
425 348
425 348
159 348
159 425
159 425
1 159
425 1
425 159
1 425
185 1
185 425
424 159
424 185
165 185
165 424
165 424
1 165
424 1
424 165
1 424
359 1
359 165
359 424
423 359
423 359
83 359
83 423
83 423
1 83
423 1
423 83
1 423
372 1
372 83
372 423
422 372
422 372
212 372
212 422
212 422
1 212
422 1
422 212
1 422
376 1
376 212
376 422
421 376
421 376
181 421
250 421
420 181
420 250
215 376
215 420
215 420
1 215
420 1
420 215
1 420
282 1
282 420
419 215
419 282
187 282
187 419
187 419
1 187
419 1
419 187
1 419
366 1
366 187
366 419
418 366
418 366
14 366
14 418
14 418
1 14
418 1
418 14
1 418
319 418
417 1
417 14
128 319
128 417
128 417
1 128
417 1
417 128
1 417
194 1
194 128
194 417
416 194
416 194
184 194
184 416
351 184
351 416
415 184
415 351
276 351
276 415
276 415
1 276
415 1
415 276
1 415
303 1
303 276
303 415
414 303
414 303
188 303
188 414
188 414
1 188
414 1
414 188
1 414
313 1
313 188
313 414
413 313
413 313
24 413
302 24
302 313
302 413
412 302
412 302
70 302
70 412
70 412
1 70
412 1
412 70
1 412
79 412
411 1
411 70
82 79
82 411
82 411
1 82
411 1
411 82
1 411
331 1
331 82
331 411
410 331
410 331
23 331
23 410
23 410
1 23
410 1
410 23
1 410
133 1
133 23
133 410
409 133
409 133
146 133
146 409
329 146
329 146
329 409
408 329
408 329
50 329
50 408
299 408
407 50
407 50
112 299
112 407
112 407
1 112
407 1
407 112
1 407
236 1
236 112
236 407
406 236
406 236
221 236
221 406
221 406
1 221
406 1
406 221
1 406
333 406
405 1
405 221
121 333
121 405
381 121
381 405
404 121
404 381
215 381
215 404
215 404
1 215
404 1
404 215
1 404
336 404
403 1
403 215
156 336
156 403
156 403
1 156
403 1
403 156
1 403
334 1
334 403
402 156
402 334
146 334
146 402
337 402
401 146
401 146
72 337
72 401
72 401
1 72
401 1
401 72
1 401
344 1
344 72
344 401
400 344
400 344
57 344
57 400
57 400
1 57
400 1
400 57
1 400
307 1
307 57
307 400
399 307
399 307
45 307
45 399
65 45
65 45
65 399
398 65
398 65
228 398
243 65
243 398
397 228
397 243
48 243
48 397
48 397
1 48
397 1
397 48
1 397
93 397
396 1
396 48
359 396
375 396
395 93
395 359
292 375
292 395
292 395
1 292
395 1
395 292
1 395
337 1
337 292
337 395
394 337
394 337
96 337
96 394
96 394
1 96
394 1
394 96
1 394
299 1
299 394
393 96
393 299
143 299
143 393
143 393
1 143
393 1
393 143
1 393
234 1
234 143
234 393
392 234
392 234
60 234
60 392
60 392
1 60
392 1
392 60
1 392
323 1
323 392
391 60
391 323
176 391
276 176
276 323
276 391
390 276
390 276
91 276
91 390
91 390
1 91
390 1
390 91
1 390
237 1
237 390
389 91
389 237
130 237
130 389
311 130
311 389
388 130
388 311
168 311
168 388
290 168
290 388
387 168
387 290
5 290
5 387
5 387
1 5
387 1
387 5
1 387
19 387
386 1
386 5
117 19
117 386
117 386
1 117
386 1
386 117
1 386
303 1
303 386
385 117
385 303
200 303
200 385
200 385
1 200
385 1
385 200
1 385
330 385
384 1
384 200
120 330
120 384
120 384
1 120
384 1
384 120
1 384
132 1
132 120
132 384
383 132
383 132
295 132
295 383
295 383
1 295
383 1
383 295
1 383
304 1
304 295
304 383
382 304
382 304
137 304
137 382
137 382
1 137
382 1
382 137
1 382
363 1
363 382
381 137
381 363
60 381
176 381
380 60
380 176
110 363
110 380
164 110
164 380
379 110
379 164
15 379
269 379
378 15
378 164
198 269
198 378
198 378
1 198
378 1
378 198
1 378
208 1
208 198
208 378
377 208
377 208
302 208
302 377
306 302
306 302
306 377
376 306
376 306
2 306
2 376
229 2
229 2
229 376
375 229
375 229
57 375
373 375
374 57
374 229
176 373
176 374
176 374
1 176
374 1
374 176
1 374
266 1
266 176
266 374
373 266
373 266
260 373
335 260
335 266
335 373
372 335
372 335
246 335
246 372
246 372
1 246
372 1
372 246
1 372
254 1
254 372
371 246
371 254
24 254
24 371
117 24
117 24
117 371
370 117
370 117
191 117
191 370
191 370
1 191
370 1
370 191
1 370
274 1
274 191
274 370
369 274
369 274
176 369
201 176
201 274
201 369
368 201
368 201
84 368
120 84
120 368
367 120
367 120
170 201
170 367
170 367
1 170
367 1
367 170
1 367
182 1
182 170
182 367
366 182
366 182
220 182
220 366
251 220
251 366
365 220
365 251
182 365
228 182
228 365
364 228
364 228
171 251
171 364
358 171
358 171
358 364
363 358
363 358
203 358
203 363
282 203
282 363
362 203
362 282
122 282
122 362
122 362
1 122
362 1
362 122
1 362
182 1
182 362
361 122
361 182
73 182
73 361
175 73
175 73
175 361
360 175
360 175
79 175
79 360
321 79
321 360
359 79
359 321
236 321
236 359
335 359
358 236
358 236
84 358
168 358
357 84
357 168
71 335
71 357
245 357
356 71
356 71
83 245
83 356
109 83
109 83
109 356
355 109
355 109
114 109
114 355
114 355
1 114
355 1
355 114
1 355
216 1
216 114
216 355
354 216
354 216
60 216
60 354
269 354
353 60
353 60
127 269
127 353
143 127
143 353
352 127
352 143
112 143
112 352
206 112
206 112
206 352
351 206
351 206
94 351
188 94
188 206
188 351
350 188
350 188
261 188
261 350
261 350
1 261
350 1
350 261
1 350
311 1
311 261
311 350
349 311
349 311
173 311
173 349
173 349
1 173
349 1
349 173
1 349
305 1
305 349
348 173
348 305
23 305
23 348
23 348
1 23
348 1
348 23
1 348
81 348
347 1
347 23
121 81
121 347
150 121
150 347
346 121
346 150
82 150
82 346
82 346
1 82
346 1
346 82
1 346
250 346
345 1
345 82
321 250
321 345
321 345
1 321
345 1
345 321
1 345
323 1
323 321
323 345
344 323
344 323
196 323
196 344
325 196
325 196
325 344
343 325
343 325
31 325
31 343
31 343
1 31
343 1
343 31
1 343
144 1
144 343
342 31
342 144
280 144
280 342
280 342
1 280
342 1
342 280
1 342
308 342
341 1
341 280
275 308
275 341
275 341
1 275
341 1
341 275
1 341
316 1
316 275
316 341
340 316
340 316
124 316
124 340
124 340
1 124
340 1
340 124
1 340
150 1
150 340
339 124
339 150
8 150
8 339
8 339
1 8
339 1
339 8
1 339
252 1
252 339
338 8
338 252
18 338
51 338
337 18
337 51
9 337
253 9
253 337
336 252
336 253
61 253
61 336
61 336
1 61
336 1
336 61
1 336
262 1
262 61
262 336
335 262
335 262
131 262
131 335
273 131
273 335
334 131
334 273
211 273
211 334
211 334
1 211
334 1
334 211
1 334
263 1
263 211
263 334
333 263
333 263
91 263
91 333
144 333
332 91
332 91
3 144
3 332
3 332
1 3
332 1
332 3
1 332
217 1
217 3
217 332
331 217
331 217
53 217
53 331
53 331
1 53
331 1
331 53
1 331
95 331
330 1
330 53
42 95
42 330
68 330
329 42
329 42
72 68
72 329
72 329
1 72
329 1
329 72
1 329
326 1
326 72
326 329
328 326
328 326
72 328
119 72
119 326
119 328
327 119
327 119
20 119
20 327
227 327
326 20
326 20
25 326
30 25
30 326
325 30
325 30
111 227
111 325
135 111
135 325
324 111
324 135
20 135
20 324
67 20
67 324
323 20
323 67
11 67
11 323
76 323
322 11
322 11
36 76
36 322
36 322
1 36
322 1
322 36
1 322
56 1
56 36
56 322
321 56
321 56
85 56
85 321
309 321
320 85
320 85
16 320
184 320
319 16
319 184
11 309
11 319
120 11
120 11
120 319
318 120
318 120
27 120
27 318
267 27
267 318
317 27
317 267
88 267
88 317
88 317
1 88
317 1
317 88
1 317
271 1
271 88
271 317
316 271
316 271
230 316
315 316
315 230
86 271
86 315
86 315
1 86
315 1
315 86
1 315
177 1
177 86
177 315
314 177
314 177
25 314
147 25
147 314
313 147
313 147
62 313
259 62
259 313
312 177
312 259
6 259
6 312
6 312
1 6
312 1
312 6
1 312
220 1
220 6
220 312
311 220
311 220
26 220
26 311
26 311
1 26
311 1
311 26
1 311
89 311
310 1
310 26
205 89
205 310
251 205
251 310
309 205
309 251
151 251
151 309
187 309
308 151
308 151
130 187
130 308
130 308
1 130
308 1
308 130
1 308
216 1
216 308
307 130
307 216
228 216
228 307
250 307
306 228
306 228
96 250
96 306
128 306
305 96
305 96
146 128
146 305
146 305
1 146
305 1
305 146
1 305
286 1
286 146
286 305
304 286
304 286
228 286
228 304
273 228
273 228
273 304
303 273
303 273
34 273
34 303
49 34
49 303
302 34
302 49
32 49
32 302
32 302
1 32
302 1
302 32
1 302
200 302
301 1
301 32
74 301
128 301
300 74
300 128
2 200
2 300
2 300
1 2
300 1
300 2
1 300
51 1
51 2
51 300
299 51
299 51
295 51
295 299
295 299
1 295
299 1
299 295
1 299
298 299
298 1
252 298
260 252
260 295
260 298
297 260
297 260
40 260
40 297
75 40
75 297
296 40
296 75
60 75
60 296
60 296
1 60
296 1
296 60
1 296
77 1
77 296
295 60
295 77
15 77
15 295
15 295
1 15
295 1
295 15
1 295
69 1
69 15
69 295
294 69
294 69
165 69
165 294
165 294
1 165
294 1
294 165
1 294
264 294
293 1
293 165
73 293
138 293
292 73
292 138
14 264
14 292
286 14
286 292
291 14
291 286
11 286
11 291
11 291
1 11
291 1
291 11
1 291
151 1
151 11
151 291
290 151
290 151
23 290
61 290
289 23
289 61
64 151
64 289
64 289
1 64
289 1
289 64
1 289
142 1
142 64
142 289
288 142
288 142
136 142
136 288
241 136
241 136
241 288
287 241
287 241
28 241
28 287
28 287
1 28
287 1
287 28
1 287
259 1
259 287
286 28
286 259
89 259
89 286
89 286
1 89
286 1
286 89
1 286
267 1
267 89
267 286
285 267
285 267
167 267
167 285
228 167
228 285
284 167
284 228
42 228
42 284
42 284
1 42
284 1
284 42
1 284
143 1
143 284
283 42
283 143
35 143
35 283
35 283
1 35
283 1
283 35
1 283
140 1
140 283
282 35
282 140
94 140
94 282
228 94
228 282
281 94
281 228
54 228
54 281
54 281
1 54
281 1
281 54
1 281
169 1
169 281
280 54
280 169
41 169
41 280
41 280
1 41
280 1
280 41
1 280
56 1
56 41
56 280
279 56
279 56
153 56
153 279
153 279
1 153
279 1
279 153
1 279
185 1
185 153
185 279
278 185
278 185
186 185
186 278
186 278
1 186
278 1
278 186
1 278
251 1
251 186
251 278
277 251
277 251
153 277
274 277
276 153
276 251
144 274
144 276
144 276
1 144
276 1
276 144
1 276
225 276
275 1
275 144
66 225
66 275
238 66
238 275
274 66
274 238
35 238
35 274
187 35
187 274
273 35
273 187
165 273
178 273
272 165
272 178
63 272
74 63
74 272
271 74
271 74
134 271
138 134
138 271
270 138
270 138
101 270
219 101
219 187
219 270
269 219
269 219
26 219
26 269
26 269
1 26
269 1
269 26
1 269
264 269
268 1
268 26
183 264
183 268
183 268
1 183
268 1
268 183
1 268
216 1
216 268
267 183
267 216
149 216
149 267
149 267
1 149
267 1
267 149
1 267
203 1
203 267
266 149
266 203
145 266
263 266
265 145
265 203
70 263
70 265
140 70
140 265
264 70
264 140
153 264
225 140
225 153
225 264
263 225
263 225
150 263
201 150
201 225
201 263
262 201
262 201
180 201
180 262
180 262
1 180
262 1
262 180
1 262
216 1
216 180
216 262
261 216
261 216
92 216
92 261
259 92
259 92
259 261
260 259
260 259
84 260
153 84
153 260
259 153
78 259
91 259
258 78
258 91
12 153
12 258
12 258
1 12
258 1
258 12
1 258
84 1
84 258
257 12
257 84
172 84
172 257
172 257
1 172
257 1
257 172
1 257
256 1
256 172
256 257
1 256
129 256
212 256
255 1
255 129
71 255
79 255
254 71
254 79
210 212
210 254
253 254
253 210
18 210
18 253
56 18
56 253
252 18
252 56
62 252
134 56
134 252
251 62
251 134
12 134
12 251
12 251
1 12
251 1
251 12
1 251
76 251
250 1
250 12
95 250
197 76
197 95
197 250
249 197
249 197
45 249
104 45
104 197
104 249
248 104
248 104
133 104
133 248
133 248
1 133
248 1
248 133
1 248
224 248
247 1
247 133
52 247
217 52
217 247
246 217
246 217
7 246
38 246
245 7
245 38
109 224
109 245
109 245
1 109
245 1
245 109
1 245
218 1
218 245
244 109
244 218
178 244
233 178
233 244
243 218
243 233
15 233
15 243
15 243
1 15
243 1
243 15
1 243
176 1
176 15
176 243
242 176
242 176
120 242
239 120
239 242
241 176
241 239
181 239
181 241
181 241
1 181
241 1
241 181
1 241
182 241
240 1
240 181
37 240
122 37
122 182
122 240
239 122
239 122
21 122
21 239
113 21
113 239
238 21
238 113
58 113
58 238
104 58
104 238
237 58
237 104
174 104
174 237
174 237
1 174
237 1
237 174
1 237
235 1
235 174
235 237
236 235
236 235
19 235
19 236
19 236
1 19
236 1
236 19
1 236
199 236
235 1
235 19
113 199
113 235
113 235
1 113
235 1
235 113
1 235
175 1
175 235
234 113
234 175
43 234
160 43
160 234
233 160
233 160
22 175
22 233
22 233
1 22
233 1
233 22
1 233
32 1
32 22
32 233
232 32
232 32
142 232
187 232
231 32
231 142
195 187
195 231
195 231
1 195
231 1
231 195
1 231
202 1
202 195
202 231
230 202
230 202
20 202
20 230
20 230
1 20
230 1
230 20
1 230
63 230
229 1
229 20
101 63
101 229
101 229
1 101
229 1
229 101
1 229
218 1
218 229
228 101
228 218
72 218
72 228
113 72
113 228
227 72
227 113
7 113
7 227
140 7
140 7
140 227
226 140
226 140
69 140
69 226
69 226
1 69
226 1
226 69
1 226
146 226
225 1
225 69
94 225
99 225
224 94
224 99
195 146
195 224
195 224
1 195
224 1
224 195
1 224
221 1
221 224
223 195
223 221
48 223
163 48
163 221
163 223
222 163
222 163
52 163
52 222
158 52
158 52
158 222
221 158
221 158
5 158
5 221
5 221
1 5
221 1
221 5
1 221
137 221
220 1
220 5
68 220
137 220
219 68
219 137
133 137
133 219
141 133
141 219
218 133
218 141
73 218
125 73
125 218
217 125
217 125
161 217
169 217
216 141
216 161
12 169
12 216
12 216
1 12
216 1
216 12
1 216
36 1
36 12
36 216
215 36
215 36
114 36
114 215
114 215
1 114
215 1
215 114
1 215
187 1
187 114
187 215
214 187
214 187
51 187
51 214
51 214
1 51
214 1
214 51
1 214
108 1
108 51
108 214
213 108
213 108
36 213
147 36
147 213
212 108
212 147
22 147
22 212
126 212
211 22
211 22
46 211
192 46
192 211
210 126
210 192
40 192
40 210
126 210
209 40
209 40
72 126
72 209
72 209
1 72
209 1
209 72
1 209
155 209
208 1
208 72
118 155
118 208
118 208
1 118
208 1
208 118
1 208
186 1
186 118
186 208
207 186
207 186
67 186
67 207
77 67
77 207
206 67
206 77
19 77
19 206
132 206
205 19
205 19
11 132
11 205
136 11
136 11
136 205
204 136
204 136
6 136
6 204
123 6
123 204
203 6
203 123
59 123
59 203
59 203
1 59
203 1
203 59
1 203
76 1
76 59
76 203
202 76
202 76
63 76
63 202
92 63
92 202
201 63
201 92
111 92
111 201
196 111
196 201
200 111
200 196
139 200
160 139
160 200
199 160
199 160
20 199
33 20
33 196
33 199
198 33
198 33
19 198
190 19
190 198
197 33
197 190
18 190
18 197
159 197
196 18
196 18
74 159
74 196
194 196
195 74
195 74
178 194
178 195
189 178
189 195
194 178
194 189
74 189
74 194
142 74
142 74
142 194
193 142
193 142
80 142
80 193
80 193
1 80
193 1
193 80
1 193
168 1
168 80
168 193
192 168
192 168
119 168
119 192
119 192
1 119
192 1
192 119
1 192
125 1
125 192
191 119
191 125
22 125
22 191
123 22
123 191
190 22
190 123
51 123
51 190
107 51
107 51
107 190
189 107
189 107
18 107
18 189
18 189
1 18
189 1
189 18
1 189
52 1
52 189
188 18
188 52
143 52
143 188
163 188
187 143
187 143
2 163
2 187
2 187
1 2
187 1
187 2
1 187
156 187
186 1
186 2
113 186
151 113
151 156
151 186
185 151
185 151
124 151
124 185
175 124
175 185
184 124
184 175
148 184
157 148
157 175
157 184
183 157
183 157
146 157
146 183
146 183
1 146
183 1
183 146
1 183
177 1
177 146
177 183
182 177
182 177
48 177
48 182
48 182
1 48
182 1
182 48
1 182
92 182
181 1
181 48
61 92
61 181
123 61
123 61
123 181
180 123
180 123
112 123
112 180
112 180
1 112
180 1
180 112
1 180
163 1
163 112
163 180
179 163
179 163
39 163
39 179
54 179
178 39
178 39
1 54
1 178
1 178
2 1
178 2
178 1
2 178
102 1
102 2
102 178
177 102
177 102
44 102
44 177
110 44
110 177
176 44
176 110
3 110
3 176
38 176
175 3
175 3
34 175
61 34
61 38
61 175
174 61
174 61
4 174
157 4
157 61
157 174
173 157
173 157
94 157
94 173
94 173
1 94
173 1
173 94
1 173
133 173
172 1
172 94
28 133
28 172
28 172
1 28
172 1
172 28
1 172
102 1
102 28
102 172
171 102
171 102
94 102
94 171
94 171
1 94
171 1
171 94
1 171
110 1
110 171
170 94
170 110
32 110
32 170
142 170
169 32
169 32
4 142
4 169
4 169
1 4
169 1
169 4
1 169
168 1
168 169
68 4
68 168
68 168
1 68
168 1
168 68
1 168
142 1
142 68
142 168
167 142
167 142
85 142
85 167
106 85
106 85
106 167
166 106
166 106
67 166
138 67
138 106
138 166
165 138
165 138
73 138
73 165
73 165
1 73
165 1
165 73
1 165
163 1
163 73
163 165
164 163
164 163
39 163
39 164
39 164
1 39
164 1
164 39
1 164
49 1
49 39
49 164
163 49
163 49
40 49
40 163
40 163
1 40
163 1
163 40
1 163
77 1
77 40
77 163
162 77
162 77
12 162
107 162
161 12
161 77
38 107
38 161
38 161
1 38
161 1
161 38
1 161
128 1
128 161
160 38
160 128
115 128
115 160
115 160
1 115
160 1
160 115
1 160
118 160
159 1
159 115
61 118
61 159
61 159
1 61
159 1
159 61
1 159
134 159
158 1
158 61
105 134
105 158
141 158
157 105
157 105
9 141
9 157
136 157
156 9
156 9
47 136
47 156
47 156
1 47
156 1
156 47
1 156
68 1
68 156
155 47
155 68
11 155
57 11
57 68
57 155
154 57
154 57
27 57
27 154
144 27
144 154
153 27
153 144
35 144
35 153
35 153
1 35
153 1
153 35
1 153
96 1
96 35
96 153
152 96
152 96
12 96
12 152
97 12
97 152
151 12
151 97
43 97
43 151
43 151
1 43
151 1
151 43
1 151
64 151
150 1
150 43
59 64
59 150
59 150
1 59
150 1
150 59
1 150
135 150
149 1
149 59
41 135
41 149
55 41
55 149
148 41
148 55
122 55
122 148
122 148
1 122
148 1
148 122
1 148
138 148
147 1
147 122
10 138
10 147
10 147
1 10
147 1
147 10
1 147
64 1
64 147
146 10
146 64
8 64
8 146
8 146
1 8
146 1
146 8
1 146
35 1
35 8
35 146
145 35
145 35
123 145
144 145
144 35
45 123
45 144
70 144
143 45
143 45
52 143
102 143
142 52
142 70
2 102
2 142
2 142
1 2
142 1
142 2
1 142
135 1
135 2
135 142
141 135
141 135
89 135
89 141
108 141
140 89
140 89
42 108
42 140
42 140
1 42
140 1
140 42
1 140
82 140
139 1
139 42
117 82
117 139
131 117
131 139
138 117
138 131
73 131
73 138
94 138
137 73
137 73
5 94
5 137
129 137
136 5
136 5
3 136
5 3
5 136
135 5
135 5
40 129
40 135
40 135
1 40
135 1
135 40
1 135
76 135
134 1
134 40
12 76
12 134
12 134
1 12
134 1
134 12
1 134
88 134
133 1
133 12
73 88
73 133
73 133
1 73
133 1
133 73
1 133
81 133
132 1
132 73
3 81
3 132
78 132
131 3
131 3
19 131
70 19
70 78
70 131
130 70
130 70
13 70
13 130
13 130
1 13
130 1
130 13
1 130
15 1
15 13
15 130
129 15
129 15
99 129
118 15
118 99
118 129
128 118
128 118
45 118
45 128
111 128
127 45
127 45
39 111
39 127
93 127
126 39
126 39
50 93
50 126
53 50
53 50
53 126
125 53
125 53
7 53
7 125
119 7
119 7
119 125
124 119
124 119
64 119
64 124
92 64
92 64
92 124
123 92
123 92
74 92
74 123
74 123
1 74
123 1
123 74
1 123
104 1
104 74
104 123
122 104
122 104
85 104
85 122
85 122
1 85
122 1
122 85
1 122
119 122
121 1
121 85
53 121
74 53
74 119
74 121
120 74
120 74
13 74
13 120
58 120
119 13
119 13
33 58
33 119
45 33
45 119
118 33
118 45
74 45
74 118
112 74
112 74
112 118
117 112
117 112
15 112
15 117
51 117
116 15
116 15
14 51
14 116
81 14
81 14
81 116
115 81
115 81
28 81
28 115
99 28
99 28
99 115
114 99
114 99
9 99
9 114
9 114
1 9
114 1
114 9
1 114
64 1
64 114
113 9
113 64
60 113
106 60
106 64
106 113
112 106
112 106
3 106
3 112
3 112
1 3
112 1
112 3
1 112
74 112
111 1
111 3
53 111
62 53
62 74
62 111
110 62
110 62
94 62
94 110
94 110
1 94
110 1
110 94
1 110
100 110
109 1
109 94
35 100
35 109
35 109
1 35
109 1
109 35
1 109
55 1
55 109
108 35
108 55
11 55
11 108
11 108
1 11
108 1
108 11
1 108
44 1
44 11
44 108
107 44
107 44
43 44
43 107
43 107
1 43
107 1
107 43
1 107
95 1
95 107
106 43
106 95
6 106
79 6
79 95
79 106
105 79
105 79
53 79
53 105
64 53
64 53
64 105
104 64
104 64
52 104
97 104
103 52
103 64
3 97
3 103
63 3
63 3
63 103
102 63
102 63
82 102
97 63
97 82
97 102
101 97
101 97
25 97
25 101
25 101
1 25
101 1
101 25
1 101
79 1
79 25
79 101
100 79
100 79
36 100
93 100
99 36
99 79
51 99
74 99
98 51
98 74
40 93
40 98
90 40
90 40
90 98
97 90
97 90
30 90
30 97
72 97
96 30
96 30
16 96
48 96
95 16
95 48
6 95
92 6
92 95
94 72
94 92
80 92
80 94
80 94
1 80
94 1
94 80
1 94
87 94
93 1
93 80
33 93
82 93
92 33
92 82
77 87
77 92
82 77
82 77
82 92
91 82
91 82
65 91
74 91
90 65
90 74
10 90
35 10
35 90
89 35
89 35
29 82
29 89
32 29
32 89
88 29
88 32
25 32
25 88
25 88
1 25
88 1
88 25
1 88
79 1
79 88
87 25
87 79
4 87
46 4
46 79
46 87
86 46
86 46
19 46
19 86
19 86
1 19
86 1
86 19
1 86
22 1
22 86
85 19
85 22
19 22
19 85
66 19
66 85
84 19
84 66
11 66
11 84
11 84
1 11
84 1
84 11
1 84
56 1
56 11
56 84
83 56
83 56
2 56
2 83
35 2
35 2
35 83
82 35
82 35
31 82
59 31
59 35
59 82
81 59
81 59
15 81
35 81
80 15
80 35
9 59
9 80
9 80
1 9
80 1
80 9
1 80
30 80
79 1
79 9
14 30
14 79
60 14
60 14
60 79
78 60
78 60
9 78
41 78
77 9
77 41
28 60
28 77
51 28
51 77
76 28
76 51
23 76
65 76
75 23
75 51
6 75
13 75
74 6
74 13
1 65
1 74
63 74
73 1
73 1
9 73
50 9
50 73
72 50
72 50
11 72
27 72
71 11
71 27
26 63
26 71
26 71
1 26
71 1
71 26
1 71
29 71
70 1
70 26
27 29
27 70
27 70
1 27
70 1
70 27
1 70
44 1
44 70
69 27
69 44
20 44
20 69
36 20
36 69
68 20
68 36
21 36
21 68
61 68
67 21
67 21
15 61
15 67
59 67
66 15
66 15
25 66
49 66
65 25
65 49
42 59
42 65
55 65
64 42
64 42
11 55
11 64
52 64
63 11
63 11
8 52
8 63
8 63
1 8
63 1
63 8
1 63
31 1
31 63
62 8
62 31
51 31
51 62
58 62
61 51
61 51
9 58
9 61
38 9
38 9
38 61
60 38
60 38
23 38
23 60
24 23
24 23
24 60
59 24
59 24
42 24
42 59
45 42
45 59
58 42
58 45
29 58
37 58
57 29
57 37
7 57
48 7
48 45
48 57
56 48
56 48
15 56
53 15
53 48
53 56
55 53
55 53
7 53
7 55
30 7
30 7
30 55
54 30
54 30
3 30
3 54
3 54
1 3
54 1
54 3
1 54
49 1
49 54
53 3
53 49
11 49
11 53
45 53
52 11
52 11
21 45
21 52
21 52
1 21
52 1
52 21
1 52
27 52
51 1
51 21
14 27
14 51
35 14
35 51
50 14
50 35
4 35
4 50
33 4
33 4
33 50
49 33
49 33
25 49
27 49
48 25
48 27
15 33
15 48
15 48
1 15
48 1
48 15
1 48
35 48
47 1
47 15
4 47
28 4
28 47
46 28
46 28
21 35
21 46
23 21
23 46
45 21
45 23
32 23
32 45
32 45
1 32
45 1
45 32
1 45
38 1
38 45
44 32
44 38
4 38
4 44
4 44
1 4
44 1
44 4
1 44
36 1
36 4
36 44
43 36
43 36
13 36
13 43
31 13
31 43
42 13
42 31
5 31
5 42
5 42
1 5
42 1
42 5
1 42
23 1
23 5
23 42
41 23
41 23
9 41
10 9
10 41
40 10
40 10
36 40
38 23
38 40
39 36
39 38
25 39
27 25
27 38
27 39
38 27
38 27
7 27
7 38
37 7
37 38
1 7
1 37
31 1
31 1
31 37
36 31
36 31
1 31
1 36
15 1
15 36
35 1
35 15
12 35
32 12
32 15
32 35
34 32
34 32
9 32
9 34
9 34
1 9
34 1
34 9
1 34
28 1
28 9
28 34
33 28
33 28
5 28
5 33
5 33
1 5
33 1
33 5
1 33
21 1
21 33
32 5
32 21
7 21
7 32
7 32
1 7
32 1
32 7
1 32
17 1
17 7
17 32
31 17
31 17
13 17
13 31
23 13
23 13
23 31
30 23
30 23
3 23
3 30
12 3
12 3
12 30
29 12
29 12
3 29
22 3
22 12
22 29
28 22
28 22
5 22
5 28
15 5
15 5
15 28
27 15
27 15
12 27
14 27
26 12
26 14
3 15
3 26
3 26
1 3
26 1
26 3
1 26
14 1
14 26
25 3
25 14
18 14
18 25
18 25
1 18
25 1
25 18
1 25
21 1
21 25
24 18
24 21
16 21
16 24
16 24
1 16
24 1
24 16
1 24
19 24
23 1
23 16
9 19
9 23
11 9
11 9
11 23
22 11
22 11
14 11
14 22
19 14
19 22
21 14
21 19
1 19
1 21
14 1
14 1
14 21
20 14
20 14
9 20
15 20
19 9
19 14
3 15
3 19
3 19
1 3
19 1
19 3
1 19
13 1
13 19
18 3
18 13
4 18
17 18
17 4
2 17
9 17
16 2
16 9
6 16
13 16
15 6
15 13
8 15
14 8
14 13
14 15
1 14
6 1
6 14
10 14
13 6
13 6
1 13
8 13
12 1
12 8
6 12
7 6
7 10
7 12
11 7
11 7
1 11
1 11
10 1
10 1
6 7
6 10
7 6
7 10
9 6
9 7
3 9
5 9
8 3
8 5
1 7
1 8
1 8
2 1
8 2
8 1
2 8
2 8
7 1
7 2
2 7
2 7
1 2
7 1
7 2
1 7
5 7
6 1
6 2
1 6
1 5
1 6
5 1
5 1
1 5
3 1
3 1
3 5
4 3
4 3
1 3
1 4
1 4
2 1
4 2
4 1
2 4
3 1
3 2
3 4
1 3
1 3
1 3
2 1
3 2
3 1
2 3
2 3
1 2
1 2
