533
41 278 429
109 202 480
107 340 475
177 275 532
198 398 420
30 163 253
69 195 347
176 305 405
269 380 462
106 297 427
2 14 188
204 369 404
11 385 462
166 280 518
28 448 483
394 402 521
69 245 301
154 332 502
45 144 150
294 391 515
126 376 0
70 203 286
23 241 413
101 203 498
272 475 524
357 400 466
123 221 517
44 148 224
29 253 524
104 149 504
138 173 436
327 359 531
48 230 497
86 162 512
266 296 323
92 158 231
95 197 408
161 297 347
61 147 152
244 432 473
115 282 413
157 194 225
50 250 290
397 482 513
8 21 78
122 254 490
209 422 494
139 417 489
61 162 478
275 322 425
109 180 187
126 141 310
360 400 412
273 402 436
104 282 488
145 269 378
36 114 435
84 159 207
5 29 40
170 248 260
18 143 533
16 293 346
165 337 412
79 106 164
21 339 454
228 246 302
164 349 489
25 209 367
28 124 396
74 206 311
351 362 517
116 135 200
19 111 289
131 284 408
366 432 437
5 173 435
244 455 516
214 463 473
54 98 218
183 333 414
142 197 507
65 238 481
49 68 167
125 204 240
151 386 508
3 220 315
154 299 513
77 220 348
67 78 202
190 426 488
318 474 510
199 356 527
59 110 139
150 271 438
88 285 304
338 377 437
358 369 481
190 217 409
148 191 424
317 378 513
389 428 476
41 173 237
234 365 470
339 372 528
175 336 381
192 219 260
172 243 321
47 146 259
68 288 492
64 196 461
306 345 392
35 57 323
342 376 515
12 326 428
82 263 497
22 233 405
81 368 444
54 74 433
1 80 347
133 216 258
283 330 405
189 482 506
143 163 488
55 66 134
302 316 519
443 459 498
38 42 312
15 50 437
311 382 411
169 346 385
64 321 364
133 321 491
23 305 352
223 380 458
298 345 374
93 137 335
239 320 434
60 134 319
160 243 382
195 266 309
78 287 373
79 268 530
37 42 47
24 138 215
1 352 520
27 174 475
106 188 281
199 276 503
325 333 490
222 364 421
2 168 454
369 395 421
53 140 326
129 250 393
46 400 524
102 359 503
125 216 434
141 298 500
83 233 375
82 290 449
161 228 413
286 486 501
171 336 530
61 196 353
31 308 471
60 152 444
192 292 497
112 265 494
177 273 297
4 224 460
211 267 424
130 323 394
63 458 516
252 279 328
111 319 418
100 283 495
3 368 402
41 96 379
147 264 505
123 213 476
158 259 404
4 6 523
132 314 454
255 270 315
53 83 155
58 82 268
13 296 325
34 60 124
87 96 514
172 446 447
33 175 358
303 329 401
183 231 511
15 377 495
72 285 504
127 235 246
225 378 461
97 236 248
48 240 261
257 286 379
89 108 408
72 430 522
5 372 410
163 383 450
93 120 337
57 276 336
90 355 420
97 275 516
113 208 470
76 105 329
85 207 214
20 205 308
128 359 397
47 247 462
182 186 249
12 128 356
107 146 443
316 390 440
178 335 499
30 388 403
218 251 441
141 181 186
171 515 525
251 311 442
510 530 531
11 152 350
195 279 391
135 465 499
202 247 508
294 410 472
72 224 410
335 414 463
361 371 415
37 343 455
252 384 485
35 200 363
252 318 363
159 246 328
46 258 491
19 158 463
137 219 232
213 237 340
38 287 315
371 389 453
40 271 289
16 370 467
310 333 509
108 143 201
56 69 387
9 253 471
58 388 527
43 112 167
332 523 529
118 464 528
136 398 445
130 256 411
130 288 384
204 245 331
356 370 431
52 444 460
51 114 305
18 43 456
85 262 427
56 307 384
206 314 509
100 160 354
26 221 409
132 417 424
62 351 483
24 115 258
77 466 485
284 371 418
122 329 344
33 104 414
119 260 492
32 95 144
201 478 490
58 59 66
53 332 493
416 426 474
273 308 313
261 362 487
266 412 452
157 271 298
292 304 325
27 75 230
44 45 406
137 366 525
79 269 334
229 265 426
2 240 293
71 256 389
319 379 397
155 181 477
7 90 144
455 459 511
344 396 485
73 383 458
212 469 484
109 148 294
184 251 348
121 128 417
32 312 438
7 59 398
27 88 511
179 387 461
36 419 518
169 175 416
168 222 386
120 406 440
51 346 452
30 44 393
34 241 242
80 150 349
3 337 472
119 351 429
77 279 392
221 295 385
10 236 479
87 254 314
94 98 452
145 328 456
94 118 526
349 401 518
235 278 374
151 200 304
391 393 496
211 446 481
174 448 499
194 238 257
65 91 166
107 473 504
25 194 241
85 102 234
117 407 451
18 177 187
71 242 381
299 404 407
176 223 403
55 249 472
119 147 469
26 129 500
138 334 345
116 324 474
94 348 386
17 55 495
156 229 374
193 322 338
63 114 357
51 75 477
52 117 183
57 157 236
42 250 254
9 512 514
12 110 390
68 136 526
76 272 502
267 358 506
31 355 508
98 342 387
111 365 526
189 206 352
226 239 446
267 282 441
39 120 131
13 84 142
4 93 238
216 375 467
89 135 296
33 289 382
423 433 478
49 420 498
117 262 419
100 272 425
300 361 512
20 411 450
179 436 471
97 244 392
113 190 268
196 215 465
312 330 364
239 280 480
7 95 227
133 327 456
257 293 506
81 343 423
198 249 309
265 445 522
10 91 237
318 395 520
8 291 496
205 439 449
37 172 430
101 121 434
71 136 415
167 171 280
139 181 528
341 422 425
21 99 479
36 90 235
116 350 429
127 334 503
102 146 209
187 342 430
330 367 505
218 301 487
35 317 443
322 459 479
174 287 442
23 310 360
65 313 468
74 179 327
121 317 370
34 81 162
32 401 521
270 514 525
15 62 247
166 189 388
13 226 363
182 468 519
6 180 418
20 399 464
49 99 132
31 201 307
83 285 507
193 427 484
276 283 510
56 457 522
165 284 487
112 270 438
52 129 416
291 431 523
380 507 532
91 220 451
127 155 193
140 307 470
38 86 468
8 153 365
103 210 278
140 331 428
230 353 482
19 439 480
122 191 197
92 110 198
45 176 343
217 217 421
165 227 460
153 320 533
75 350 502
131 295 445
353 520 529
105 156 466
151 453 0
245 367 441
99 219 407
234 302 362
76 303 457
70 208 228
50 66 170
205 399 483
113 178 232
80 377 489
186 226 486
372 373 501
67 357 361
263 299 381
180 292 494
14 92 435
149 368 476
24 210 341
1 89 124
160 233 373
29 222 354
211 341 403
22 164 493
39 62 306
10 354 531
105 229 339
43 48 419
300 331 453
274 366 431
103 469 533
67 73 256
6 28 338
101 126 212
25 63 360
88 159 277
108 184 225
54 423 492
203 449 521
87 134 291
26 149 288
207 227 255
125 215 465
22 96 422
185 301 484
84 170 262
118 182 324
261 340 396
264 300 457
259 295 0
103 161 496
70 145 274
153 168 375
185 303 464
16 306 451
39 355 527
223 415 486
156 439 447
64 214 406
154 264 390
40 232 320
324 409 500
212 281 290
210 213 376
46 188 450
14 281 529
178 316 447
242 433 517
123 169 248
9 231 263
17 395 440
184 448 477
11 505 532
17 115 185
86 142 491
73 277 442
208 383 432
344 394 501
243 255 399
309 509 519
199 274 313
191 192 467
277 326 493
