225
15 193 212
24 73 194
7 185 196
68 200 216
61 151 178
123 197 198
11 134 137
39 90 198
43 98 156
183 189 191
65 96 208
13 180 222
6 111 124
101 209 220
67 133 204
31 61 172
15 153 161
130 201 213
17 53 190
20 71 105
107 166 170
38 46 0
50 118 192
58 128 144
34 36 97
6 99 182
41 94 138
7 69 171
32 104 176
15 19 95
67 112 136
119 196 206
30 66 109
147 208 220
85 140 218
40 115 159
130 158 193
108 119 224
66 103 142
8 146 146
180 181 214
54 127 207
57 93 177
32 154 204
46 108 179
34 81 203
47 105 222
26 169 0
31 122 149
10 160 205
69 114 179
23 43 152
53 94 171
112 165 215
52 80 153
23 128 217
33 51 203
117 198 207
78 103 185
62 109 187
22 91 100
50 56 82
70 72 138
9 98 199
120 164 199
89 187 211
35 47 177
28 53 211
163 173 189
42 73 101
76 186 187
85 88 132
50 102 144
27 132 194
74 117 174
41 61 105
43 150 225
75 84 129
44 107 178
63 92 184
13 56 100
59 90 125
54 120 125
11 141 223
3 148 164
27 65 139
2 75 145
58 94 207
99 176 188
63 154 221
64 171 212
21 175 204
42 60 159
87 175 214
64 157 194
95 126 191
3 162 205
161 195 219
116 195 224
82 138 197
16 95 99
51 121 172
62 136 156
66 100 131
24 54 106
1 8 14
57 201 211
32 49 83
13 118 182
124 136 149
77 87 155
35 48 133
120 160 168
1 80 81
16 70 209
8 142 219
133 158 206
49 145 217
89 113 162
9 137 168
20 48 172
91 102 191
14 57 150
96 125 213
160 195 221
2 132 140
60 67 69
19 75 88
23 152 177
102 139 165
12 111 183
10 35 129
72 212 225
18 82 201
114 141 152
90 103 199
9 139 186
87 182 188
25 58 215
110 143 216
5 31 173
114 166 178
17 28 98
11 77 85
4 110 213
135 141 215
39 48 97
25 135 174
86 159 193
45 151 223
37 76 173
52 81 214
46 55 203
29 122 180
63 137 165
42 93 162
25 41 147
26 33 130
10 144 148
5 113 167
20 45 62
6 157 170
71 154 217
79 146 200
59 60 189
47 143 181
88 153 223
28 122 192
72 206 218
79 116 221
33 38 200
39 108 209
65 121 166
40 51 176
156 163 170
19 74 123
4 106 150
27 140 168
45 179 190
7 107 208
44 79 131
68 104 157
80 127 169
1 30 109
40 186 224
22 56 167
49 78 158
123 155 210
84 106 134
36 76 92
113 164 175
21 117 118
112 147 190
21 93 127
38 55 68
163 169 197
55 128 161
2 78 145
37 86 119
18 97 131
12 73 151
111 185 225
44 89 218
14 83 101
29 91 129
18 26 184
16 74 115
71 83 219
34 188 205
64 77 202
22 210 0
59 70 115
4 167 183
104 155 184
96 149 220
126 174 181
3 52 202
12 36 148
84 134 142
30 121 126
29 210 216
17 86 143
24 116 124
37 135 222
92 192 196
5 110 202
