1751
226 22
226 48
141 211
141 226
141 226
1 141
226 1
226 141
1 226
160 1
160 141
160 226
225 160
225 160
80 160
80 225
190 225
224 80
224 80
151 190
151 224
151 224
1 151
224 1
224 151
1 224
199 1
199 151
199 224
223 199
223 199
2 199
2 223
2 223
1 2
223 1
223 2
1 223
105 1
105 2
105 223
222 105
222 105
19 105
19 222
19 222
1 19
222 1
222 19
1 222
143 1
143 19
143 222
221 143
221 143
154 143
154 221
154 221
1 154
221 1
221 154
1 221
205 1
205 154
205 221
220 205
220 205
33 205
33 220
33 220
1 33
220 1
220 33
1 220
184 1
184 220
219 33
219 184
78 184
78 219
189 78
189 78
189 219
218 189
218 189
131 189
131 218
131 218
1 131
218 1
218 131
1 218
201 1
201 131
201 218
217 201
217 201
85 201
85 217
85 217
1 85
217 1
217 85
1 217
97 1
97 85
97 217
216 97
216 97
96 97
96 216
205 96
205 96
205 216
215 205
215 205
11 205
11 215
124 11
124 11
124 215
214 124
214 124
29 124
29 214
182 29
182 214
213 29
213 182
145 182
145 213
145 213
1 145
213 1
213 145
1 213
177 1
177 145
177 213
212 177
212 177
82 177
82 212
82 212
1 82
212 1
212 82
1 212
165 1
165 82
165 212
211 165
211 165
61 165
61 211
61 211
1 61
211 1
211 61
1 211
186 1
186 61
186 211
210 186
210 186
91 186
91 210
91 210
1 91
210 1
210 91
1 210
95 1
95 91
95 210
209 95
209 95
25 95
25 209
25 209
1 25
209 1
209 25
1 209
46 1
46 25
46 209
208 46
208 46
20 46
20 208
163 20
163 20
163 208
207 163
207 163
101 163
101 207
101 207
1 101
207 1
207 101
1 207
115 1
115 101
115 207
206 115
206 115
134 115
134 206
134 206
1 134
206 1
206 134
1 206
200 1
200 134
200 206
205 200
205 200
14 205
34 205
204 14
204 34
106 204
123 106
123 200
123 204
203 123
203 123
79 123
79 203
79 203
1 79
203 1
203 79
1 203
181 1
181 79
181 203
202 181
202 181
13 181
13 202
131 13
131 202
201 13
201 131
22 201
186 22
186 131
186 201
200 186
200 186
34 186
34 200
180 200
199 34
199 34
110 180
110 199
110 199
1 110
199 1
199 110
1 199
181 199
198 1
198 110
87 181
87 198
87 198
1 87
198 1
198 87
1 198
126 1
126 87
126 198
197 126
197 126
153 126
153 197
195 153
195 197
196 153
196 195
69 195
69 196
69 196
1 69
196 1
196 69
1 196
175 1
175 196
195 69
195 175
22 175
22 195
22 195
1 22
195 1
195 22
1 195
171 1
171 195
194 22
194 171
92 171
92 194
92 194
1 92
194 1
194 92
1 194
192 1
192 92
192 194
193 192
193 192
31 192
31 193
54 31
54 31
54 193
192 54
192 54
105 192
179 192
191 54
191 105
119 179
119 191
141 191
190 119
190 119
25 141
25 190
189 25
189 190
85 25
85 189
159 189
188 85
188 85
6 159
6 188
6 188
1 6
188 1
188 6
1 188
176 188
187 1
187 6
108 176
108 187
118 108
118 108
118 187
186 118
186 118
43 118
43 186
43 186
1 43
186 1
186 43
1 186
107 1
107 43
107 186
185 107
185 107
36 107
36 185
36 185
1 36
185 1
185 36
1 185
174 1
174 36
174 185
184 174
184 174
106 174
106 184
106 184
1 106
184 1
184 106
1 184
114 1
114 106
114 184
183 114
183 114
55 114
55 183
106 183
182 55
182 55
4 106
4 182
4 182
1 4
182 1
182 4
1 182
153 1
153 182
181 4
181 153
77 181
133 181
180 77
180 133
3 153
3 180
3 180
1 3
180 1
180 3
1 180
28 1
28 3
28 180
179 28
179 28
150 28
150 179
150 179
1 150
179 1
179 150
1 179
161 1
161 179
178 150
178 161
74 161
74 178
74 178
1 74
178 1
178 74
1 178
86 1
86 74
86 178
177 86
177 86
36 86
36 177
163 36
163 36
163 177
176 163
176 163
30 163
30 176
128 30
128 30
128 176
175 128
175 128
9 175
103 175
174 9
174 103
33 128
33 174
33 174
1 33
174 1
174 33
1 174
132 174
173 1
173 33
11 132
11 173
11 173
1 11
173 1
173 11
1 173
74 173
172 1
172 11
8 74
8 172
8 172
1 8
172 1
172 8
1 172
147 1
147 8
147 172
171 147
171 147
57 147
57 171
57 171
1 57
171 1
171 57
1 171
158 1
158 171
170 57
170 158
79 170
164 79
164 158
164 170
169 164
169 164
63 164
63 169
133 63
133 63
133 169
168 133
168 133
19 168
68 19
68 133
68 168
167 68
167 68
30 68
30 167
72 30
72 167
166 30
166 72
47 72
47 166
47 166
1 47
166 1
166 47
1 166
67 1
67 166
165 47
165 67
69 67
69 165
119 69
119 165
164 69
164 119
35 164
123 35
123 119
123 164
163 123
163 123
46 123
46 163
118 46
118 46
118 163
162 118
162 118
13 118
13 162
13 162
1 13
162 1
162 13
1 162
26 1
26 13
26 162
161 26
161 26
20 26
20 161
20 161
1 20
161 1
161 20
1 161
121 1
121 20
121 161
160 121
160 121
32 121
32 160
153 160
159 32
159 32
50 153
50 159
50 159
1 50
159 1
159 50
1 159
132 1
132 50
132 159
158 132
158 132
48 132
48 158
48 158
1 48
158 1
158 48
1 158
115 1
115 158
157 48
157 115
139 115
139 157
139 157
1 139
157 1
157 139
1 157
148 1
148 139
148 157
156 148
156 148
70 148
70 156
70 156
1 70
156 1
156 70
1 156
93 1
93 70
93 156
155 93
155 93
80 93
80 155
80 155
1 80
155 1
155 80
1 155
90 1
90 80
90 155
154 90
154 90
9 90
9 154
64 9
64 154
153 9
153 64
22 64
22 153
45 22
45 22
45 153
152 45
152 45
55 45
55 152
55 152
1 55
152 1
152 55
1 152
131 1
131 152
151 55
151 131
45 151
91 45
91 131
91 151
150 91
150 91
53 150
131 150
149 53
149 91
55 149
105 55
105 149
148 105
148 105
25 148
28 25
28 131
28 148
147 28
147 28
15 147
44 147
146 15
146 28
93 146
139 146
145 44
145 93
9 145
95 9
95 139
95 145
144 95
144 95
7 95
7 144
7 144
1 7
144 1
144 7
1 144
84 1
84 7
84 144
143 84
143 84
106 143
140 143
142 84
142 106
51 140
51 142
135 51
135 51
135 142
141 135
141 135
63 141
128 63
128 135
128 141
140 128
140 128
93 140
132 140
139 93
139 128
18 132
18 139
43 139
138 18
138 18
94 43
94 138
94 138
1 94
138 1
138 94
1 138
111 1
111 138
137 94
137 111
64 111
64 137
64 137
1 64
137 1
137 64
1 137
120 1
120 64
120 137
136 120
136 120
8 120
8 136
82 8
82 136
135 8
135 82
4 82
4 135
4 135
1 4
135 1
135 4
1 135
45 1
45 135
134 4
134 45
8 45
8 134
8 134
1 8
134 1
134 8
1 134
14 1
14 134
133 8
133 14
23 133
121 14
121 133
132 23
132 121
40 132
40 132
131 40
131 40
60 121
60 131
96 60
96 131
130 60
130 96
73 96
73 130
122 73
122 130
129 73
129 122
52 122
52 129
52 129
1 52
129 1
129 52
1 129
56 1
56 52
56 129
128 56
128 56
22 56
22 128
40 22
40 128
127 22
127 40
8 40
8 127
70 127
126 8
126 8
17 126
98 17
98 70
98 126
125 98
125 98
50 98
50 125
113 50
113 125
124 50
124 113
115 113
115 124
115 124
1 115
124 1
124 115
1 124
121 1
121 115
121 124
123 121
123 121
96 121
96 123
96 123
1 96
123 1
123 96
1 123
101 1
101 123
122 96
122 101
61 101
61 122
90 61
90 61
90 122
121 90
121 90
47 90
47 121
76 121
120 47
120 47
9 76
9 120
65 120
119 9
119 9
9 65
9 119
66 9
66 9
66 119
118 66
118 66
21 118
22 21
22 66
22 118
117 22
117 22
15 22
15 117
112 117
116 15
116 15
40 112
40 116
40 116
1 40
116 1
116 40
1 116
106 1
106 116
115 40
115 106
20 106
20 115
108 20
108 115
114 20
114 108
45 114
48 45
48 114
113 48
113 48
65 108
65 113
65 113
1 65
113 1
113 65
1 113
83 1
83 113
112 65
112 83
67 83
67 112
67 112
1 67
112 1
112 67
1 112
98 112
111 1
111 67
7 98
7 111
7 111
1 7
111 1
111 7
1 111
95 1
95 111
110 7
110 95
79 95
79 110
79 110
1 79
110 1
110 79
1 110
104 110
109 1
109 79
12 104
12 109
12 109
1 12
109 1
109 12
1 109
81 1
81 12
81 109
108 81
108 81
29 81
29 108
29 108
1 29
108 1
108 29
1 108
44 1
44 29
44 108
107 44
107 44
38 107
99 107
106 38
106 44
50 106
89 50
89 106
105 89
105 89
56 99
56 105
72 56
72 105
104 56
104 72
33 72
33 104
39 33
39 33
39 104
103 39
103 39
60 39
60 103
60 103
1 60
103 1
103 60
1 103
74 1
74 60
74 103
102 74
102 74
57 74
57 102
86 102
101 57
101 57
8 86
8 101
28 8
28 8
28 101
100 28
100 28
45 28
45 100
62 100
99 45
99 45
34 99
40 99
98 34
98 40
55 62
55 98
55 98
1 55
98 1
98 55
1 98
74 98
97 1
97 55
30 97
41 30
41 97
96 41
96 41
9 96
71 96
95 9
95 71
35 74
35 95
35 95
1 35
95 1
95 35
1 95
72 1
72 35
72 95
94 72
94 72
25 94
68 25
68 72
68 94
93 68
93 68
31 93
39 93
92 31
92 39
4 68
4 92
9 92
91 4
91 4
4 9
4 91
4 91
1 4
91 1
91 4
1 91
50 1
50 91
90 4
90 50
24 90
32 90
89 24
89 32
13 89
36 13
36 89
88 36
88 36
24 50
24 88
24 88
1 24
88 1
88 24
1 88
56 1
56 24
56 88
87 56
87 56
20 56
20 87
82 87
86 20
86 20
48 82
48 86
48 86
1 48
86 1
86 48
1 86
67 1
67 48
67 86
85 67
85 67
5 67
5 85
9 85
84 5
84 5
12 9
12 84
41 12
41 12
41 84
83 41
83 41
2 83
42 2
42 41
42 83
82 42
82 42
61 42
61 82
77 61
77 82
81 61
81 77
14 81
22 14
22 77
22 81
80 22
80 22
4 22
4 80
44 4
44 4
44 80
79 44
79 44
64 79
68 44
68 79
78 64
78 68
25 78
56 25
56 78
77 56
77 56
9 68
9 77
9 77
1 9
77 1
77 9
1 77
52 1
52 77
76 9
76 52
4 52
4 76
27 4
27 4
27 76
75 27
75 27
13 75
50 13
50 75
74 27
74 50
16 74
50 16
50 74
73 50
73 50
23 50
23 73
23 73
1 23
73 1
73 23
1 73
62 1
62 23
62 73
72 62
72 62
52 72
71 52
71 72
66 71
69 62
69 71
70 66
70 69
27 69
27 70
27 70
1 27
70 1
70 27
1 70
55 70
69 1
69 27
26 55
26 69
35 26
35 69
68 26
68 35
18 35
18 68
24 18
24 18
24 68
67 24
67 24
42 24
42 67
42 67
1 42
67 1
67 42
1 67
64 1
64 42
64 67
66 64
66 64
27 64
27 66
27 66
1 27
66 1
66 27
1 66
65 1
65 66
11 27
11 65
11 65
1 11
65 1
65 11
1 65
21 1
21 65
64 11
64 21
40 64
45 64
63 21
63 40
20 63
40 20
40 45
40 63
62 40
62 40
17 40
17 62
25 62
61 17
61 17
10 25
10 61
41 10
41 10
41 61
60 41
60 41
19 41
19 60
19 60
1 19
60 1
60 19
1 60
27 1
27 19
27 60
59 27
59 27
6 59
7 59
58 6
58 7
19 58
31 58
57 19
57 27
9 57
44 57
56 9
56 31
30 44
30 56
41 30
41 30
41 56
55 41
55 41
7 55
32 7
32 55
54 32
54 32
39 41
39 54
52 54
53 39
53 39
11 52
11 53
11 53
1 11
53 1
53 11
1 53
19 1
19 53
52 11
52 19
13 52
14 13
14 19
14 52
51 14
51 14
3 51
19 3
19 14
19 51
50 19
50 19
13 19
13 50
13 50
1 13
50 1
50 13
1 50
46 1
46 50
49 13
49 46
16 46
16 49
16 49
1 16
49 1
49 16
1 49
42 1
42 49
48 16
48 42
18 42
18 48
22 18
22 48
47 18
47 22
18 22
18 47
18 47
1 18
47 1
47 18
1 47
37 1
37 18
37 47
46 37
46 37
15 37
15 46
40 46
45 15
45 15
43 45
44 45
44 40
6 43
6 44
6 44
1 6
44 1
44 6
1 44
23 1
23 44
43 6
43 23
18 43
31 43
42 18
42 23
5 31
5 42
24 5
24 5
24 42
41 24
41 24
22 24
22 41
22 41
1 22
41 1
41 22
1 41
29 41
40 1
40 22
4 29
4 40
28 4
28 40
39 4
39 28
7 28
7 39
35 7
35 39
38 7
38 35
11 35
11 38
11 38
1 11
38 1
38 11
1 38
15 38
37 1
37 11
4 15
4 37
4 37
1 4
37 1
37 4
1 37
30 37
36 1
36 4
9 30
9 36
30 9
30 36
35 9
35 30
19 30
19 35
25 35
34 19
34 19
4 25
4 34
32 34
33 4
33 4
9 32
9 33
9 33
1 9
33 1
33 9
1 33
12 1
12 33
32 9
32 12
2 12
2 32
2 32
1 2
32 1
32 2
1 32
30 1
30 32
31 2
31 30
15 30
15 31
15 31
30 15
30 15
1 15
1 30
1 30
2 1
30 2
30 1
2 30
17 1
17 2
17 30
29 17
29 17
18 17
18 29
26 18
26 29
28 18
28 26
3 26
3 28
3 28
1 3
28 1
28 3
1 28
6 1
6 28
27 3
27 6
3 6
3 27
18 3
18 3
18 27
26 18
26 18
19 26
25 18
25 19
25 26
1 25
12 25
18 25
24 1
24 12
12 18
12 24
22 24
23 12
23 12
17 23
20 17
20 23
22 20
3 22
6 22
21 3
21 6
11 20
11 21
11 21
1 11
21 1
21 11
1 21
17 21
20 1
20 11
7 17
7 20
12 7
12 7
12 20
19 12
19 12
11 12
11 19
18 19
18 11
1 18
5 1
5 18
17 5
17 5
9 11
9 17
9 17
1 9
17 1
17 9
1 17
15 1
15 9
15 17
16 15
16 15
3 15
3 16
3 16
1 3
16 1
16 3
1 16
13 16
15 1
15 3
1 13
1 15
1 15
2 1
15 2
15 1
2 15
9 1
9 2
9 15
14 9
14 9
8 9
8 14
12 8
12 14
13 8
13 12
2 12
2 13
2 13
1 2
13 1
13 2
1 13
9 1
9 13
12 2
12 9
1 9
1 12
1 12
2 1
12 2
12 1
2 12
10 1
10 2
10 12
11 10
11 10
4 10
4 11
6 4
6 11
10 4
10 6
2 6
2 10
9 2
9 10
3 9
5 2
5 3
5 9
8 5
8 5
2 8
4 2
4 8
7 4
7 4
1 5
1 7
1 7
2 1
7 2
7 1
2 7
6 7
6 1
1 6
1 6
5 1
5 1
1 2
1 5
1 5
2 1
5 2
5 1
2 5
4 1
4 2
4 5
1 4
2 1
2 4
3 2
3 4
1 3
2 1
2 3
1 2
1 2
1 2
