150
100 131 150
1 19 110
14 57 94
38 42 130
9 122 145
14 72 114
74 85 117
31 44 51
2 64 100
81 118 140
1 18 76
64 83 87
27 69 126
70 116 120
16 88 89
111 115 142
104 120 130
24 48 118
24 45 66
4 32 140
57 138 143
1 134 141
12 45 101
2 61 99
49 65 70
7 66 149
11 73 83
22 22 146
5 67 112
42 75 87
82 86 117
54 97 125
26 61 93
26 73 143
20 65 123
36 55 95
29 35 91
17 20 96
109 128 131
15 45 82
44 74 147
21 127 146
24 87 105
11 85 139
38 43 111
50 115 132
6 71 77
3 30 43
103 124 146
16 34 62
84 85 119
39 53 108
20 93 145
84 122 138
25 79 105
23 49 96
33 34 53
55 95 104
23 67 113
37 62 111
51 59 121
7 78 95
86 90 132
65 119 137
97 129 132
13 31 144
74 78 123
29 59 75
8 41 149
107 141 148
25 31 43
69 89 92
22 26 134
15 27 112
38 49 60
4 79 80
33 92 131
56 60 103
18 120 147
106 121 129
84 137 147
7 121 139
77 105 126
21 54 126
35 58 127
47 48 107
36 52 114
40 47 63
2 133 135
37 79 113
34 78 98
40 80 102
53 98 138
71 98 108
3 67 68
63 122 148
28 57 136
30 39 133
83 103 110
10 63 139
58 80 81
12 46 100
41 68 106
8 52 113
3 13 116
6 10 59
9 42 144
18 35 114
21 88 96
64 70 99
13 90 134
19 108 112
17 117 125
52 82 145
72 124 136
27 68 90
5 56 61
6 9 128
55 148 149
54 66 102
40 101 115
14 41 88
32 46 69
4 119 133
48 104 141
39 56 73
44 116 0
29 125 142
15 30 47
94 102 118
109 123 127
17 75 144
36 86 99
91 93 150
16 92 110
19 33 136
46 50 140
25 37 129
23 142 0
76 107 124
12 28 97
50 76 150
8 32 71
60 89 109
62 94 130
51 58 128
28 77 91
72 135 0
10 81 143
5 11 137
101 106 135
