1176
151 127
151 139
23 151
121 23
121 151
150 121
150 121
29 148
29 150
29 150
1 29
150 1
150 29
1 150
117 1
117 29
117 150
149 117
149 117
100 117
100 149
100 149
1 100
149 1
149 100
1 149
106 1
106 149
148 100
148 106
6 106
6 148
115 6
115 6
115 148
147 115
147 115
97 115
97 147
97 147
1 97
147 1
147 97
1 147
141 1
141 147
146 97
146 141
8 146
61 8
61 141
61 146
145 61
145 61
50 145
60 50
60 145
144 60
144 60
75 144
78 61
78 144
143 75
143 78
69 78
69 143
69 143
1 69
143 1
143 69
1 143
104 1
104 69
104 143
142 104
142 104
46 104
46 142
46 142
1 46
142 1
142 46
1 142
137 1
137 142
141 46
141 137
23 137
23 141
23 141
1 23
141 1
141 23
1 141
102 1
102 23
102 141
140 102
140 102
11 140
104 11
104 140
139 102
139 104
56 104
56 139
56 139
1 56
139 1
139 56
1 139
59 1
59 56
59 139
138 59
138 59
55 59
55 138
55 138
1 55
138 1
138 55
1 138
71 1
71 55
71 138
137 71
137 71
23 137
123 23
123 137
136 71
136 123
2 123
2 136
112 2
112 2
112 136
135 112
135 112
15 112
15 135
15 135
1 15
135 1
135 15
1 135
50 1
50 15
50 135
134 50
134 50
37 134
115 37
115 50
115 134
133 115
133 115
36 115
36 133
36 133
1 36
133 1
133 36
1 133
87 1
87 36
87 133
132 87
132 87
38 87
38 132
38 132
1 38
132 1
132 38
1 132
113 1
113 38
113 132
131 113
131 113
39 113
39 131
39 131
1 39
131 1
131 39
1 131
60 1
60 131
130 39
130 60
3 130
61 3
61 130
129 60
129 61
40 61
40 129
40 129
1 40
129 1
129 40
1 129
74 1
74 40
74 129
128 74
128 74
37 74
37 128
37 128
1 37
128 1
128 37
1 128
68 1
68 37
68 128
127 68
127 68
8 68
8 127
41 8
41 8
41 127
126 41
126 41
52 41
52 126
52 126
1 52
126 1
126 52
1 126
98 1
98 126
125 52
125 98
18 98
18 125
86 18
86 125
124 18
124 86
20 86
20 124
20 124
1 20
124 1
124 20
1 124
76 1
76 20
76 124
123 76
123 76
20 76
20 123
78 20
78 123
122 20
122 78
3 78
3 122
3 122
1 3
122 1
122 3
1 122
6 1
6 3
6 122
121 6
121 6
88 6
88 121
88 121
1 88
121 1
121 88
1 121
92 1
92 88
92 121
120 92
120 92
32 92
32 120
32 120
1 32
120 1
120 32
1 120
84 1
84 120
119 32
119 84
36 84
36 119
58 36
58 36
58 119
118 58
118 58
47 58
47 118
47 118
1 47
118 1
118 47
1 118
106 1
106 47
106 118
117 106
117 106
21 117
34 117
116 21
116 34
13 106
13 116
13 116
1 13
116 1
116 13
1 116
40 116
115 1
115 13
24 115
110 115
114 24
114 40
69 114
84 114
113 69
113 84
42 110
42 113
85 113
112 42
112 42
76 85
76 112
76 112
1 76
112 1
112 76
1 112
99 112
111 1
111 76
66 99
66 111
66 111
1 66
111 1
111 66
1 111
105 1
105 111
110 66
110 105
9 105
9 110
12 9
12 9
12 110
109 12
109 12
42 12
42 109
42 109
1 42
109 1
109 42
1 109
84 1
84 42
84 109
108 84
108 84
11 84
11 108
79 11
79 11
79 108
107 79
107 79
5 79
5 107
5 107
1 5
107 1
107 5
1 107
58 1
58 107
106 5
106 58
44 106
82 106
105 44
105 58
48 82
48 105
48 105
1 48
105 1
105 48
1 105
95 1
95 48
95 105
104 95
104 95
29 95
29 104
29 104
1 29
104 1
104 29
1 104
50 1
50 29
50 104
103 50
103 50
69 50
69 103
78 69
78 103
102 69
102 78
49 78
49 102
88 49
88 49
88 102
101 88
101 88
71 88
71 101
85 71
85 101
100 71
100 85
24 85
24 100
33 24
33 100
99 24
99 33
9 99
27 99
98 9
98 27
48 33
48 98
61 48
61 98
97 48
97 61
37 97
46 97
96 37
96 46
6 96
85 6
85 96
95 61
95 85
12 85
12 95
12 95
1 12
95 1
95 12
1 95
87 95
94 1
94 12
47 87
47 94
75 94
93 47
93 47
52 75
52 93
57 93
92 52
92 52
32 57
32 92
32 92
1 32
92 1
92 32
1 92
60 1
60 92
91 32
91 60
15 91
57 15
57 91
90 57
90 57
59 60
59 90
60 59
60 59
60 90
89 60
89 60
9 60
9 89
9 89
1 9
89 1
89 9
1 89
24 1
24 9
24 89
88 24
88 24
10 24
10 88
10 88
1 10
88 1
88 10
1 88
58 1
58 88
87 10
87 58
10 58
10 87
10 87
1 10
87 1
87 10
1 87
79 1
79 10
79 87
86 79
86 79
9 79
9 86
9 86
1 9
86 1
86 9
1 86
49 86
85 1
85 9
37 49
37 85
84 37
84 85
13 37
13 84
13 84
1 13
84 1
84 13
1 84
38 1
38 13
38 84
83 38
83 38
12 38
12 83
12 83
1 12
83 1
83 12
1 83
48 1
48 12
48 83
82 48
82 48
26 48
26 82
26 82
1 26
82 1
82 26
1 82
62 1
62 26
62 82
81 62
81 62
51 62
51 81
51 81
1 51
81 1
81 51
1 81
54 1
54 51
54 81
80 54
80 54
50 54
50 80
50 80
1 50
80 1
80 50
1 80
69 80
79 1
79 50
23 69
23 79
23 79
1 23
79 1
79 23
1 79
24 79
78 1
78 23
41 24
41 78
61 78
77 41
77 41
57 61
57 77
57 77
1 57
77 1
77 57
1 77
76 1
76 77
36 76
51 36
51 57
51 76
75 51
75 51
4 51
4 75
4 75
1 4
75 1
75 4
1 75
45 1
45 4
45 75
74 45
74 45
9 74
16 74
73 9
73 16
28 45
28 73
28 73
72 28
72 28
13 28
13 72
69 72
71 13
71 13
16 69
16 71
46 16
46 71
70 16
70 46
18 46
18 70
23 70
69 18
69 18
32 23
32 69
65 32
65 32
65 69
68 65
68 65
58 68
60 58
60 65
60 68
67 60
67 60
7 60
7 67
7 67
1 7
67 1
67 7
1 67
8 67
66 1
66 7
9 66
22 8
22 66
65 9
65 22
48 22
48 65
54 48
54 65
64 48
64 54
25 54
25 64
35 25
35 64
63 25
63 35
31 35
31 63
37 63
62 31
62 31
8 37
8 62
11 8
11 62
61 8
61 11
17 61
51 61
60 11
60 17
5 51
5 60
5 60
1 5
60 1
60 5
1 60
25 1
25 60
59 5
59 25
32 59
54 25
54 32
54 59
58 54
58 54
26 54
26 58
26 58
1 26
58 1
58 26
1 58
39 1
39 58
57 26
57 39
5 39
5 57
5 57
1 5
57 1
57 5
1 57
45 57
56 1
56 5
1 45
1 56
1 56
2 1
56 2
56 1
2 56
44 56
55 1
55 2
39 44
39 55
46 39
46 39
46 55
54 46
54 46
5 46
5 54
5 54
1 5
54 1
54 5
1 54
10 1
10 54
53 5
53 10
28 53
35 10
35 28
35 53
52 35
52 35
30 35
30 52
46 30
46 52
51 30
51 46
37 51
39 51
50 37
50 39
21 46
21 50
47 21
47 50
49 21
49 47
18 49
33 18
33 49
48 33
48 33
4 48
15 4
15 47
15 48
47 15
47 15
30 47
38 15
38 30
38 47
46 38
46 38
17 46
44 46
45 17
45 38
3 45
24 3
24 44
24 45
44 24
44 24
6 24
6 44
6 44
1 6
44 1
44 6
1 44
27 1
27 6
27 44
43 27
43 27
18 27
18 43
18 43
1 18
43 1
43 18
1 43
19 1
19 18
19 43
42 19
42 19
14 19
14 42
22 14
22 42
41 14
41 22
6 41
34 6
34 41
40 22
40 34
19 34
19 40
28 19
28 40
39 19
39 28
35 28
35 39
38 39
38 35
4 35
4 38
4 38
1 4
38 1
38 4
1 38
19 1
19 38
37 4
37 19
2 19
2 37
13 2
13 37
36 2
36 13
7 13
7 36
7 36
1 7
36 1
36 7
1 36
16 1
16 7
16 36
35 16
35 16
4 16
4 35
4 35
1 4
35 1
35 4
1 35
26 1
26 35
34 4
34 26
18 26
18 34
33 18
33 18
33 34
1 33
7 1
7 33
24 7
24 33
32 7
32 24
1 24
1 32
1 32
2 1
32 2
32 1
2 32
3 32
31 1
31 2
12 31
22 31
30 3
30 12
4 22
4 30
6 4
6 4
6 30
29 6
29 6
4 6
4 29
7 4
7 4
7 29
28 7
28 7
13 7
13 28
13 28
1 13
28 1
28 13
1 28
14 28
27 1
27 13
3 27
25 3
25 27
26 14
26 25
19 25
19 26
24 19
24 26
25 19
25 24
12 25
16 12
16 25
24 16
3 16
3 24
3 24
1 3
24 1
24 3
1 24
15 1
15 24
23 3
23 15
6 15
6 23
6 23
1 6
23 1
23 6
1 23
10 1
10 23
22 6
22 10
2 10
2 22
2 22
1 2
22 1
22 2
1 22
11 1
11 2
11 22
21 11
21 11
2 21
3 2
3 21
20 3
20 3
7 11
7 20
9 20
19 7
19 7
4 9
4 19
4 19
1 4
19 1
19 4
1 19
11 1
11 4
11 19
18 11
18 11
13 11
13 18
17 13
17 13
17 18
1 17
5 1
5 17
5 17
1 5
17 1
17 5
1 17
8 1
8 5
8 17
16 8
16 8
3 16
14 3
14 16
15 8
15 14
3 14
3 15
12 3
12 15
14 3
14 12
8 12
8 14
8 14
1 8
14 1
14 8
1 14
10 1
10 8
10 14
13 10
13 10
11 10
11 13
11 13
1 11
13 1
13 11
1 13
12 13
12 1
2 11
2 12
2 12
1 2
12 1
12 2
1 12
4 1
4 2
4 12
11 4
11 4
2 11
3 2
3 11
10 3
10 3
5 10
6 10
9 4
9 5
4 9
5 4
5 6
5 9
8 5
8 5
2 5
2 8
7 2
7 8
3 2
3 7
4 7
6 3
6 3
1 6
4 1
4 6
5 4
5 4
1 5
1 5
4 1
1 4
2 1
2 1
2 4
3 2
3 2
1 2
1 3
2 1
2 1
2 3
1 2
1 2
1 2
