2752
353 45
353 180
2 194
2 353
2 353
1 2
353 1
353 2
1 353
41 1
41 2
41 353
352 41
352 41
156 41
156 352
156 352
1 156
352 1
352 156
1 352
171 352
351 1
351 156
165 171
165 351
165 351
1 165
351 1
351 165
1 351
273 1
273 165
273 351
350 273
350 273
113 273
113 350
181 350
349 113
349 113
256 181
256 349
256 349
1 256
349 1
349 256
1 349
286 1
286 256
286 349
348 286
348 286
41 286
41 348
302 41
302 41
302 348
347 302
347 302
171 347
228 171
228 302
228 347
346 228
346 228
48 228
48 346
48 346
1 48
346 1
346 48
1 346
222 1
222 48
222 346
345 222
345 222
13 222
13 345
13 345
1 13
345 1
345 13
1 345
74 1
74 13
74 345
344 74
344 74
62 74
62 344
62 344
1 62
344 1
344 62
1 344
231 1
231 62
231 344
343 231
343 231
104 231
104 343
104 343
1 104
343 1
343 104
1 343
126 1
126 343
342 104
342 126
12 126
12 342
12 342
1 12
342 1
342 12
1 342
341 1
341 12
341 342
1 341
119 1
119 341
119 341
1 119
341 1
341 119
1 341
180 1
180 119
180 341
340 180
340 180
74 180
74 340
153 74
153 340
339 74
339 153
70 153
70 339
70 339
1 70
339 1
339 70
1 339
265 339
338 1
338 70
45 265
45 338
45 338
1 45
338 1
338 45
1 338
322 1
322 45
322 338
337 322
337 322
257 322
257 337
257 337
1 257
337 1
337 257
1 337
262 1
262 257
262 337
336 262
336 262
243 262
243 336
243 336
1 243
336 1
336 243
1 336
301 1
301 243
301 336
335 301
335 301
91 301
91 335
272 91
272 91
272 335
334 272
334 272
49 272
49 334
147 49
147 49
147 334
333 147
333 147
244 147
244 333
244 333
1 244
333 1
333 244
1 333
292 1
292 244
292 333
332 292
332 292
114 292
114 332
255 114
255 332
331 114
331 255
84 255
84 331
163 84
163 84
163 331
330 163
330 163
163 330
204 330
329 163
329 163
61 329
135 329
328 61
328 135
151 204
151 328
151 328
1 151
328 1
328 151
1 328
157 1
157 151
157 328
327 157
327 157
19 157
19 327
19 327
1 19
327 1
327 19
1 327
265 1
265 19
265 327
326 265
326 265
181 265
181 326
189 181
189 326
325 181
325 189
55 189
55 325
55 325
1 55
325 1
325 55
1 325
191 1
191 325
324 55
324 191
44 191
44 324
142 44
142 324
323 44
323 142
110 142
110 323
110 323
1 110
323 1
323 110
1 323
274 1
274 110
274 323
322 274
322 274
54 274
54 322
271 54
271 322
321 54
321 271
185 271
185 321
185 321
1 185
321 1
321 185
1 321
260 1
260 185
260 321
320 260
320 260
59 260
59 320
200 59
200 59
200 320
319 200
319 200
146 200
146 319
278 146
278 319
318 146
318 278
63 278
63 318
63 318
1 63
318 1
318 63
1 318
312 1
312 63
312 318
317 312
317 312
18 312
18 317
18 317
1 18
317 1
317 18
1 317
98 1
98 317
316 18
316 98
189 98
189 316
189 316
1 189
316 1
316 189
1 316
220 1
220 189
220 316
315 220
315 220
183 220
183 315
286 315
314 183
314 183
47 286
47 314
47 314
1 47
314 1
314 47
1 314
130 1
130 47
130 314
313 130
313 130
106 130
106 313
136 106
136 313
312 106
312 136
209 312
307 312
311 136
311 209
47 307
47 311
64 47
64 311
310 47
310 64
179 64
179 310
179 310
1 179
310 1
310 179
1 310
297 1
297 310
309 179
309 297
46 309
308 46
308 297
308 309
1 308
36 1
36 308
243 36
243 308
307 36
307 243
62 307
193 62
193 243
193 307
306 193
306 193
31 193
31 306
230 31
230 306
305 31
305 230
100 230
100 305
280 100
280 100
280 305
304 280
304 280
109 280
109 304
109 304
1 109
304 1
304 109
1 304
217 1
217 109
217 304
303 217
303 217
26 217
26 303
26 303
1 26
303 1
303 26
1 303
296 1
296 26
296 303
302 296
302 296
25 296
25 302
250 302
301 25
301 25
209 250
209 301
217 301
300 209
300 209
35 217
35 300
35 300
1 35
300 1
300 35
1 300
255 1
255 35
255 300
299 255
299 255
32 255
32 299
32 299
1 32
299 1
299 32
1 299
143 1
143 32
143 299
298 143
298 143
30 143
30 298
30 298
1 30
298 1
298 30
1 298
238 1
238 30
238 298
297 238
297 238
129 238
129 297
129 297
1 129
297 1
297 129
1 297
188 1
188 129
188 297
296 188
296 188
155 188
155 296
155 296
1 155
296 1
296 155
1 296
206 1
206 296
295 155
295 206
195 206
195 295
237 195
237 195
237 295
294 237
294 237
10 237
10 294
10 294
1 10
294 1
294 10
1 294
243 294
293 1
293 10
5 243
5 293
138 293
292 5
292 5
83 292
155 292
291 83
291 138
17 155
17 291
17 291
1 17
291 1
291 17
1 291
127 1
127 17
127 291
290 127
290 127
47 127
47 290
47 290
1 47
290 1
290 47
1 290
93 290
289 1
289 47
53 93
53 289
53 289
1 53
289 1
289 53
1 289
177 1
177 289
288 53
288 177
104 288
216 104
216 177
216 288
287 216
287 216
91 216
91 287
91 287
1 91
287 1
287 91
1 287
232 1
232 287
286 91
286 232
119 232
119 286
260 119
260 286
285 119
285 260
5 260
5 285
138 5
138 285
284 5
284 138
12 284
48 12
48 284
283 48
283 48
101 138
101 283
101 283
1 101
283 1
283 101
1 283
104 1
104 283
282 101
282 104
5 104
5 282
5 282
1 5
282 1
282 5
1 282
255 282
281 1
281 5
8 255
8 281
209 8
209 281
280 8
280 209
53 209
53 280
53 280
1 53
280 1
280 53
1 280
222 280
279 1
279 53
42 222
42 279
42 279
1 42
279 1
279 42
1 279
154 1
154 42
154 279
278 154
278 154
49 154
49 278
49 278
1 49
278 1
278 49
1 278
213 1
213 278
277 49
277 213
87 213
87 277
87 277
1 87
277 1
277 87
1 277
161 1
161 87
161 277
276 161
276 161
166 161
166 276
248 166
248 276
275 166
275 248
108 248
108 275
199 108
199 108
199 275
274 199
274 199
29 274
127 274
273 29
273 127
37 273
130 37
130 199
130 273
272 130
272 130
177 272
261 130
261 272
271 177
271 261
71 261
71 271
71 271
1 71
271 1
271 71
1 271
128 1
128 71
128 271
270 128
270 128
54 128
54 270
54 270
1 54
270 1
270 54
1 270
205 270
269 1
269 54
14 269
75 14
75 205
75 269
268 75
268 75
159 75
159 268
246 159
246 159
246 268
267 246
267 246
193 246
193 267
193 267
1 193
267 1
267 193
1 267
239 267
266 1
266 193
36 266
102 36
102 239
102 266
265 102
265 102
68 102
68 265
218 68
218 265
264 68
264 218
183 264
236 183
236 264
263 218
263 236
63 236
63 263
248 63
248 263
262 63
262 248
7 262
190 262
261 7
261 190
120 248
120 261
120 261
1 120
261 1
261 120
1 261
191 1
191 120
191 261
260 191
260 191
5 191
5 260
188 260
259 5
259 5
136 188
136 259
136 259
1 136
259 1
259 136
1 259
192 1
192 136
192 259
258 192
258 192
18 258
250 18
250 258
257 192
257 250
27 257
180 27
180 250
180 257
256 180
256 180
136 180
136 256
148 256
255 136
255 136
4 148
4 255
78 4
78 4
78 255
254 78
254 78
73 78
73 254
244 254
253 73
253 73
34 244
34 253
34 253
1 34
253 1
253 34
1 253
194 253
252 1
252 34
181 194
181 252
241 252
251 181
251 181
170 241
170 251
222 251
250 170
250 170
125 222
125 250
125 250
1 125
250 1
250 125
1 250
201 1
201 125
201 250
249 201
249 201
76 201
76 249
76 249
1 76
249 1
249 76
1 249
85 1
85 249
248 76
248 85
64 85
64 248
64 248
1 64
248 1
248 64
1 248
158 1
158 248
247 64
247 158
2 247
76 247
246 2
246 76
111 246
177 246
245 111
245 158
36 177
36 245
36 245
1 36
245 1
245 36
1 245
58 1
58 36
58 245
244 58
244 58
23 244
142 244
243 23
243 58
62 142
62 243
62 243
1 62
243 1
243 62
1 243
63 1
63 243
242 62
242 63
55 63
55 242
55 242
1 55
242 1
242 55
1 242
60 1
60 55
60 242
241 60
241 60
8 60
8 241
61 8
61 8
61 241
240 61
240 61
77 61
77 240
238 77
238 240
239 77
239 238
27 238
27 239
225 239
238 27
238 27
119 225
119 238
150 119
150 238
237 119
237 150
27 237
233 237
236 27
236 150
86 233
86 236
86 236
1 86
236 1
236 86
1 236
177 1
177 86
177 236
235 177
235 177
67 177
67 235
67 235
1 67
235 1
235 67
1 235
135 1
135 67
135 235
234 135
234 135
72 135
72 234
214 72
214 72
214 234
233 214
233 214
138 214
138 233
138 233
1 138
233 1
233 138
1 233
184 1
184 138
184 233
232 184
232 184
10 184
10 232
133 10
133 10
133 232
231 133
231 133
6 231
91 231
230 6
230 91
21 133
21 230
21 230
1 21
230 1
230 21
1 230
116 1
116 21
116 230
229 116
229 116
42 116
42 229
110 42
110 229
228 42
228 110
102 110
102 228
102 228
1 102
228 1
228 102
1 228
110 1
110 102
110 228
227 110
227 110
158 110
158 227
158 227
1 158
227 1
227 158
1 227
226 1
226 158
226 227
1 226
173 226
181 1
181 226
225 173
225 181
107 181
107 225
107 225
1 107
225 1
225 107
1 225
114 1
114 107
114 225
224 114
224 114
86 224
223 224
223 86
146 114
146 223
146 223
1 146
223 1
223 146
1 223
181 1
181 223
222 146
222 181
125 181
125 222
125 222
1 125
222 1
222 125
1 222
145 1
145 222
221 125
221 145
84 145
84 221
84 221
1 84
221 1
221 84
1 221
141 1
141 84
141 221
220 141
220 141
48 220
119 48
119 220
219 119
219 119
94 141
94 219
94 219
1 94
219 1
219 94
1 219
97 1
97 94
97 219
218 97
218 97
14 97
14 218
90 14
90 14
90 218
217 90
217 90
37 90
37 217
37 217
1 37
217 1
217 37
1 217
203 1
203 217
216 37
216 203
80 216
190 80
190 203
190 216
215 190
215 190
4 190
4 215
4 215
1 4
215 1
215 4
1 215
39 1
39 4
39 215
214 39
214 39
41 214
149 39
149 41
149 214
213 149
213 149
171 149
171 213
171 213
1 171
213 1
213 171
1 213
181 1
181 171
181 213
212 181
212 181
144 181
144 212
144 212
1 144
212 1
212 144
1 212
195 1
195 144
195 212
211 195
211 195
52 195
52 211
52 211
1 52
211 1
211 52
1 211
98 1
98 52
98 211
210 98
210 98
166 98
166 210
166 210
1 166
210 1
210 166
1 210
177 1
177 210
209 166
209 177
54 209
189 209
208 54
208 177
1 189
1 208
1 208
2 1
208 2
208 1
2 208
91 1
91 2
91 208
207 91
207 91
80 91
80 207
80 207
1 80
207 1
207 80
1 207
101 1
101 207
206 80
206 101
19 206
73 19
73 101
73 206
205 73
205 73
38 73
38 205
38 205
1 38
205 1
205 38
1 205
102 1
102 205
204 38
204 102
80 204
136 204
203 80
203 102
9 203
58 9
58 203
202 58
202 58
66 136
66 202
66 202
1 66
202 1
202 66
1 202
72 1
72 66
72 202
201 72
201 72
75 201
172 201
200 72
200 75
37 172
37 200
37 200
1 37
200 1
200 37
1 200
169 1
169 200
199 37
199 169
93 199
114 199
198 93
198 114
133 169
133 198
183 198
197 133
197 133
93 183
93 197
93 197
1 93
197 1
197 93
1 197
118 1
118 93
118 197
196 118
196 118
60 118
60 196
66 60
66 196
195 60
195 66
66 195
189 66
189 195
194 66
194 189
7 189
7 194
7 194
1 7
194 1
194 7
1 194
122 1
122 194
193 7
193 122
44 122
44 193
85 44
85 193
192 44
192 85
40 192
79 192
191 40
191 79
114 85
114 191
114 191
1 114
191 1
191 114
1 191
135 1
135 114
135 191
190 135
190 135
74 190
130 190
189 74
189 130
5 135
5 189
111 189
188 5
188 5
74 111
74 188
74 188
1 74
188 1
188 74
1 188
123 188
187 1
187 74
77 123
77 187
77 187
1 77
187 1
187 77
1 187
152 1
152 77
152 187
186 152
186 152
96 152
96 186
160 96
160 96
160 186
185 160
185 160
112 185
152 185
184 112
184 152
67 160
67 184
67 184
1 67
184 1
184 67
1 184
99 1
99 184
183 67
183 99
66 99
66 183
66 183
1 66
183 1
183 66
1 183
133 183
182 1
182 66
99 133
99 182
145 99
145 182
181 99
181 145
125 145
125 181
142 125
142 181
180 125
180 142
101 142
101 180
137 101
137 180
179 101
179 137
112 137
112 179
123 112
123 179
178 112
178 123
2 123
2 178
168 2
168 2
168 178
177 168
177 168
130 168
130 177
130 177
1 130
177 1
177 130
1 177
173 1
173 177
176 130
176 173
74 176
112 74
112 176
175 112
175 112
28 173
28 175
64 28
64 175
174 28
174 64
24 64
24 174
160 174
173 24
173 24
15 160
15 173
15 173
1 15
173 1
173 15
1 173
85 1
85 15
85 173
172 85
172 85
97 85
97 172
97 172
1 97
172 1
172 97
1 172
139 1
139 172
171 97
171 139
96 139
96 171
166 96
166 96
166 171
170 166
170 166
6 170
139 6
139 166
139 170
169 139
169 139
43 139
43 169
157 169
168 43
168 43
25 168
75 168
167 25
167 75
118 157
118 167
118 167
1 118
167 1
167 118
1 167
155 1
155 167
166 118
166 155
91 166
98 91
98 166
165 98
165 98
17 165
120 165
164 17
164 120
81 155
81 164
81 164
1 81
164 1
164 81
1 164
83 1
83 81
83 164
163 83
163 83
33 163
139 163
162 33
162 83
71 139
71 162
74 71
74 71
74 162
161 74
161 74
14 74
14 161
147 14
147 161
160 14
160 147
97 147
97 160
97 160
1 97
160 1
160 97
1 160
150 160
159 1
159 97
3 150
3 159
3 159
1 3
159 1
159 3
1 159
80 1
80 3
80 159
158 80
158 80
72 80
72 158
126 72
126 158
157 72
157 126
13 126
13 157
13 157
1 13
157 1
157 13
1 157
132 157
156 1
156 13
95 132
95 156
131 95
131 156
155 95
155 131
33 155
49 33
49 131
49 155
154 49
154 49
75 49
75 154
75 154
1 75
154 1
154 75
1 154
115 154
153 1
153 75
85 153
145 85
145 153
152 115
152 145
13 145
13 152
55 13
55 13
55 152
151 55
151 55
42 55
42 151
55 42
55 42
55 151
150 55
150 55
87 150
99 55
99 150
149 87
149 99
19 149
75 19
75 149
148 75
148 75
53 99
53 148
53 148
1 53
148 1
148 53
1 148
73 148
147 1
147 53
13 73
13 147
13 147
1 13
147 1
147 13
1 147
45 1
45 13
45 147
146 45
146 45
42 45
42 146
76 42
76 42
76 146
145 76
145 76
111 76
111 145
111 145
1 111
145 1
145 111
1 145
118 145
144 1
144 111
73 118
73 144
73 144
1 73
144 1
144 73
1 144
88 1
88 73
88 144
143 88
143 88
79 88
79 143
91 79
91 79
91 143
142 91
142 91
120 142
138 142
141 91
141 120
90 141
124 141
140 90
140 124
65 138
65 140
65 140
1 65
140 1
140 65
1 140
80 1
80 65
80 140
139 80
139 80
4 139
107 139
138 4
138 80
26 107
26 138
131 26
131 26
131 138
137 131
137 131
61 137
78 137
136 61
136 78
7 131
7 136
135 136
135 7
27 7
27 135
27 135
1 27
135 1
135 27
1 135
37 1
37 27
37 135
134 37
134 37
22 37
22 134
22 134
1 22
134 1
134 22
1 134
101 134
133 1
133 22
104 101
104 133
107 104
107 133
132 104
132 107
66 132
124 66
124 132
131 107
131 124
61 131
72 61
72 131
130 72
130 72
55 124
55 130
55 130
1 55
130 1
130 55
1 130
74 1
74 55
74 130
129 74
129 74
54 129
57 129
128 54
128 57
118 128
127 74
127 118
127 128
1 127
111 1
111 127
118 111
118 127
126 111
126 118
95 118
95 126
95 126
1 95
126 1
126 95
1 126
116 126
125 1
125 95
27 125
54 27
54 125
124 54
124 54
64 116
64 124
76 124
123 64
123 64
14 123
114 123
122 14
122 76
21 122
120 122
121 21
121 114
46 120
46 121
84 121
120 46
120 46
32 84
32 120
32 120
1 32
120 1
120 32
1 120
62 120
119 1
119 32
51 62
51 119
59 51
59 119
118 51
118 59
91 118
101 59
101 91
101 118
117 101
117 101
16 101
16 117
16 117
1 16
117 1
117 16
1 117
109 1
109 117
116 16
116 109
19 109
19 116
19 116
1 19
116 1
116 19
1 116
45 116
115 1
115 19
25 45
25 115
25 115
1 25
115 1
115 25
1 115
59 1
59 25
59 115
114 59
114 59
44 114
99 114
113 44
113 59
17 99
17 113
31 17
31 17
31 113
112 31
112 31
13 112
56 13
56 112
111 31
111 56
15 56
15 111
15 111
1 15
111 1
111 15
1 111
17 1
17 15
17 111
110 17
110 17
16 110
71 16
71 110
109 17
109 71
28 109
76 28
76 109
108 71
108 76
57 76
57 108
57 108
1 57
108 1
108 57
1 108
90 1
90 108
107 57
107 90
32 90
32 107
32 107
1 32
107 1
107 32
1 107
60 1
60 107
106 32
106 60
44 106
104 44
104 60
104 106
105 104
105 104
66 105
78 66
78 105
104 78
17 78
17 104
17 104
1 17
104 1
104 17
1 104
85 1
85 17
85 104
103 85
103 85
9 103
86 9
86 103
102 85
102 86
42 102
55 102
101 42
101 55
14 86
14 101
63 101
100 14
100 14
14 63
14 100
14 100
1 14
100 1
100 14
1 100
46 1
46 14
46 100
99 46
99 46
34 46
34 99
70 34
70 34
70 99
98 70
98 70
25 98
73 25
73 70
73 98
97 73
97 73
43 73
43 97
77 43
77 97
96 43
96 77
13 77
13 96
13 96
1 13
96 1
96 13
1 96
76 1
76 13
76 96
95 76
95 76
20 76
20 95
20 95
1 20
95 1
95 20
1 95
40 1
40 20
40 95
94 40
94 40
29 40
29 94
29 94
1 29
94 1
94 29
1 94
71 1
71 94
93 29
93 71
60 71
60 93
74 93
92 60
92 60
16 74
16 92
16 92
1 16
92 1
92 16
1 92
33 1
33 16
33 92
91 33
91 33
27 91
33 91
90 27
90 33
69 33
69 90
88 69
88 90
89 69
89 88
23 88
23 89
23 89
1 23
89 1
89 23
1 89
68 1
68 23
68 89
88 68
88 68
30 88
68 88
87 30
87 68
45 68
45 87
67 45
67 45
67 87
86 67
86 67
22 67
22 86
22 86
1 22
86 1
86 22
1 86
31 1
31 86
85 22
85 31
37 31
37 85
37 85
1 37
85 1
85 37
1 85
44 85
84 1
84 37
36 44
36 84
60 84
83 36
83 36
5 60
5 83
5 83
1 5
83 1
83 5
1 83
26 1
26 83
82 5
82 26
9 26
9 82
9 82
1 9
82 1
82 9
1 82
44 82
81 1
81 9
29 44
29 81
69 29
69 81
80 29
80 69
35 80
45 80
79 35
79 45
24 79
52 24
52 69
52 79
78 52
78 52
41 78
73 41
73 52
73 78
77 73
77 73
49 73
49 77
57 77
76 49
76 49
12 57
12 76
43 12
43 76
75 12
75 43
21 43
21 75
68 21
68 75
74 21
74 68
40 68
40 74
59 40
59 74
73 40
73 59
10 73
72 10
72 59
72 73
1 72
3 1
3 72
7 72
71 3
71 3
9 7
9 71
10 9
10 9
10 71
70 10
70 10
2 70
10 70
69 2
69 10
42 10
42 69
42 69
1 42
69 1
69 42
1 69
62 1
62 42
62 69
68 62
68 62
16 68
56 68
67 16
67 56
33 67
58 33
58 62
58 67
66 58
66 58
23 58
23 66
23 66
1 23
66 1
66 23
1 66
27 1
27 23
27 66
65 27
65 27
28 27
28 65
38 28
38 28
38 65
64 38
64 38
2 64
56 64
63 2
63 38
26 56
26 63
26 63
1 26
63 1
63 26
1 63
54 1
54 63
62 26
62 54
30 62
60 30
60 62
61 54
61 60
21 61
26 21
26 60
26 61
60 26
60 26
37 26
37 60
37 60
1 37
60 1
60 37
1 60
41 1
41 37
41 60
59 41
59 41
21 41
21 59
21 59
1 21
59 1
59 21
1 59
30 59
58 1
58 21
31 58
43 30
43 58
57 31
57 43
17 43
17 57
17 57
1 17
57 1
57 17
1 57
48 57
56 1
56 17
43 48
43 56
54 43
54 43
54 56
55 54
55 54
21 55
47 55
54 21
15 54
21 54
53 15
53 21
28 47
28 53
31 28
31 28
31 53
52 31
52 31
39 52
47 31
47 39
47 52
51 47
51 47
17 47
17 51
40 17
40 17
40 51
50 40
50 40
21 40
21 50
21 50
1 21
50 1
50 21
1 50
22 50
49 1
49 21
20 49
41 20
41 22
41 49
48 41
48 41
4 41
4 48
4 48
1 4
48 1
48 4
1 48
40 1
40 4
40 48
47 40
47 40
22 40
22 47
22 47
1 22
47 1
47 22
1 47
41 1
41 47
46 22
46 41
18 41
18 46
23 18
23 46
45 18
45 23
1 45
37 45
44 1
44 23
6 37
6 44
6 44
1 6
44 1
44 6
1 44
15 1
15 44
43 6
43 15
5 15
5 43
5 43
1 5
43 1
43 5
1 43
37 1
37 5
37 43
42 37
42 37
14 42
36 14
36 42
41 36
41 36
13 41
26 13
26 41
40 26
40 26
12 37
12 40
30 12
30 12
30 40
39 30
39 30
16 30
16 39
31 16
31 39
38 16
38 31
12 31
12 38
12 38
1 12
38 1
38 12
1 38
27 38
37 1
37 12
11 27
11 37
11 37
1 11
37 1
37 11
1 37
27 1
27 37
36 11
36 27
24 36
26 24
26 36
35 26
35 26
5 27
5 35
33 5
33 35
34 5
34 33
12 33
12 34
12 34
1 12
34 1
34 12
1 34
23 1
23 34
33 12
33 23
14 33
31 14
31 33
32 23
32 31
11 31
11 32
11 32
1 11
32 1
32 11
1 32
24 1
24 32
31 11
31 24
3 31
20 3
20 24
20 31
30 20
30 20
5 20
5 30
5 30
1 5
30 1
30 5
1 30
7 30
29 1
29 5
14 29
19 29
28 7
28 14
8 19
8 28
8 28
1 8
28 1
28 8
1 28
14 28
27 1
27 8
7 14
7 27
7 27
1 7
27 1
27 7
1 27
13 1
13 27
26 7
26 13
3 13
3 26
3 26
1 3
26 1
26 3
1 26
15 1
15 26
25 3
25 15
13 15
13 25
20 25
24 13
24 13
5 20
5 24
13 5
13 5
13 24
23 13
23 13
2 13
2 23
2 23
1 2
23 1
23 2
1 23
7 1
7 23
22 2
22 7
9 7
9 22
9 22
1 9
22 1
22 9
1 22
21 1
21 22
11 21
20 9
20 11
20 21
1 20
8 1
8 20
15 8
15 8
15 20
19 15
19 15
1 15
1 19
1 19
2 1
19 2
19 1
2 19
8 1
8 19
18 2
18 8
7 18
10 18
17 7
17 8
13 10
13 17
13 17
1 13
17 1
17 13
1 17
16 1
16 13
16 17
1 16
3 1
3 16
3 16
1 3
16 1
16 3
1 16
11 1
11 16
15 3
15 11
10 11
10 15
10 15
1 10
15 1
15 10
1 15
13 15
14 1
14 10
1 14
8 1
8 13
8 14
13 8
13 8
2 13
2 8
2 13
12 2
12 2
4 2
4 12
11 4
11 4
11 12
1 11
1 11
3 11
10 1
10 1
2 10
3 10
9 2
9 3
4 9
7 3
7 9
8 4
8 7
2 7
2 8
7 2
7 8
4 2
4 7
4 7
6 4
6 4
3 6
4 3
4 6
5 4
5 4
3 4
3 5
3 5
1 3
5 1
5 3
1 5
4 1
4 3
4 5
1 4
1 4
3 4
3 1
1 3
1 3
