352
137 265 305
53 82 83
34 205 311
22 155 249
182 266 275
111 158 277
188 271 332
80 130 249
88 146 170
54 119 331
93 254 279
10 153 282
3 221 327
7 31 33
25 111 225
18 241 315
28 144 278
154 217 218
46 219 238
184 264 291
32 214 224
110 219 249
38 217 312
62 67 306
134 230 346
5 147 239
195 196 335
80 174 215
199 278 320
41 157 210
144 211 283
40 158 182
74 275 292
83 95 318
14 219 256
19 186 204
176 338 349
57 143 198
22 224 328
184 263 345
53 115 233
47 87 169
81 238 292
111 140 271
36 237 0
7 30 70
98 192 277
64 150 314
29 138 179
152 213 321
235 300 305
107 114 331
72 309 339
163 222 339
248 319 328
175 237 244
49 175 337
19 88 231
134 167 223
189 202 322
52 143 229
17 93 284
24 113 302
116 192 209
45 93 333
56 65 282
20 79 303
38 104 108
231 256 318
180 187 301
8 117 201
56 97 117
121 135 200
3 220 276
33 96 132
61 193 244
68 92 200
155 195 279
260 273 345
122 236 296
77 209 341
88 171 240
77 205 326
12 44 310
25 61 114
6 100 165
63 214 251
96 264 351
38 210 336
31 91 294
141 208 240
74 267 281
23 173 245
27 178 297
58 233 317
51 127 325
27 235 269
107 154 316
95 247 250
7 15 99
90 122 241
161 185 247
100 203 317
75 90 207
172 241 289
85 118 324
1 207 338
49 66 276
16 18 171
21 87 312
13 91 347
237 293 325
144 194 281
1 103 149
134 157 302
32 126 193
18 73 313
23 159 202
168 295 300
9 62 115
30 136 284
126 188 216
225 293 346
201 268 324
89 139 333
58 75 255
28 232 340
8 79 175
2 159 307
98 161 293
147 233 274
268 343 350
119 244 315
110 274 317
20 67 229
60 118 334
200 308 352
37 149 266
99 181 297
45 172 215
12 30 199
129 140 246
40 81 285
50 184 344
13 164 267
59 162 250
138 263 270
198 215 286
165 299 340
120 223 234
55 287 301
68 153 290
132 148 259
47 58 243
145 197 298
39 51 106
55 212 287
42 116 142
34 102 342
127 261 328
63 120 146
117 236 243
44 120 254
77 129 217
94 101 109
123 183 311
197 265 309
82 101 336
238 269 334
99 169 220
4 13 39
181 226 342
25 179 323
67 201 204
174 301 322
185 260 263
6 72 137
82 255 306
43 81 279
168 247 0
4 35 194
166 268 311
71 106 324
37 129 136
76 209 347
127 204 221
68 185 206
2 178 243
11 35 84
296 304 332
9 248 288
60 252 261
48 54 153
188 307 0
50 86 105
65 91 197
23 71 124
133 156 261
66 218 226
167 264 300
89 96 314
56 62 283
170 176 321
105 114 272
57 143 163
121 145 146
122 187 273
137 228 337
177 239 330
123 242 280
107 253 253
50 132 139
4 29 290
97 195 252
22 305 348
125 191 270
16 283 344
31 104 218
27 74 259
11 177 245
12 166 203
64 80 350
59 124 128
128 178 227
1 59 196
42 45 323
42 235 306
109 145 281
87 199 287
32 211 331
17 48 85
119 141 297
37 213 258
97 225 227
20 123 179
6 131 133
86 260 280
41 210 337
196 258 262
92 226 259
52 65 84
189 254 310
26 186 221
112 170 313
19 289 316
102 171 299
115 202 351
116 183 285
61 108 342
89 190 230
169 252 323
84 160 164
83 251 257
135 172 299
14 103 224
69 257 288
78 242 320
190 275 345
60 271 316
76 156 344
9 191 348
78 216 276
113 156 181
131 173 341
46 121 180
161 206 310
262 336 347
102 251 302
33 177 246
163 173 319
8 222 338
208 289 352
94 101 286
21 212 325
66 113 240
183 193 294
63 124 250
29 162 290
47 216 231
15 158 274
130 157 198
182 207 351
90 234 341
150 203 291
149 278 329
69 308 321
141 152 296
125 128 142
72 303 327
245 285 319
28 298 307
112 135 212
266 282 329
54 73 258
86 308 326
5 213 343
2 43 186
41 256 273
40 105 155
14 52 130
26 267 312
151 165 333
5 49 176
16 152 327
15 34 73
211 255 262
48 100 330
70 223 236
70 92 110
43 174 320
192 265 343
24 205 315
118 322 349
98 131 166
106 126 234
11 142 190
154 286 330
24 206 339
162 228 269
167 295 298
76 242 257
36 329 335
21 139 318
140 232 313
248 253 303
35 57 104
46 280 350
55 147 291
229 270 352
272 272 292
44 79 314
103 227 326
112 294 304
138 160 191
208 228 239
26 246 332
78 160 222
36 284 304
180 340 348
148 309 335
10 150 168
10 108 125
75 133 277
17 148 346
3 51 164
64 71 288
109 136 230
151 187 295
69 85 159
194 334 349
94 214 232
39 151 220
53 95 189
