393
57 5
57 6
16 34
16 57
16 57
1 16
57 1
57 16
1 57
22 1
22 16
22 57
56 22
56 22
2 22
2 56
2 56
1 2
56 1
56 2
1 56
41 1
41 56
55 2
55 41
4 55
31 4
31 55
54 31
54 31
5 41
5 54
5 54
1 5
54 1
54 5
1 54
13 1
13 5
13 54
53 13
53 13
20 53
32 13
32 20
32 53
52 32
52 32
5 32
5 52
34 5
34 52
51 5
51 34
16 51
31 16
31 34
31 51
50 31
50 31
24 31
24 50
24 50
1 24
50 1
50 24
1 50
38 1
38 24
38 50
49 38
49 38
26 38
26 49
26 49
1 26
49 1
49 26
1 49
40 1
40 49
48 26
48 40
5 40
5 48
5 48
1 5
48 1
48 5
1 48
19 1
19 5
19 48
47 19
47 19
20 19
20 47
39 20
39 20
39 47
46 39
46 39
9 39
9 46
9 46
1 9
46 1
46 9
1 46
34 1
34 9
34 46
45 34
45 34
36 34
36 45
36 45
1 36
45 1
45 36
1 45
44 1
44 36
44 45
1 44
9 44
9 44
43 1
43 9
13 9
13 43
29 13
29 43
42 13
42 29
18 29
18 42
35 18
35 42
41 18
41 35
25 35
25 41
25 41
40 25
40 25
12 25
12 40
12 40
1 12
40 1
40 12
1 40
20 40
39 1
39 12
18 39
31 18
31 20
31 39
38 31
38 31
34 38
37 38
37 31
20 34
20 37
20 37
1 20
37 1
37 20
1 37
35 37
36 1
36 20
15 36
17 15
17 35
17 36
35 17
35 17
18 17
18 35
18 35
1 18
35 1
35 18
1 35
34 1
34 35
14 18
14 34
16 34
33 14
33 14
18 33
21 33
32 16
32 18
6 21
6 32
14 6
14 32
31 6
31 14
3 14
3 31
19 3
19 3
19 31
30 19
30 19
3 30
15 3
15 19
15 30
29 15
29 15
10 15
10 29
10 29
1 10
29 1
29 10
1 29
14 1
14 10
14 29
28 14
28 14
14 28
21 28
27 14
27 14
8 21
8 27
8 27
1 8
27 1
27 8
1 27
21 1
21 8
21 27
26 21
26 21
4 26
25 26
25 4
5 25
24 5
24 25
16 24
23 16
23 24
5 21
5 23
5 23
1 5
23 1
23 5
1 23
17 1
17 5
17 23
22 17
22 17
5 17
5 22
21 5
21 5
21 22
1 21
1 21
9 1
9 1
9 21
20 9
20 9
2 20
2 9
2 20
19 2
19 2
13 19
13 19
18 2
18 13
4 13
4 18
7 4
7 4
7 18
17 7
17 7
6 7
6 17
16 6
16 6
16 17
1 16
10 16
14 1
14 16
15 10
15 14
6 15
10 6
10 15
14 10
1 10
1 14
12 1
12 1
12 14
13 12
13 12
3 13
9 3
9 13
12 9
6 12
6 12
11 6
11 6
2 9
2 11
2 11
1 2
11 1
11 2
1 11
10 1
10 2
10 11
1 10
4 1
4 10
4 10
1 4
10 1
10 4
1 10
6 1
6 4
6 10
9 6
9 6
1 6
1 9
2 9
8 1
8 1
6 8
7 2
7 6
7 8
1 7
3 1
3 7
3 7
1 3
7 1
7 3
1 7
6 1
6 7
1 3
1 6
4 1
4 1
4 6
5 4
5 4
2 4
2 5
3 2
3 2
3 5
4 3
4 3
1 4
2 1
2 3
2 4
3 2
3 2
1 2
1 3
2 1
2 3
1 2
1 2
