60
12 44 53
2 6 33
4 17 55
37 45 57
1 29 32
7 21 55
1 29 32
9 11 21
43 49 58
24 29 57
40 46 51
7 26 41
12 14 42
35 38 0
24 27 36
36 51 54
17 44 52
4 5 31
13 16 33
22 48 50
15 33 38
18 56 60
6 7 58
25 30 38
20 51 60
20 39 53
9 12 22
2 32 34
2 43 48
3 19 35
3 8 27
46 58 60
14 25 49
10 16 36
28 44 52
8 56 59
3 54 57
6 23 34
40 52 59
5 13 50
27 45 47
10 11 43
17 53 0
26 37 50
24 39 47
22 30 54
15 23 26
18 19 0
25 34 37
13 41 48
8 9 49
19 28 41
20 35 42
14 40 59
23 31 39
10 42 45
4 16 18
1 31 46
15 47 56
21 28 55
5 11 30
