465
61 14
61 43
18 48
18 61
40 18
40 18
40 61
60 40
60 40
6 40
6 60
8 60
59 6
59 6
21 8
21 59
21 59
1 21
59 1
59 21
1 59
47 1
47 21
47 59
58 47
58 47
5 47
5 58
5 58
1 5
58 1
58 5
1 58
7 1
7 5
7 58
57 7
57 7
3 7
3 57
3 57
1 3
57 1
57 3
1 57
18 1
18 3
18 57
56 18
56 18
34 18
34 56
34 56
1 34
56 1
56 34
1 56
42 1
42 34
42 56
55 42
55 42
21 55
38 21
38 55
54 38
54 38
13 42
13 54
33 13
33 13
33 54
53 33
53 33
25 33
25 53
25 53
1 25
53 1
53 25
1 53
26 1
26 25
26 53
52 26
52 26
30 26
30 52
48 30
48 52
51 30
51 48
31 48
31 51
36 31
36 31
36 51
50 36
50 36
19 36
19 50
19 50
1 19
50 1
50 19
1 50
34 1
34 19
34 50
49 34
49 34
13 49
24 13
24 34
24 49
48 24
48 24
7 24
7 48
7 48
1 7
48 1
48 7
1 48
22 1
22 7
22 48
47 22
47 22
11 22
11 47
32 11
32 11
32 47
46 32
46 32
20 32
20 46
20 46
1 20
46 1
46 20
1 46
27 46
45 1
45 20
10 27
10 45
10 45
1 10
45 1
45 10
1 45
15 1
15 10
15 45
44 15
44 15
5 15
5 44
5 44
1 5
44 1
44 5
1 44
12 1
12 44
43 5
43 12
3 12
3 43
17 3
17 3
17 43
42 17
42 17
20 42
25 42
41 17
41 20
10 41
24 10
24 25
24 41
40 24
40 24
10 40
24 10
24 40
39 24
39 24
11 24
11 39
11 39
1 11
39 1
39 11
1 39
38 39
38 1
2 11
2 38
23 2
23 2
23 38
37 23
37 23
30 23
30 37
30 37
1 30
37 1
37 30
1 37
31 1
31 30
31 37
36 31
36 31
20 31
20 36
29 36
35 20
35 20
10 35
26 10
26 35
34 26
34 26
4 29
4 34
4 34
1 4
34 1
34 4
1 34
15 1
15 34
33 4
33 15
17 15
17 33
17 33
1 17
33 1
33 17
1 33
18 1
18 33
32 17
32 18
16 32
23 16
23 32
31 18
31 23
11 31
21 11
21 31
30 21
30 21
21 23
21 30
24 21
24 21
24 30
29 24
29 24
2 24
2 29
2 29
1 2
29 1
29 2
1 29
28 1
28 2
28 29
1 28
11 28
26 28
27 1
27 11
8 26
8 27
8 27
1 8
27 1
27 8
1 27
25 27
26 1
26 8
11 25
11 26
11 26
1 11
26 1
26 11
1 26
23 1
23 26
25 11
25 23
9 23
9 25
9 25
1 9
25 1
25 9
1 25
24 1
24 25
8 9
8 24
8 24
1 8
24 1
24 8
1 24
23 1
23 8
23 24
1 23
2 1
2 23
21 2
21 23
22 2
22 21
1 22
3 1
3 21
3 22
21 3
21 3
12 3
12 21
19 12
19 12
19 21
20 19
20 19
4 20
11 4
11 20
19 11
1 19
1 19
18 1
18 1
1 11
1 18
4 1
4 18
17 1
17 4
5 4
5 17
10 5
10 17
16 5
16 10
2 10
2 16
2 16
1 2
16 1
16 2
1 16
5 1
5 2
5 16
15 5
15 5
2 5
2 15
2 15
1 2
15 1
15 2
1 15
3 15
14 1
14 2
5 14
5 14
13 3
13 5
1 5
1 13
1 13
12 1
12 1
6 1
6 12
6 12
1 6
12 1
12 6
1 12
8 1
8 6
8 12
11 8
11 8
2 11
3 11
10 2
10 3
5 8
5 10
5 10
1 5
10 1
10 5
1 10
6 1
6 5
6 10
9 6
9 6
3 6
3 9
4 3
4 9
8 3
8 4
3 8
6 3
6 4
6 8
7 6
7 6
1 7
3 1
3 7
6 3
4 3
4 6
4 6
1 4
6 1
6 4
1 6
5 6
5 1
2 5
4 2
4 5
1 4
2 1
2 4
2 4
1 2
4 1
4 2
1 4
3 4
3 1
2 3
2 3
1 2
1 2
1 2
