277
109 137 181
80 169 270
11 151 207
76 149 168
2 42 169
5 208 261
27 32 32
200 224 255
91 181 239
46 105 193
25 31 226
74 114 125
7 43 156
45 70 92
78 96 184
70 119 248
10 81 200
40 169 171
36 200 232
259 275 0
121 152 221
74 106 199
20 88 159
47 138 276
143 249 257
115 151 191
55 141 229
57 62 208
122 170 240
235 240 264
53 127 234
69 107 161
50 57 217
183 233 262
156 191 228
108 245 261
47 102 159
118 205 266
7 43 86
117 141 155
26 155 174
73 228 256
197 219 268
86 141 246
24 39 267
61 204 225
17 63 79
53 167 199
54 150 245
17 126 231
108 146 230
34 77 105
21 172 247
127 131 178
41 56 138
65 260 260
177 185 206
73 216 269
57 241 244
105 206 207
104 131 277
96 132 136
15 110 144
61 172 232
38 100 154
97 231 250
83 219 262
65 154 238
41 42 273
4 176 186
130 237 251
139 194 244
8 226 237
30 95 189
122 182 218
201 217 241
117 150 230
95 175 212
43 195 230
71 106 201
143 190 255
47 88 111
134 213 267
49 80 84
20 37 187
52 92 175
49 60 124
10 58 0
29 31 218
104 165 170
63 227 256
72 97 151
125 209 222
144 190 192
177 234 275
18 164 264
98 233 250
75 166 212
100 113 199
24 62 74
184 188 0
84 211 220
27 129 158
79 178 232
24 176 228
131 216 254
19 20 112
59 183 257
13 137 238
100 175 195
3 132 140
130 167 180
91 138 225
16 203 258
12 18 167
26 147 186
46 103 181
33 91 189
182 185 187
77 112 112
72 179 226
30 201 245
6 121 221
114 115 215
33 214 265
38 72 209
14 29 35
145 157 195
51 78 124
25 51 243
14 224 241
38 197 223
34 60 163
140 168 266
60 82 85
101 148 202
52 155 179
118 160 269
168 214 235
28 236 251
37 193 214
140 171 269
35 90 212
77 219 277
21 135 213
2 45 272
22 71 134
225 233 267
50 119 223
40 203 266
27 110 133
187 205 215
12 78 242
55 120 188
11 207 268
1 63 166
32 39 158
25 162 263
68 118 192
53 126 224
56 152 227
88 127 202
67 174 256
188 251 253
9 75 153
71 98 242
67 211 222
66 165 220
122 136 262
82 92 121
13 94 259
8 128 244
96 102 197
158 274 276
129 198 270
68 73 222
1 111 160
11 174 254
70 135 170
6 235 253
30 55 184
101 192 259
45 87 101
116 180 194
113 125 196
3 217 223
136 162 205
107 113 150
35 210 221
48 247 255
142 146 239
3 117 191
76 183 220
196 271 273
103 146 148
128 179 261
97 237 265
8 29 193
5 5 13
106 210 252
54 116 176
157 161 173
102 109 133
14 208 210
54 123 152
59 227 274
83 172 268
84 89 257
149 190 204
46 59 90
139 203 242
22 64 142
64 163 275
87 120 236
4 69 129
7 58 79
41 65 68
18 64 234
52 56 154
28 104 109
22 89 236
206 238 254
110 111 258
23 98 229
116 239 274
198 243 273
94 130 229
39 99 144
50 99 145
67 81 260
85 147 189
90 157 270
17 81 160
23 142 182
148 258 272
107 272 277
23 66 126
19 40 123
66 156 177
75 135 194
93 124 240
10 253 263
16 94 271
83 93 103
89 114 123
119 133 196
76 163 252
31 93 243
9 246 265
21 28 80
9 15 82
44 143 246
1 37 247
6 15 19
33 61 137
4 173 271
62 209 250
26 120 149
132 165 215
86 145 173
87 185 202
36 85 153
166 213 249
186 204 252
49 69 264
34 48 276
42 164 198
36 162 164
2 58 147
44 48 178
153 161 248
128 216 218
12 108 263
95 99 249
115 211 248
171 180 231
51 134 159
16 44 139
