2155
278 20
278 88
114 101
114 278
114 278
1 114
278 1
278 114
1 278
243 1
243 114
243 278
277 243
277 243
129 243
129 277
129 277
1 129
277 1
277 129
1 277
130 1
130 277
276 129
276 130
18 276
142 18
142 276
275 130
275 142
26 142
26 275
26 275
1 26
275 1
275 26
1 275
124 1
124 275
274 26
274 124
74 124
74 274
78 74
78 74
78 274
273 78
273 78
115 78
115 273
115 273
1 115
273 1
273 115
1 273
153 1
153 115
153 273
272 153
272 153
172 153
172 272
196 172
196 172
196 272
271 196
271 196
165 271
262 271
270 165
270 196
88 270
252 88
252 262
252 270
269 252
269 252
5 252
5 269
5 269
1 5
269 1
269 5
1 269
146 1
146 5
146 269
268 146
268 146
19 146
19 268
19 268
1 19
268 1
268 19
1 268
262 1
262 19
262 268
267 262
267 262
5 262
5 267
69 5
69 267
266 5
266 69
52 69
52 266
52 266
1 52
266 1
266 52
1 266
133 1
133 52
133 266
265 133
265 133
84 133
84 265
84 265
1 84
265 1
265 84
1 265
87 1
87 84
87 265
264 87
264 87
70 264
116 264
263 70
263 87
98 116
98 263
156 263
262 98
262 98
175 156
175 262
226 175
226 175
226 262
261 226
261 226
183 226
183 261
214 183
214 183
214 261
260 214
260 214
39 260
44 39
44 214
44 260
259 44
259 44
62 44
62 259
111 62
111 259
258 62
258 111
41 111
41 258
41 258
1 41
258 1
258 41
1 258
116 1
116 41
116 258
257 116
257 116
28 116
28 257
100 28
100 257
256 28
256 100
70 100
70 256
70 256
1 70
256 1
256 70
1 256
215 1
215 70
215 256
255 215
255 215
118 215
118 255
118 255
1 118
255 1
255 118
1 255
125 1
125 118
125 255
254 125
254 125
123 125
123 254
123 254
1 123
254 1
254 123
1 254
180 1
180 123
180 254
253 180
253 180
156 180
156 253
156 253
1 156
253 1
253 156
1 253
177 1
177 156
177 253
252 177
252 177
41 252
231 41
231 252
251 177
251 231
165 231
165 251
165 251
1 165
251 1
251 165
1 251
249 1
249 165
249 251
250 249
250 249
53 249
53 250
53 250
1 53
250 1
250 53
1 250
145 1
145 53
145 250
249 145
249 145
2 145
2 249
2 249
1 2
249 1
249 2
1 249
84 1
84 249
248 2
248 84
11 84
11 248
89 11
89 248
247 11
247 89
4 89
4 247
4 247
1 4
247 1
247 4
1 247
193 1
193 4
193 247
246 193
246 193
16 193
16 246
149 16
149 246
245 16
245 149
208 149
208 245
221 208
221 245
244 208
244 221
67 221
67 244
67 244
1 67
244 1
244 67
1 244
207 1
207 67
207 244
243 207
243 207
23 243
37 243
242 23
242 37
17 207
17 242
17 242
1 17
242 1
242 17
1 242
88 1
88 17
88 242
241 88
241 88
84 88
84 241
221 84
221 241
240 84
240 221
98 221
98 240
98 240
1 98
240 1
240 98
1 240
165 1
165 240
239 98
239 165
168 165
168 239
168 239
1 168
239 1
239 168
1 239
237 1
237 239
238 168
238 237
107 237
107 238
107 238
1 107
238 1
238 107
1 238
125 1
125 107
125 238
237 125
237 125
224 125
224 237
224 237
1 224
237 1
237 224
1 237
234 1
234 224
234 237
236 234
236 234
32 234
32 236
188 32
188 32
188 236
235 188
235 188
136 188
136 235
195 235
234 136
234 136
61 234
144 234
233 61
233 144
47 195
47 233
47 233
1 47
233 1
233 47
1 233
50 1
50 47
50 233
232 50
232 50
143 50
143 232
210 232
231 143
231 143
19 231
135 231
230 19
230 135
163 210
163 230
163 230
1 163
230 1
230 163
1 230
167 1
167 163
167 230
229 167
229 167
33 167
33 229
33 229
1 33
229 1
229 33
1 229
149 1
149 33
149 229
228 149
228 149
45 149
45 228
157 45
157 228
227 45
227 157
114 227
171 114
171 227
226 157
226 171
162 226
188 226
225 162
225 171
184 188
184 225
184 225
1 184
225 1
225 184
1 225
201 1
201 225
224 184
224 201
21 224
189 224
223 21
223 189
63 201
63 223
151 63
151 223
222 63
222 151
57 222
60 57
60 222
221 60
221 60
147 151
147 221
147 221
1 147
221 1
221 147
1 221
212 1
212 147
212 221
220 212
220 212
140 212
140 220
140 220
1 140
220 1
220 140
1 220
145 1
145 220
219 140
219 145
86 145
86 219
86 219
1 86
219 1
219 86
1 219
137 1
137 86
137 219
218 137
218 137
96 137
96 218
96 218
1 96
218 1
218 96
1 218
115 1
115 218
217 96
217 115
55 115
55 217
55 217
1 55
217 1
217 55
1 217
69 1
69 55
69 217
216 69
216 69
13 69
13 216
13 216
1 13
216 1
216 13
1 216
39 1
39 13
39 216
215 39
215 39
1 39
1 215
109 1
109 215
214 1
214 109
100 109
100 214
202 214
213 100
213 100
137 202
137 213
147 213
212 137
212 137
1 147
1 212
1 212
2 1
212 2
212 1
2 212
203 1
203 212
211 2
211 203
20 211
72 20
72 203
72 211
210 72
210 72
10 72
10 210
10 210
1 10
210 1
210 10
1 210
117 1
117 10
117 210
209 117
209 117
4 117
4 209
62 209
208 4
208 4
102 62
102 208
102 208
1 102
208 1
208 102
1 208
133 208
207 1
207 102
41 133
41 207
41 207
1 41
207 1
207 41
1 207
88 1
88 207
206 41
206 88
72 88
72 206
108 72
108 72
108 206
205 108
205 108
49 108
49 205
49 205
1 49
205 1
205 49
1 205
201 1
201 49
201 205
204 201
204 201
127 201
127 204
127 204
1 127
204 1
204 127
1 204
131 1
131 127
131 204
203 131
203 131
37 131
37 203
173 37
173 203
202 37
202 173
50 173
50 202
128 50
128 202
201 50
201 128
189 128
189 201
200 189
200 201
22 189
22 200
80 22
80 200
199 22
199 80
6 80
6 199
6 199
1 6
199 1
199 6
1 199
80 1
80 199
198 6
198 80
73 80
73 198
73 198
1 73
198 1
198 73
1 198
172 1
172 73
172 198
197 172
197 172
66 172
66 197
66 197
1 66
197 1
197 66
1 197
92 1
92 197
196 66
196 92
130 196
193 196
195 92
195 130
4 193
4 195
10 195
194 4
194 4
185 194
193 10
193 185
193 194
1 193
3 1
3 193
26 3
26 193
192 3
192 26
111 26
111 192
111 192
1 111
192 1
192 111
1 192
186 1
186 111
186 192
191 186
191 186
140 186
140 191
140 191
1 140
191 1
191 140
1 191
184 191
190 1
190 140
55 190
66 190
189 55
189 66
50 189
143 50
143 184
143 189
188 143
188 143
19 143
19 188
19 188
1 19
188 1
188 19
1 188
136 188
187 1
187 19
44 187
169 44
169 187
186 136
186 169
9 186
171 186
185 9
185 169
32 185
99 32
99 185
184 99
184 99
25 184
72 25
72 184
183 72
183 72
14 171
14 183
14 183
1 14
183 1
183 14
1 183
98 1
98 183
182 14
182 98
136 98
136 182
136 182
1 136
182 1
182 136
1 182
157 182
181 1
181 136
74 157
74 181
74 181
1 74
181 1
181 74
1 181
122 1
122 74
122 181
180 122
180 122
140 180
145 122
145 140
145 180
179 145
179 145
14 145
14 179
16 14
16 14
16 179
178 16
178 16
3 16
3 178
3 178
1 3
178 1
178 3
1 178
155 1
155 3
155 178
177 155
177 155
2 155
2 177
18 2
18 177
176 2
176 18
96 176
159 18
159 96
159 176
175 159
175 159
103 159
103 175
118 103
118 103
118 175
174 118
174 118
45 118
45 174
159 174
173 45
173 45
15 159
15 173
62 15
62 15
62 173
172 62
172 62
53 62
53 172
53 172
1 53
172 1
172 53
1 172
123 1
123 53
123 172
171 123
171 123
22 171
109 22
109 123
109 171
170 109
170 109
135 109
135 170
155 135
155 135
155 170
169 155
169 155
29 155
29 169
29 169
1 29
169 1
169 29
1 169
75 1
75 29
75 169
168 75
168 75
39 168
98 39
98 75
98 168
167 98
167 98
123 167
128 98
128 123
128 167
166 128
166 128
80 128
80 166
80 166
1 80
166 1
166 80
1 166
147 1
147 166
165 80
165 147
61 165
138 61
138 165
164 138
164 138
101 147
101 164
154 164
163 101
163 101
66 154
66 163
129 163
162 66
162 66
23 129
23 162
82 23
82 162
161 23
161 82
55 82
55 161
140 161
160 55
160 55
31 140
31 160
31 160
1 31
160 1
160 31
1 160
48 1
48 31
48 160
159 48
159 48
1 48
1 159
1 159
2 1
159 2
159 1
2 159
26 1
26 2
26 159
158 26
158 26
11 26
11 158
11 158
1 11
158 1
158 11
1 158
130 1
130 11
130 158
157 130
157 130
7 157
7 157
156 7
156 7
131 156
138 130
138 156
155 131
155 138
12 155
93 12
93 138
93 155
154 93
154 93
27 93
27 154
27 154
1 27
154 1
154 27
1 154
136 154
153 1
153 27
11 136
11 153
80 11
80 11
80 153
152 80
152 80
85 152
119 152
151 80
151 85
7 119
7 151
7 151
1 7
151 1
151 7
1 151
103 1
103 7
103 151
150 103
150 103
18 103
18 150
18 150
1 18
150 1
150 18
1 150
125 1
125 150
149 18
149 125
94 125
94 149
94 149
1 94
149 1
149 94
1 149
127 1
127 94
127 149
148 127
148 127
46 148
113 148
147 46
147 113
70 127
70 147
105 70
105 147
146 70
146 105
60 105
60 146
96 60
96 146
145 60
145 96
29 96
29 145
90 145
144 29
144 29
52 90
52 144
120 52
120 52
120 144
143 120
143 120
84 143
131 84
131 120
131 143
142 131
142 131
15 142
134 15
134 131
134 142
141 134
141 134
85 134
85 141
122 85
122 141
140 85
140 122
14 140
132 140
139 14
139 122
89 139
131 139
138 89
138 131
38 132
38 138
38 138
1 38
138 1
138 38
1 138
60 1
60 138
137 38
137 60
85 137
95 60
95 137
136 85
136 95
57 95
57 136
57 136
1 57
136 1
136 57
1 136
95 1
95 57
95 136
135 95
135 95
4 95
4 135
4 135
1 4
135 1
135 4
1 135
90 135
134 1
134 4
7 134
122 134
133 7
133 90
30 133
37 133
132 30
132 37
65 122
65 132
65 132
1 65
132 1
132 65
1 132
126 1
126 65
126 132
131 126
131 126
16 131
35 16
35 131
130 35
130 35
85 126
85 130
110 85
110 130
129 85
129 110
28 129
95 129
128 28
128 95
5 110
5 128
5 128
1 5
128 1
128 5
1 128
95 1
95 128
127 5
127 95
18 127
83 127
126 18
126 83
27 95
27 126
27 126
1 27
126 1
126 27
1 126
51 1
51 126
125 27
125 51
52 125
52 125
124 51
124 52
12 52
12 124
33 124
123 12
123 12
86 33
86 123
109 86
109 123
122 86
122 109
50 109
50 122
50 122
1 50
122 1
122 50
1 122
86 1
86 50
86 122
121 86
121 86
65 121
92 65
92 86
92 121
120 92
120 92
56 120
56 120
119 56
119 56
47 92
47 119
47 119
1 47
119 1
119 47
1 119
96 119
118 1
118 47
24 118
110 118
117 24
117 96
46 110
46 117
87 46
87 117
116 46
116 87
62 87
62 116
62 116
1 62
116 1
116 62
1 116
97 116
115 1
115 62
44 97
44 115
44 115
1 44
115 1
115 44
1 115
80 1
80 44
80 115
114 80
114 80
9 80
9 114
102 9
102 9
102 114
113 102
113 102
9 102
9 113
9 113
1 9
113 1
113 9
1 113
18 1
18 9
18 113
112 18
112 18
35 112
71 18
71 35
71 112
111 71
111 71
3 111
4 3
4 71
4 111
110 4
110 4
65 4
65 110
99 65
99 65
99 110
109 99
109 99
21 99
21 109
21 109
1 21
109 1
109 21
1 109
53 109
108 1
108 21
21 53
21 108
82 21
82 108
107 21
107 82
55 107
92 107
106 55
106 82
54 92
54 106
61 54
61 106
105 54
105 61
45 61
45 105
45 105
1 45
105 1
105 45
1 105
100 1
100 45
100 105
104 100
104 100
4 104
69 4
69 100
69 104
103 69
103 69
15 103
30 103
102 15
102 30
4 102
35 4
35 69
35 102
101 35
101 35
48 35
48 101
48 101
1 48
101 1
101 48
1 101
74 1
74 48
74 101
100 74
100 74
64 100
70 100
99 64
99 70
21 99
63 21
63 74
63 99
98 63
98 63
71 63
71 98
71 98
1 71
98 1
98 71
1 98
76 1
76 98
97 71
97 76
27 76
27 97
27 97
1 27
97 1
97 27
1 97
49 97
96 1
96 27
66 49
66 96
66 96
1 66
96 1
96 66
1 96
86 1
86 96
95 66
95 86
17 95
74 17
74 86
74 95
94 74
94 74
62 74
62 94
62 94
1 62
94 1
94 62
1 94
93 94
93 1
26 93
87 26
87 62
87 93
92 87
92 87
69 87
69 92
80 69
80 92
91 69
91 80
47 80
47 91
56 47
56 91
90 47
90 56
38 90
61 38
61 56
61 90
89 61
89 61
11 89
74 11
74 61
74 89
88 74
88 74
30 74
30 88
84 88
87 30
87 30
65 87
86 87
86 65
49 84
49 86
49 86
1 49
86 1
86 49
1 86
73 1
73 86
85 49
85 73
23 73
23 85
23 85
1 23
85 1
85 23
1 85
82 1
82 85
84 23
84 82
48 82
48 84
48 84
1 48
84 1
84 48
1 84
61 1
61 84
83 48
83 61
9 61
9 83
9 83
82 9
82 9
24 9
24 82
24 82
1 24
82 1
82 24
1 82
37 1
37 24
37 82
81 37
81 37
25 37
25 81
25 81
1 25
81 1
81 25
1 81
52 1
52 25
52 81
80 52
80 52
20 52
20 80
20 80
1 20
80 1
80 20
1 80
57 1
57 20
57 80
79 57
79 57
13 79
13 79
78 13
78 13
26 57
26 78
26 78
1 26
78 1
78 26
1 78
49 78
77 1
77 26
2 77
40 2
40 49
40 77
76 40
76 40
22 40
22 76
71 22
71 22
71 76
75 71
75 71
14 71
14 75
53 75
74 14
74 14
3 74
6 74
73 3
73 6
23 53
23 73
23 73
1 23
73 1
73 23
1 73
36 73
72 1
72 23
42 72
69 72
71 36
71 42
40 69
40 71
40 71
1 40
71 1
71 40
1 71
69 1
69 40
69 71
70 69
70 69
9 69
9 70
9 70
1 9
70 1
70 9
1 70
45 1
45 70
69 9
69 45
10 69
40 10
40 45
40 69
68 40
68 40
11 68
56 11
56 40
56 68
67 56
67 56
11 56
11 67
15 11
15 67
66 11
66 15
24 15
24 66
24 66
1 24
66 1
66 24
1 66
37 1
37 66
65 24
65 37
1 37
1 65
40 1
40 1
40 65
64 40
64 40
39 40
39 64
46 39
46 39
46 64
63 46
63 46
7 46
7 63
23 7
23 63
62 7
62 23
26 23
26 62
26 62
1 26
62 1
62 26
1 62
38 62
61 1
61 26
5 38
5 61
5 61
1 5
61 1
61 5
1 61
7 61
60 1
60 5
10 7
10 60
13 10
13 10
13 60
59 13
59 13
28 13
28 59
28 59
1 28
59 1
59 28
1 59
33 1
33 59
58 28
58 33
5 33
5 58
5 58
1 5
58 1
58 5
1 58
42 1
42 5
42 58
57 42
57 42
23 42
23 57
23 57
1 23
57 1
57 23
1 57
50 1
50 23
50 57
56 50
56 50
40 50
40 56
53 40
53 56
55 40
55 53
4 53
4 55
15 4
15 4
15 55
54 15
54 15
31 15
31 54
40 31
40 54
53 31
53 40
17 40
17 53
17 53
1 17
53 1
53 17
1 53
43 53
52 1
52 17
4 52
41 52
51 4
51 41
10 43
10 51
36 10
36 10
36 51
50 36
50 36
19 50
26 19
26 50
49 26
49 26
7 36
7 49
22 49
48 7
48 7
11 48
33 11
33 48
47 22
47 33
26 33
26 47
26 47
1 26
47 1
47 26
1 47
36 1
36 26
36 47
46 36
46 36
5 36
5 46
7 46
45 5
45 5
3 7
3 45
3 45
1 3
45 1
45 3
1 45
10 45
44 1
44 3
14 10
14 44
24 14
24 44
43 14
43 24
4 24
4 43
25 4
25 4
25 43
42 25
42 25
15 25
15 42
15 42
1 15
42 1
42 15
1 42
27 42
41 1
41 15
8 27
8 41
8 41
1 8
41 1
41 8
1 41
19 1
19 41
40 8
40 19
4 19
4 40
4 40
1 4
40 1
40 4
1 40
30 40
39 1
39 4
24 39
36 24
36 30
36 39
38 36
38 36
8 36
8 38
19 8
19 38
37 8
37 19
19 37
19 37
1 19
37 1
37 19
1 37
27 37
36 1
36 19
22 36
32 22
32 27
32 36
35 32
35 32
11 32
11 35
11 35
1 11
35 1
35 11
1 35
16 1
16 35
34 11
34 16
8 34
9 34
33 8
33 9
1 16
1 33
1 33
2 1
33 2
33 1
2 33
20 1
20 2
20 33
32 20
32 20
21 20
21 32
22 32
31 21
31 21
26 22
26 31
27 26
27 31
30 26
30 27
10 27
10 30
29 10
29 10
29 30
1 29
9 29
12 29
28 1
28 9
2 28
24 2
24 12
24 28
27 24
27 24
6 24
6 27
6 27
1 6
27 1
27 6
1 27
13 1
13 27
26 6
26 13
7 13
7 26
7 26
1 7
26 1
26 7
1 26
13 1
13 7
13 26
25 13
25 13
7 25
8 25
24 7
24 8
1 24
17 24
23 1
23 13
1 17
1 23
3 23
22 1
22 1
9 22
12 3
12 9
12 22
21 12
21 12
18 12
18 21
18 21
1 18
21 1
21 18
1 21
19 1
19 21
20 18
20 19
8 20
12 20
19 8
2 12
2 19
2 19
1 2
19 1
19 2
1 19
4 1
4 2
4 19
18 4
18 4
9 4
9 18
11 18
17 9
17 9
9 17
10 17
16 9
16 10
4 11
4 16
4 16
1 4
16 1
16 4
1 16
12 1
12 4
12 16
15 12
15 12
2 12
2 15
2 15
1 2
15 1
15 2
1 15
14 1
14 2
14 15
1 14
4 1
4 14
13 4
13 4
13 14
1 13
4 1
4 13
7 4
7 4
7 13
12 7
12 7
1 7
1 12
1 12
2 1
12 2
12 1
2 12
5 1
5 2
5 12
11 5
11 5
3 5
3 11
3 11
1 3
11 1
11 3
1 11
10 1
10 3
10 11
1 10
1 10
1 10
2 1
10 2
10 1
2 10
1 2
1 10
9 1
9 1
3 1
3 9
8 3
8 9
6 8
7 3
7 6
7 8
1 7
2 7
5 7
6 1
6 2
1 6
2 1
2 6
5 2
1 5
4 1
4 2
4 5
1 4
2 1
2 4
3 2
3 4
1 2
1 3
1 3
2 1
3 2
3 1
2 3
2 1
2 3
1 2
1 2
1 2
