7858
990 218
990 803
155 914
155 990
375 155
375 155
375 990
989 375
989 375
122 989
186 989
988 122
988 186
251 988
643 251
643 375
643 988
987 643
987 643
271 987
673 987
986 271
986 643
27 673
27 986
27 986
1 27
986 1
986 27
1 986
973 1
973 986
985 27
985 973
324 973
324 985
324 985
1 324
985 1
985 324
1 985
864 1
864 324
864 985
984 864
984 864
507 864
507 984
612 507
612 507
612 984
983 612
983 612
38 612
38 983
872 38
872 38
872 983
982 872
982 872
323 872
323 982
323 982
1 323
982 1
982 323
1 982
543 1
543 323
543 982
981 543
981 543
569 543
569 981
569 981
1 569
981 1
981 569
1 981
930 1
930 569
930 981
980 930
980 930
435 930
435 980
435 980
1 435
980 1
980 435
1 980
851 1
851 435
851 980
979 851
979 851
548 851
548 979
566 548
566 548
566 979
978 566
978 566
389 566
389 978
469 978
977 389
977 389
648 469
648 977
895 648
895 648
895 977
976 895
976 895
222 976
824 222
824 895
824 976
975 824
975 824
370 824
370 975
370 975
1 370
975 1
975 370
1 975
505 1
505 370
505 975
974 505
974 505
349 505
349 974
578 349
578 349
578 974
973 578
973 578
95 578
95 973
640 95
640 95
640 973
972 640
972 640
41 640
41 972
921 41
921 41
921 972
971 921
971 921
240 921
240 971
240 971
1 240
971 1
971 240
1 971
378 1
378 240
378 971
970 378
970 378
267 378
267 970
267 970
1 267
970 1
970 267
1 970
395 1
395 267
395 970
969 395
969 395
248 395
248 969
248 969
1 248
969 1
969 248
1 969
921 1
921 969
968 248
968 921
309 921
309 968
582 309
582 309
582 968
967 582
967 582
149 582
149 967
149 967
1 149
967 1
967 149
1 967
386 1
386 149
386 967
966 386
966 386
184 386
184 966
184 966
1 184
966 1
966 184
1 966
838 1
838 184
838 966
965 838
965 838
405 838
405 965
501 405
501 965
964 405
964 501
801 501
801 964
801 964
1 801
964 1
964 801
1 964
843 1
843 801
843 964
963 843
963 843
179 843
179 963
588 963
962 179
962 179
285 588
285 962
386 285
386 962
961 285
961 386
123 961
412 961
960 123
960 386
247 412
247 960
247 960
1 247
960 1
960 247
1 960
858 1
858 960
959 247
959 858
263 858
263 959
485 263
485 263
485 959
958 485
958 485
349 485
349 958
349 958
1 349
958 1
958 349
1 958
923 1
923 349
923 958
957 923
957 923
144 923
144 957
940 144
940 144
940 957
956 940
956 940
401 940
401 956
401 956
1 401
956 1
956 401
1 956
827 1
827 401
827 956
955 827
955 827
201 827
201 955
810 201
810 201
810 955
954 810
954 810
168 810
168 954
798 168
798 954
953 168
953 798
54 798
54 953
405 953
952 54
952 54
256 405
256 952
256 952
1 256
952 1
952 256
1 952
358 952
951 1
951 256
21 358
21 951
21 951
1 21
951 1
951 21
1 951
500 1
500 21
500 951
950 500
950 500
170 500
170 950
938 170
938 950
949 170
949 938
740 938
740 949
831 740
831 740
831 949
948 831
948 831
716 831
716 948
721 716
721 948
947 716
947 721
373 947
753 947
946 373
946 721
307 753
307 946
737 307
737 946
945 307
945 737
69 737
69 945
757 945
944 69
944 69
514 757
514 944
514 944
1 514
944 1
944 514
1 944
534 944
943 1
943 514
5 534
5 943
68 5
68 943
942 5
942 68
140 942
278 942
941 68
941 140
212 278
212 941
431 212
431 941
940 212
940 431
777 940
787 431
787 940
939 777
939 787
358 787
358 939
358 939
1 358
939 1
939 358
1 939
391 1
391 939
938 358
938 391
102 938
842 102
842 938
937 391
937 842
338 842
338 937
338 937
1 338
937 1
937 338
1 937
675 1
675 338
675 937
936 675
936 675
182 675
182 936
182 936
1 182
936 1
936 182
1 936
351 1
351 182
351 936
935 351
935 351
42 351
42 935
42 935
1 42
935 1
935 42
1 935
162 1
162 42
162 935
934 162
934 162
334 162
334 934
334 934
1 334
934 1
934 334
1 934
481 1
481 934
933 334
933 481
222 481
222 933
222 933
1 222
933 1
933 222
1 933
303 1
303 222
303 933
932 303
932 303
86 303
86 932
86 932
1 86
932 1
932 86
1 932
97 1
97 932
931 86
931 97
343 97
343 931
343 931
1 343
931 1
931 343
1 931
716 1
716 343
716 931
930 716
930 716
17 930
236 930
929 17
929 236
118 716
118 929
118 929
1 118
929 1
929 118
1 929
874 1
874 118
874 929
928 874
928 874
11 874
11 928
11 928
1 11
928 1
928 11
1 928
231 928
927 1
927 11
5 231
5 927
5 927
1 5
927 1
927 5
1 927
656 1
656 5
656 927
926 656
926 656
304 656
304 926
709 304
709 304
709 926
925 709
925 709
127 925
819 127
819 925
924 709
924 819
81 819
81 924
81 924
1 81
924 1
924 81
1 924
237 1
237 81
237 924
923 237
923 237
348 923
611 923
922 237
922 348
533 611
533 922
802 533
802 533
802 922
921 802
921 802
639 921
832 921
920 639
920 802
145 920
755 145
755 920
919 755
919 755
467 832
467 919
467 919
1 467
919 1
919 467
1 919
554 1
554 467
554 919
918 554
918 554
419 918
912 419
912 554
912 918
917 912
917 912
107 912
107 917
107 917
1 107
917 1
917 107
1 917
236 917
916 1
916 107
211 916
432 211
432 916
915 236
915 432
728 432
728 915
805 728
805 728
805 915
914 805
914 805
206 805
206 914
206 914
1 206
914 1
914 206
1 914
528 1
528 206
528 914
913 528
913 528
131 528
131 913
131 913
1 131
913 1
913 131
1 913
653 1
653 913
912 131
912 653
200 653
200 912
522 200
522 912
911 200
911 522
185 522
185 911
185 911
1 185
911 1
911 185
1 911
738 1
738 185
738 911
910 738
910 738
367 738
367 910
628 367
628 910
909 367
909 628
71 628
71 909
71 909
1 71
909 1
909 71
1 909
122 1
122 71
122 909
908 122
908 122
324 122
324 908
409 324
409 908
907 324
907 409
167 409
167 907
167 907
1 167
907 1
907 167
1 907
402 1
402 167
402 907
906 402
906 402
490 402
490 906
490 906
1 490
906 1
906 490
1 906
731 906
905 1
905 490
234 731
234 905
718 905
904 234
904 234
237 718
237 904
237 904
1 237
904 1
904 237
1 904
662 904
903 1
903 237
56 662
56 903
98 56
98 56
98 903
902 98
902 98
783 98
783 902
783 902
1 783
902 1
902 783
1 902
892 902
901 1
901 783
86 892
86 901
186 86
186 901
900 86
900 186
190 186
190 900
190 900
1 190
900 1
900 190
1 900
433 1
433 190
433 900
899 433
899 433
221 433
221 899
412 899
898 221
898 221
625 412
625 898
813 625
813 625
813 898
897 813
897 813
425 813
425 897
580 425
580 425
580 897
896 580
896 580
61 580
61 896
838 61
838 896
895 61
895 838
4 838
4 895
4 895
1 4
895 1
895 4
1 895
780 1
780 895
894 4
894 780
45 780
45 894
155 45
155 894
893 45
893 155
446 155
446 893
446 893
1 446
893 1
893 446
1 893
567 1
567 446
567 893
892 567
892 567
44 567
44 892
44 892
1 44
892 1
892 44
1 892
873 1
873 44
873 892
891 873
891 873
231 873
231 891
693 231
693 231
693 891
890 693
890 693
358 693
358 890
787 358
787 358
787 890
889 787
889 787
178 787
178 889
178 889
1 178
889 1
889 178
1 889
671 1
671 889
888 178
888 671
668 671
668 888
823 668
823 668
823 888
887 823
887 823
105 823
105 887
105 887
1 105
887 1
887 105
1 887
518 1
518 105
518 887
886 518
886 518
312 518
312 886
312 886
1 312
886 1
886 312
1 886
820 1
820 312
820 886
885 820
885 820
507 820
507 885
507 885
1 507
885 1
885 507
1 885
856 1
856 507
856 885
884 856
884 856
739 856
739 884
739 884
1 739
884 1
884 739
1 884
810 1
810 739
810 884
883 810
883 810
564 810
564 883
673 564
673 883
882 564
882 673
623 673
623 882
623 882
1 623
882 1
882 623
1 882
801 882
881 1
881 623
642 801
642 881
642 881
1 642
881 1
881 642
1 881
741 1
741 881
880 642
880 741
187 741
187 880
187 880
1 187
880 1
880 187
1 880
212 1
212 187
212 880
879 212
879 212
261 212
261 879
313 261
313 879
878 261
878 313
206 313
206 878
734 206
734 878
877 206
877 734
102 734
102 877
102 877
1 102
877 1
877 102
1 877
169 1
169 102
169 877
876 169
876 169
195 169
195 876
195 876
1 195
876 1
876 195
1 876
781 1
781 876
875 195
875 781
181 781
181 875
388 181
388 875
874 181
874 388
142 874
153 874
873 142
873 153
301 388
301 873
604 301
604 873
872 301
872 604
216 872
855 872
871 216
871 604
829 855
829 871
829 871
1 829
871 1
871 829
1 871
830 1
830 871
870 829
870 830
14 830
14 870
14 870
1 14
870 1
870 14
1 870
505 1
505 14
505 870
869 505
869 505
231 505
231 869
231 869
1 231
869 1
869 231
1 869
633 1
633 231
633 869
868 633
868 633
243 633
243 868
389 243
389 243
389 868
867 389
867 389
289 389
289 867
676 289
676 867
866 289
866 676
194 676
194 866
194 866
1 194
866 1
866 194
1 866
673 1
673 866
865 194
865 673
647 673
647 865
647 865
1 647
865 1
865 647
1 865
821 1
821 647
821 865
864 821
864 821
155 821
155 864
317 864
863 155
863 155
101 317
101 863
101 863
1 101
863 1
863 101
1 863
795 1
795 863
862 101
862 795
188 795
188 862
188 862
1 188
862 1
862 188
1 862
768 1
768 862
861 188
861 768
5 768
5 861
770 861
860 5
860 5
247 770
247 860
407 247
407 860
859 247
859 407
176 407
176 859
176 859
1 176
859 1
859 176
1 859
200 1
200 176
200 859
858 200
858 200
622 200
622 858
622 858
1 622
858 1
858 622
1 858
707 1
707 622
707 858
857 707
857 707
214 707
214 857
214 857
1 214
857 1
857 214
1 857
609 1
609 214
609 857
856 609
856 609
277 856
726 856
855 277
855 609
39 726
39 855
39 855
1 39
855 1
855 39
1 855
150 1
150 855
854 39
854 150
50 854
660 50
660 150
660 854
853 660
853 660
65 660
65 853
65 853
1 65
853 1
853 65
1 853
835 1
835 65
835 853
852 835
852 835
267 835
267 852
267 852
1 267
852 1
852 267
1 852
386 852
851 1
851 267
404 851
780 851
850 386
850 404
7 780
7 850
655 7
655 7
655 850
849 655
849 655
217 655
217 849
217 849
1 217
849 1
849 217
1 849
525 1
525 217
525 849
848 525
848 525
360 525
360 848
360 848
1 360
848 1
848 360
1 848
553 1
553 360
553 848
847 553
847 553
68 553
68 847
68 847
1 68
847 1
847 68
1 847
682 1
682 68
682 847
846 682
846 682
156 682
156 846
156 846
1 156
846 1
846 156
1 846
601 846
845 1
845 156
117 601
117 845
117 845
1 117
845 1
845 117
1 845
826 1
826 117
826 845
844 826
844 826
312 844
841 312
841 844
843 826
843 841
645 843
656 645
656 841
656 843
842 656
842 656
671 656
671 842
671 842
1 671
842 1
842 671
1 842
706 1
706 842
841 671
841 706
146 706
146 841
283 146
283 146
283 841
840 283
840 283
592 840
610 283
610 592
610 840
839 610
839 610
100 610
100 839
100 839
1 100
839 1
839 100
1 839
293 1
293 100
293 839
838 293
838 293
41 838
578 41
578 838
837 293
837 578
619 578
619 837
619 837
1 619
837 1
837 619
1 837
680 1
680 619
680 837
836 680
836 680
1 680
1 836
1 836
2 1
836 2
836 1
2 836
401 836
835 1
835 2
756 401
756 835
759 756
759 756
759 835
834 759
834 759
482 759
482 834
482 834
1 482
834 1
834 482
1 834
602 1
602 482
602 834
833 602
833 602
189 602
189 833
189 833
1 189
833 1
833 189
1 833
501 1
501 189
501 833
832 501
832 501
73 501
73 832
448 832
831 73
831 73
325 831
714 831
830 325
830 448
49 714
49 830
49 830
1 49
830 1
830 49
1 830
592 1
592 49
592 830
829 592
829 592
89 592
89 829
89 829
1 89
829 1
829 89
1 829
674 1
674 829
828 89
828 674
452 674
452 828
452 828
1 452
828 1
828 452
1 828
563 1
563 452
563 828
827 563
827 563
57 563
57 827
502 827
826 57
826 57
445 826
647 445
647 826
825 502
825 647
589 647
589 825
589 825
1 589
825 1
825 589
1 825
687 1
687 589
687 825
824 687
824 687
51 824
723 824
823 51
823 687
27 723
27 823
27 823
1 27
823 1
823 27
1 823
488 1
488 27
488 823
822 488
822 488
17 488
17 822
17 822
1 17
822 1
822 17
1 822
141 1
141 17
141 822
821 141
821 141
27 141
27 821
207 27
207 821
820 27
820 207
107 207
107 820
475 107
475 820
819 107
819 475
331 475
331 819
331 819
1 331
819 1
819 331
1 819
767 1
767 331
767 819
818 767
818 767
75 818
260 818
817 75
817 260
127 767
127 817
127 817
1 127
817 1
817 127
1 817
548 1
548 127
548 817
816 548
816 548
240 548
240 816
452 816
815 240
815 240
263 815
758 263
758 452
758 815
814 758
814 758
203 758
203 814
203 814
1 203
814 1
814 203
1 814
778 1
778 203
778 814
813 778
813 778
99 778
99 813
99 813
1 99
813 1
813 99
1 813
718 1
718 99
718 813
812 718
812 718
425 812
531 425
531 718
531 812
811 531
811 531
361 531
361 811
511 811
810 361
810 361
326 810
640 810
809 326
809 511
391 640
391 809
391 809
1 391
809 1
809 391
1 809
464 1
464 391
464 809
808 464
808 464
497 464
497 808
497 808
1 497
808 1
808 497
1 808
722 1
722 497
722 808
807 722
807 722
102 807
588 102
588 807
806 588
806 588
263 722
263 806
263 806
1 263
806 1
806 263
1 806
741 1
741 263
741 806
805 741
805 741
141 805
302 805
804 141
804 302
151 741
151 804
151 804
1 151
804 1
804 151
1 804
562 1
562 151
562 804
803 562
803 562
407 562
407 803
407 803
1 407
803 1
803 407
1 803
635 1
635 407
635 803
802 635
802 635
377 635
377 802
779 802
801 377
801 377
425 779
425 801
612 425
612 425
612 801
800 612
800 612
432 612
432 800
432 800
1 432
800 1
800 432
1 800
798 1
798 432
798 800
799 798
799 798
22 798
22 799
22 799
1 22
799 1
799 22
1 799
73 1
73 22
73 799
798 73
798 73
29 798
366 798
797 29
797 73
25 797
280 25
280 797
796 280
796 280
534 366
534 796
534 796
1 534
796 1
796 534
1 796
679 1
679 796
795 534
795 679
271 679
271 795
452 795
794 271
794 271
80 452
80 794
80 794
1 80
794 1
794 80
1 794
354 1
354 80
354 794
793 354
793 354
348 354
348 793
348 793
1 348
793 1
793 348
1 793
656 1
656 348
656 793
792 656
792 656
147 656
147 792
147 792
1 147
792 1
792 147
1 792
185 1
185 792
791 147
791 185
161 185
161 791
675 161
675 791
790 161
790 675
338 675
338 790
469 338
469 338
469 790
789 469
789 469
309 789
690 309
690 789
788 469
788 690
404 690
404 788
404 788
1 404
788 1
788 404
1 788
648 1
648 404
648 788
787 648
787 648
204 787
556 787
786 204
786 556
63 648
63 786
63 786
1 63
786 1
786 63
1 786
694 1
694 786
785 63
785 694
162 694
162 785
565 162
565 785
784 162
784 565
287 565
287 784
505 784
783 287
783 287
140 783
464 783
782 140
782 464
561 505
561 782
561 782
1 561
782 1
782 561
1 782
707 1
707 561
707 782
781 707
781 707
481 707
481 781
481 781
1 481
781 1
781 481
1 781
510 1
510 481
510 781
780 510
780 510
36 510
36 780
173 36
173 780
779 36
779 173
85 173
85 779
85 779
1 85
779 1
779 85
1 779
342 779
778 1
778 85
140 342
140 778
468 140
468 140
468 778
777 468
777 468
151 468
151 777
528 151
528 777
776 151
776 528
160 528
160 776
160 776
1 160
776 1
776 160
1 776
494 1
494 160
494 776
775 494
775 494
538 494
538 775
538 775
1 538
775 1
775 538
1 775
713 1
713 538
713 775
774 713
774 713
91 713
91 774
727 774
773 91
773 91
7 773
616 7
616 773
772 616
772 616
230 727
230 772
253 230
253 230
253 772
771 253
771 253
253 771
712 253
712 253
712 771
770 712
770 712
8 712
8 770
8 770
1 8
770 1
770 8
1 770
591 1
591 8
591 770
769 591
769 591
23 591
23 769
228 769
768 23
768 23
50 228
50 768
598 50
598 50
598 768
767 598
767 598
61 598
61 767
591 767
766 61
766 61
460 591
460 766
675 460
675 766
765 460
765 675
16 675
16 765
540 16
540 16
540 765
764 540
764 540
238 540
238 764
431 238
431 764
763 238
763 431
386 763
503 386
503 763
762 431
762 503
191 762
694 762
761 191
761 503
210 694
210 761
210 761
1 210
761 1
761 210
1 761
241 1
241 761
760 210
760 241
581 241
581 760
599 760
759 581
759 581
54 599
54 759
231 759
758 54
758 54
88 231
88 758
121 88
121 758
757 88
757 121
127 121
127 757
632 127
632 757
756 127
756 632
63 632
63 756
63 756
1 63
756 1
756 63
1 756
293 756
755 1
755 63
184 755
191 184
191 293
191 755
754 191
754 191
421 191
421 754
605 421
605 421
605 754
753 605
753 605
326 605
326 753
326 753
1 326
753 1
753 326
1 753
536 1
536 326
536 753
752 536
752 536
207 536
207 752
619 207
619 752
751 207
751 619
463 619
463 751
463 751
1 463
751 1
751 463
1 751
490 1
490 751
750 463
750 490
168 490
168 750
184 168
184 750
749 168
749 184
583 184
583 749
583 749
1 583
749 1
749 583
1 749
675 749
748 1
748 583
565 675
565 748
704 748
747 565
747 565
250 704
250 747
422 250
422 747
746 250
746 422
339 422
339 746
464 339
464 746
745 339
745 464
470 464
470 745
470 745
1 470
745 1
745 470
1 745
597 1
597 470
597 745
744 597
744 597
291 744
387 291
387 744
743 387
743 387
363 597
363 743
363 743
1 363
743 1
743 363
1 743
462 1
462 363
462 743
742 462
742 462
51 462
51 742
51 742
1 51
742 1
742 51
1 742
373 1
373 51
373 742
741 373
741 373
230 373
230 741
230 741
1 230
741 1
741 230
1 741
489 1
489 230
489 741
740 489
740 489
515 489
515 740
515 740
1 515
740 1
740 515
1 740
605 1
605 740
739 515
739 605
197 605
197 739
197 739
1 197
739 1
739 197
1 739
338 739
738 1
738 197
272 338
272 738
719 738
737 272
737 272
65 719
65 737
626 737
736 65
736 65
25 626
25 736
25 736
1 25
736 1
736 25
1 736
581 1
581 25
581 736
735 581
735 581
382 581
382 735
382 735
1 382
735 1
735 382
1 735
719 1
719 382
719 735
734 719
734 719
329 719
329 734
329 734
1 329
734 1
734 329
1 734
686 1
686 734
733 329
733 686
117 733
640 733
732 117
732 640
293 732
714 293
714 686
714 732
731 714
731 714
83 714
83 731
83 731
1 83
731 1
731 83
1 731
522 1
522 83
522 731
730 522
730 522
226 522
226 730
226 730
1 226
730 1
730 226
1 730
636 1
636 226
636 730
729 636
729 636
530 636
530 729
539 530
539 530
539 729
728 539
728 539
372 539
372 728
423 372
423 372
423 728
727 423
727 423
38 423
38 727
38 727
1 38
727 1
727 38
1 727
285 1
285 38
285 727
726 285
726 285
290 285
290 726
290 726
1 290
726 1
726 290
1 726
629 1
629 290
629 726
725 629
725 629
585 629
585 725
702 585
702 585
702 725
724 702
724 702
321 702
321 724
321 724
1 321
724 1
724 321
1 724
621 1
621 321
621 724
723 621
723 621
32 621
32 723
32 723
1 32
723 1
723 32
1 723
251 1
251 32
251 723
722 251
722 251
86 251
86 722
347 86
347 722
721 86
721 347
521 347
521 721
521 721
1 521
721 1
721 521
1 721
581 1
581 721
720 521
720 581
438 720
573 438
573 581
573 720
719 573
719 573
75 573
75 719
671 75
671 719
718 75
718 671
190 671
190 718
190 718
1 190
718 1
718 190
1 718
316 1
316 718
717 190
717 316
66 316
66 717
503 66
503 66
503 717
716 503
716 503
35 716
326 716
715 35
715 326
51 715
123 51
123 503
123 715
714 123
714 123
571 123
571 714
660 571
660 714
713 571
713 660
567 660
567 713
567 713
1 567
713 1
713 567
1 713
710 713
712 1
712 567
401 710
401 712
401 712
1 401
712 1
712 401
1 712
432 1
432 401
432 712
711 432
711 432
477 432
477 711
477 711
1 477
711 1
711 477
1 711
661 1
661 477
661 711
710 661
710 661
298 661
298 710
307 298
307 710
709 298
709 307
84 307
84 709
84 709
1 84
709 1
709 84
1 709
301 709
708 1
708 84
226 708
235 226
235 301
235 708
707 235
707 235
114 707
349 114
349 235
349 707
706 349
706 349
175 349
175 706
175 706
1 175
706 1
706 175
1 706
376 1
376 175
376 706
705 376
705 376
240 376
240 705
630 240
630 240
630 705
704 630
704 630
49 704
478 49
478 704
703 478
703 478
236 630
236 703
236 703
1 236
703 1
703 236
1 703
344 1
344 236
344 703
702 344
702 344
501 702
522 344
522 501
522 702
701 522
701 522
249 522
249 701
249 701
1 249
701 1
701 249
1 701
625 701
700 1
700 249
83 700
369 83
369 625
369 700
699 369
699 369
219 369
219 699
219 699
1 219
699 1
699 219
1 699
336 1
336 219
336 699
698 336
698 336
208 336
208 698
652 208
652 698
697 208
697 652
222 697
532 222
532 697
696 532
696 532
77 652
77 696
77 696
1 77
696 1
696 77
1 696
464 1
464 696
695 77
695 464
186 464
186 695
186 695
1 186
695 1
695 186
1 695
274 1
274 695
694 186
694 274
197 274
197 694
197 694
1 197
694 1
694 197
1 694
538 1
538 197
538 694
693 538
693 538
260 538
260 693
662 693
692 260
692 260
455 662
455 692
455 692
1 455
692 1
692 455
1 692
571 1
571 692
691 455
691 571
595 571
595 691
595 691
1 595
691 1
691 595
1 691
599 1
599 595
599 691
690 599
690 599
165 599
165 690
325 165
325 165
325 690
689 325
689 325
118 689
379 118
379 325
379 689
688 379
688 379
608 379
608 688
608 688
1 608
688 1
688 608
1 688
652 1
652 608
652 688
687 652
687 652
179 687
486 687
686 179
686 486
15 652
15 686
15 686
1 15
686 1
686 15
1 686
67 1
67 15
67 686
685 67
685 67
254 67
254 685
254 685
1 254
685 1
685 254
1 685
281 1
281 254
281 685
684 281
684 281
497 281
497 684
562 497
562 497
562 684
683 562
683 562
423 562
423 683
460 423
460 423
460 683
682 460
682 460
51 460
51 682
51 682
1 51
682 1
682 51
1 682
357 682
681 1
681 51
97 357
97 681
97 681
1 97
681 1
681 97
1 681
645 1
645 97
645 681
680 645
680 645
315 680
377 315
377 680
679 377
679 377
137 645
137 679
137 679
1 137
679 1
679 137
1 679
192 1
192 137
192 679
678 192
678 192
434 192
434 678
478 678
677 434
677 434
193 478
193 677
193 677
1 193
677 1
677 193
1 677
304 1
304 193
304 677
676 304
676 304
229 304
229 676
229 676
1 229
676 1
676 229
1 676
530 1
530 229
530 676
675 530
675 530
52 675
491 52
491 675
674 491
674 491
34 530
34 674
580 34
580 674
673 34
673 580
161 580
161 673
161 673
1 161
673 1
673 161
1 673
498 1
498 161
498 673
672 498
672 498
266 498
266 672
266 672
1 266
672 1
672 266
1 672
450 1
450 672
671 266
671 450
333 671
561 333
561 450
561 671
670 561
670 561
15 670
590 15
590 670
669 561
669 590
308 590
308 669
308 669
1 308
669 1
669 308
1 669
445 1
445 669
668 308
668 445
54 668
114 668
667 54
667 114
35 445
35 667
35 667
1 35
667 1
667 35
1 667
628 1
628 35
628 667
666 628
666 628
388 628
388 666
388 666
1 388
666 1
666 388
1 666
420 1
420 666
665 388
665 420
8 420
8 665
8 665
1 8
665 1
665 8
1 665
643 1
643 665
664 8
664 643
221 643
221 664
221 664
1 221
664 1
664 221
1 664
426 1
426 221
426 664
663 426
663 426
262 663
485 262
485 426
485 663
662 485
662 485
153 485
153 662
153 662
1 153
662 1
662 153
1 662
603 662
661 1
661 153
46 603
46 661
46 661
1 46
661 1
661 46
1 661
522 1
522 46
522 661
660 522
660 522
69 522
69 660
645 69
645 660
659 69
659 645
353 645
353 659
353 659
1 353
659 1
659 353
1 659
572 1
572 659
658 353
658 572
211 658
359 211
359 658
657 359
657 359
76 572
76 657
652 76
652 76
652 657
656 652
656 652
91 652
91 656
406 656
655 91
655 91
273 406
273 655
548 273
548 273
548 655
654 548
654 548
6 548
6 654
6 654
1 6
654 1
654 6
1 654
21 654
653 1
653 6
479 21
479 653
573 653
652 479
652 479
191 573
191 652
191 652
1 191
652 1
652 191
1 652
352 652
651 1
651 191
241 352
241 651
241 651
1 241
651 1
651 241
1 651
426 651
650 1
650 241
280 426
280 650
280 650
1 280
650 1
650 280
1 650
400 1
400 280
400 650
649 400
649 400
366 400
366 649
430 366
430 649
648 366
648 430
103 648
641 648
647 103
647 430
231 641
231 647
231 647
1 231
647 1
647 231
1 647
409 1
409 647
646 231
646 409
360 646
437 360
437 409
437 646
645 437
645 437
219 437
219 645
219 645
1 219
645 1
645 219
1 645
476 1
476 645
644 219
644 476
436 476
436 644
436 644
1 436
644 1
644 436
1 644
600 1
600 644
643 436
643 600
1 643
466 643
642 1
642 466
106 600
106 642
106 642
1 106
642 1
642 106
1 642
615 1
615 642
641 106
641 615
39 641
578 641
640 39
640 578
53 615
53 640
595 53
595 640
639 53
639 595
104 595
104 639
104 639
1 104
639 1
639 104
1 639
492 1
492 104
492 639
638 492
638 492
76 492
76 638
425 638
637 76
637 76
436 425
436 637
436 637
1 436
637 1
637 436
1 637
573 1
573 637
636 436
636 573
244 636
416 244
416 573
416 636
635 416
635 416
343 416
343 635
343 635
1 343
635 1
635 343
1 635
506 635
634 1
634 343
28 506
28 634
28 634
1 28
634 1
634 28
1 634
464 1
464 634
633 28
633 464
181 633
528 181
528 633
632 464
632 528
200 528
200 632
213 200
213 200
213 632
631 213
631 213
293 213
293 631
571 293
571 293
571 631
630 571
630 571
282 630
362 282
362 630
629 362
629 362
21 571
21 629
21 629
1 21
629 1
629 21
1 629
550 629
628 1
628 21
180 628
336 180
336 550
336 628
627 336
627 336
242 336
242 627
242 627
1 242
627 1
627 242
1 627
572 627
626 1
626 242
168 572
168 626
168 626
1 168
626 1
626 168
1 626
337 1
337 168
337 626
625 337
625 337
2 337
2 625
2 625
1 2
625 1
625 2
1 625
590 1
590 2
590 625
624 590
624 590
68 624
589 68
589 624
623 589
623 589
91 590
91 623
331 91
331 91
331 623
622 331
622 331
294 331
294 622
294 622
1 294
622 1
622 294
1 622
391 1
391 622
621 294
621 391
216 621
254 216
254 621
620 254
620 254
112 620
563 112
563 620
619 391
619 563
91 563
91 619
91 619
1 91
619 1
619 91
1 619
404 1
404 91
404 619
618 404
618 404
487 404
487 618
487 618
1 487
618 1
618 487
1 618
548 1
548 618
617 487
617 548
96 548
96 617
96 617
1 96
617 1
617 96
1 617
124 1
124 96
124 617
616 124
616 124
82 124
82 616
82 616
1 82
616 1
616 82
1 616
286 1
286 616
615 82
615 286
491 615
534 286
534 615
614 491
614 534
34 534
34 614
34 614
1 34
614 1
614 34
1 614
438 1
438 34
438 614
613 438
613 438
119 438
119 613
119 613
1 119
613 1
613 119
1 613
284 1
284 119
284 613
612 284
612 284
75 284
75 612
75 612
1 75
612 1
612 75
1 612
467 1
467 612
611 75
611 467
97 611
376 611
610 97
610 376
175 467
175 610
175 610
1 175
610 1
610 175
1 610
447 610
609 1
609 175
211 609
591 211
591 447
591 609
608 591
608 591
313 591
313 608
327 313
327 608
607 313
607 327
128 607
243 128
243 607
606 243
606 243
228 327
228 606
228 606
1 228
606 1
606 228
1 606
557 1
557 228
557 606
605 557
605 557
4 605
252 4
252 605
604 252
604 252
528 604
562 604
603 528
603 557
323 562
323 603
504 323
504 323
504 603
602 504
602 504
282 602
473 602
601 282
601 473
272 504
272 601
272 601
1 272
601 1
601 272
1 601
538 1
538 601
600 272
600 538
48 538
48 600
48 600
1 48
600 1
600 48
1 600
338 1
338 48
338 600
599 338
599 338
45 338
45 599
45 599
1 45
599 1
599 45
1 599
128 1
128 45
128 599
598 128
598 128
107 128
107 598
107 598
1 107
598 1
598 107
1 598
370 1
370 107
370 598
597 370
597 370
80 597
375 80
375 370
375 597
596 375
596 375
150 375
150 596
150 596
1 150
596 1
596 150
1 596
171 1
171 150
171 596
595 171
595 171
353 595
466 171
466 595
594 353
594 466
253 594
293 594
593 253
593 293
461 466
461 593
461 593
1 461
593 1
593 461
1 593
475 1
475 593
592 461
592 475
99 475
99 592
99 592
1 99
592 1
592 99
1 592
159 592
591 1
591 99
302 591
516 159
516 302
516 591
590 516
590 516
241 590
304 241
304 516
304 590
589 304
589 304
286 304
286 589
495 286
495 589
588 286
588 495
471 495
471 588
471 588
1 471
588 1
588 471
1 588
501 588
587 1
587 471
30 501
30 587
330 30
330 30
330 587
586 330
586 330
285 586
560 285
560 586
585 330
585 560
170 560
170 585
170 585
1 170
585 1
585 170
1 585
560 1
560 170
560 585
584 560
584 560
350 560
350 584
350 584
1 350
584 1
584 350
1 584
430 1
430 584
583 350
583 430
287 430
287 583
475 287
475 287
475 583
582 475
582 475
323 475
323 582
323 582
1 323
582 1
582 323
1 582
378 1
378 323
378 582
581 378
581 378
349 378
349 581
415 349
415 349
415 581
580 415
580 415
70 580
388 70
388 580
579 388
579 388
119 579
539 119
539 415
539 579
578 539
578 539
199 539
199 578
260 199
260 199
260 578
577 260
577 260
19 260
19 577
346 19
346 19
346 577
576 346
576 346
41 346
41 576
41 576
1 41
576 1
576 41
1 576
120 1
120 41
120 576
575 120
575 120
153 120
153 575
394 575
574 153
574 153
325 574
532 574
573 325
573 394
97 573
551 97
551 573
572 532
572 551
73 551
73 572
476 73
476 73
476 572
571 476
571 476
305 476
305 571
509 571
570 305
570 305
144 570
285 570
569 144
569 285
9 509
9 569
504 9
504 9
504 569
568 504
568 504
74 504
74 568
74 568
1 74
568 1
568 74
1 568
236 1
236 568
567 74
567 236
502 236
502 567
544 502
544 502
544 567
566 544
566 544
120 566
551 120
551 566
565 544
565 551
95 551
95 565
95 565
1 95
565 1
565 95
1 565
315 1
315 95
315 565
564 315
564 315
435 315
435 564
435 564
1 435
564 1
564 435
1 564
482 1
482 564
563 435
563 482
163 482
163 563
319 163
319 163
319 563
562 319
562 319
318 319
318 562
355 562
561 318
561 318
199 561
340 561
560 199
560 340
93 560
470 560
559 93
559 355
144 470
144 559
144 559
1 144
559 1
559 144
1 559
404 1
404 559
558 144
558 404
58 404
58 558
58 558
1 58
558 1
558 58
1 558
76 1
76 58
76 558
557 76
557 76
334 557
556 76
556 334
556 557
1 556
120 1
120 556
463 120
463 556
555 120
555 463
315 463
315 555
315 555
1 315
555 1
555 315
1 555
317 1
317 555
554 315
554 317
185 317
185 554
185 554
1 185
554 1
554 185
1 554
348 1
348 554
553 185
553 348
39 348
39 553
453 553
552 39
552 39
237 552
381 237
381 552
551 381
551 381
21 453
21 551
234 21
234 21
234 551
550 234
550 234
79 234
79 550
79 550
1 79
550 1
550 79
1 550
87 1
87 79
87 550
549 87
549 87
222 87
222 549
287 222
287 222
287 549
548 287
548 287
264 287
264 548
264 548
1 264
548 1
548 264
1 548
346 548
547 1
547 264
31 346
31 547
221 31
221 31
221 547
546 221
546 221
22 221
22 546
469 22
469 546
545 22
545 469
40 469
40 545
40 545
1 40
545 1
545 40
1 545
506 1
506 40
506 545
544 506
544 506
110 544
369 110
369 506
369 544
543 369
543 369
62 543
256 62
256 543
542 256
542 256
35 542
146 542
541 35
541 146
94 369
94 541
144 94
144 94
144 541
540 144
540 144
283 144
283 540
283 540
1 283
540 1
540 283
1 540
359 1
359 540
539 283
539 359
258 359
258 539
258 539
1 258
539 1
539 258
1 539
506 539
538 1
538 258
488 506
488 538
501 488
501 538
537 488
537 501
252 537
359 252
359 537
536 359
536 359
444 536
449 536
535 444
535 449
262 501
262 535
516 262
516 262
516 535
534 516
534 516
135 534
166 534
533 135
533 166
87 533
300 87
300 516
300 533
532 300
532 300
223 300
223 532
223 532
1 223
532 1
532 223
1 532
356 1
356 223
356 532
531 356
531 356
64 356
64 531
316 531
530 64
530 64
10 316
10 530
308 10
308 10
308 530
529 308
529 308
177 308
177 529
260 177
260 177
260 529
528 260
528 260
275 528
470 260
470 275
470 528
527 470
527 470
40 527
521 40
521 527
526 470
526 521
133 526
139 133
139 526
525 139
525 139
23 525
46 23
46 521
46 525
524 46
524 46
453 46
453 524
458 453
458 453
458 524
523 458
523 458
255 523
397 255
397 458
397 523
522 397
522 397
108 397
108 522
280 108
280 522
521 108
521 280
160 280
160 521
160 521
1 160
521 1
521 160
1 521
492 1
492 160
492 521
520 492
520 492
414 492
414 520
414 520
1 414
520 1
520 414
1 520
477 1
477 520
519 414
519 477
108 477
108 519
108 519
1 108
519 1
519 108
1 519
266 519
518 1
518 108
156 266
156 518
221 156
221 518
517 156
517 221
121 221
121 517
121 517
1 121
517 1
517 121
1 517
269 1
269 121
269 517
516 269
516 269
312 269
312 516
312 516
1 312
516 1
516 312
1 516
372 1
372 516
515 312
515 372
58 515
277 515
514 58
514 277
120 372
120 514
233 514
513 120
513 120
48 233
48 513
48 513
1 48
513 1
513 48
1 513
240 1
240 513
512 48
512 240
204 240
204 512
204 512
1 204
512 1
512 204
1 512
351 512
511 1
511 204
108 511
276 108
276 351
276 511
510 276
510 276
92 276
92 510
193 510
509 92
509 92
55 193
55 509
55 509
1 55
509 1
509 55
1 509
408 1
408 509
508 55
508 408
191 408
191 508
411 191
411 191
411 508
507 411
507 411
349 411
349 507
488 349
488 349
488 507
506 488
506 488
332 506
336 506
505 332
505 336
32 488
32 505
163 505
504 32
504 32
325 504
376 163
376 325
376 504
503 376
503 376
277 503
303 277
303 376
303 503
502 303
502 303
143 303
143 502
143 502
1 143
502 1
502 143
1 502
352 1
352 502
501 143
501 352
10 501
60 10
60 501
500 60
500 60
406 500
483 500
499 352
499 406
176 483
176 499
282 176
282 499
498 176
498 282
8 498
86 8
86 498
497 86
497 86
24 497
76 24
76 497
496 76
496 76
96 282
96 496
96 496
1 96
496 1
496 96
1 496
447 1
447 96
447 496
495 447
495 447
239 447
239 495
239 495
1 239
495 1
495 239
1 495
434 1
434 239
434 495
494 434
494 434
254 494
384 254
384 494
493 384
493 384
15 434
15 493
15 493
1 15
493 1
493 15
1 493
319 1
319 15
319 493
492 319
492 319
240 492
278 492
491 240
491 278
26 319
26 491
26 491
1 26
491 1
491 26
1 491
405 1
405 491
490 26
490 405
268 490
429 490
489 268
489 405
77 429
77 489
135 77
135 77
135 489
488 135
488 135
100 135
100 488
100 488
1 100
488 1
488 100
1 488
254 488
487 1
487 100
184 254
184 487
184 487
1 184
487 1
487 184
1 487
378 487
486 1
486 184
224 378
224 486
224 486
1 224
486 1
486 224
1 486
381 1
381 486
485 224
485 381
59 485
294 485
484 59
484 294
86 381
86 484
86 484
1 86
484 1
484 86
1 484
428 1
428 86
428 484
483 428
483 428
145 428
145 483
145 483
1 145
483 1
483 145
1 483
166 1
166 145
166 483
482 166
482 166
337 482
464 482
481 166
481 337
71 464
71 481
71 481
1 71
481 1
481 71
1 481
300 1
300 481
480 71
480 300
33 300
33 480
33 480
1 33
480 1
480 33
1 480
199 1
199 33
199 480
479 199
479 199
197 199
197 479
197 479
1 197
479 1
479 197
1 479
473 479
478 1
478 197
363 478
417 363
417 473
417 478
477 417
477 417
179 417
179 477
419 477
476 179
476 179
172 419
172 476
210 476
475 172
475 172
277 210
277 475
393 475
474 277
474 277
160 474
251 160
251 393
251 474
473 251
473 251
320 251
320 473
320 473
1 320
473 1
473 320
1 473
418 1
418 320
418 473
472 418
472 418
109 418
109 472
115 109
115 472
471 109
471 115
104 115
104 471
104 471
1 104
471 1
471 104
1 471
346 471
470 1
470 104
237 346
237 470
237 470
1 237
470 1
470 237
1 470
384 470
469 1
469 237
68 384
68 469
68 469
1 68
469 1
469 68
1 469
315 1
315 68
315 469
468 315
468 315
154 468
186 154
186 315
186 468
467 186
467 186
33 186
33 467
33 467
1 33
467 1
467 33
1 467
253 1
253 33
253 467
466 253
466 253
136 253
136 466
235 136
235 466
465 136
465 235
295 235
295 465
295 465
1 295
465 1
465 295
1 465
336 1
336 465
464 295
464 336
191 336
191 464
191 464
1 191
464 1
464 191
1 464
311 1
311 464
463 191
463 311
335 311
335 463
335 463
1 335
463 1
463 335
1 463
348 1
348 335
348 463
462 348
462 348
91 462
203 462
461 91
461 203
270 348
270 461
270 461
1 270
461 1
461 270
1 461
329 1
329 270
329 461
460 329
460 329
179 329
179 460
272 179
272 179
272 460
459 272
459 272
234 272
234 459
234 459
1 234
459 1
459 234
1 459
292 1
292 234
292 459
458 292
458 292
55 458
97 55
97 458
457 97
457 97
203 457
203 457
456 203
456 203
135 456
151 135
151 292
151 456
455 151
455 151
5 151
5 455
5 455
1 5
455 1
455 5
1 455
38 1
38 5
38 455
454 38
454 38
35 38
35 454
407 454
453 35
453 35
37 407
37 453
37 453
1 37
453 1
453 37
1 453
126 1
126 37
126 453
452 126
452 126
3 452
185 3
185 126
185 452
451 185
451 185
250 185
250 451
250 451
1 250
451 1
451 250
1 451
440 1
440 451
450 250
450 440
37 440
37 450
37 450
1 37
450 1
450 37
1 450
375 1
375 450
449 37
449 375
50 449
260 449
448 50
448 260
201 375
201 448
201 448
1 201
448 1
448 201
1 448
244 1
244 201
244 448
447 244
447 244
79 447
333 447
446 79
446 244
437 446
443 446
445 333
445 437
29 443
29 445
388 29
388 29
388 445
444 388
444 388
23 444
292 23
292 388
292 444
443 292
443 292
65 292
65 443
65 443
1 65
443 1
443 65
1 443
249 443
442 1
442 65
19 249
19 442
19 442
1 19
442 1
442 19
1 442
115 1
115 19
115 442
441 115
441 115
79 115
79 441
79 441
1 79
441 1
441 79
1 441
151 1
151 441
440 79
440 151
291 151
291 440
291 440
1 291
440 1
440 291
1 440
427 1
427 291
427 440
439 427
439 427
251 427
251 439
251 439
1 251
439 1
439 251
1 439
394 1
394 439
438 251
438 394
95 394
95 438
368 438
437 95
437 95
241 368
241 437
241 437
1 241
437 1
437 241
1 437
338 1
338 241
338 437
436 338
436 338
48 338
48 436
48 436
1 48
436 1
436 48
1 436
105 1
105 48
105 436
435 105
435 105
264 105
264 435
339 435
434 264
434 264
37 339
37 434
388 37
388 37
388 434
433 388
433 388
78 388
78 433
216 78
216 433
432 78
432 216
314 216
314 432
314 432
1 314
432 1
432 314
1 432
414 1
414 314
414 432
431 414
431 414
189 431
406 189
406 414
406 431
430 406
430 406
140 406
140 430
140 430
1 140
430 1
430 140
1 430
268 1
268 140
268 430
429 268
429 268
154 268
154 429
154 429
1 154
429 1
429 154
1 429
361 1
361 429
428 154
428 361
303 361
303 428
308 303
308 303
308 428
427 308
427 308
299 308
299 427
299 427
1 299
427 1
427 299
1 427
300 427
426 1
426 299
63 300
63 426
63 426
1 63
426 1
426 63
1 426
257 426
425 1
425 63
271 257
271 425
271 425
1 271
425 1
425 271
1 425
381 425
424 1
424 271
157 381
157 424
157 424
1 157
424 1
424 157
1 424
393 1
393 157
393 424
423 393
423 393
86 393
86 423
86 423
1 86
423 1
423 86
1 423
287 423
422 1
422 86
179 287
179 422
179 422
1 179
422 1
422 179
1 422
294 422
421 1
421 179
336 294
336 421
348 336
348 421
420 336
420 348
13 348
13 420
13 420
1 13
420 1
420 13
1 420
371 1
371 13
371 420
419 371
419 371
34 419
282 34
282 371
282 419
418 282
418 282
326 282
326 418
344 326
344 418
417 326
417 344
253 417
311 253
311 417
416 311
416 311
65 344
65 416
65 416
1 65
416 1
416 65
1 416
251 1
251 65
251 416
415 251
415 251
322 251
322 415
382 415
414 322
414 322
169 382
169 414
169 414
1 169
414 1
414 169
1 414
232 1
232 414
413 169
413 232
144 232
144 413
144 413
1 144
413 1
413 144
1 413
223 1
223 413
412 144
412 223
137 223
137 412
327 137
327 137
327 412
411 327
411 327
182 327
182 411
275 182
275 182
275 411
410 275
410 275
55 275
55 410
55 410
1 55
410 1
410 55
1 410
277 1
277 55
277 410
409 277
409 277
2 277
2 409
316 2
316 2
316 409
408 316
408 316
309 316
309 408
309 408
1 309
408 1
408 309
1 408
384 1
384 309
384 408
407 384
407 384
20 407
391 20
391 384
391 407
406 391
406 391
279 406
328 279
328 406
405 328
405 328
72 391
72 405
72 405
1 72
405 1
405 72
1 405
238 1
238 72
238 405
404 238
404 238
200 238
200 404
200 404
1 200
404 1
404 200
1 404
259 1
259 404
403 200
403 259
102 259
102 403
155 102
155 102
155 403
402 155
402 155
78 402
266 78
266 402
401 155
401 266
166 401
287 401
400 166
400 266
4 400
353 400
399 4
399 287
232 353
232 399
312 232
312 399
398 232
398 312
12 312
12 398
125 12
125 12
125 398
397 125
397 125
197 125
197 397
204 397
396 197
396 197
261 204
261 396
261 396
1 261
396 1
396 261
1 396
284 1
284 396
395 261
395 284
34 284
34 395
34 395
1 34
395 1
395 34
1 395
101 1
101 34
101 395
394 101
394 101
278 101
278 394
280 394
393 278
393 278
262 280
262 393
357 262
357 262
357 393
392 357
392 357
114 357
114 392
114 392
1 114
392 1
392 114
1 392
359 1
359 114
359 392
391 359
391 359
18 359
18 391
147 18
147 18
147 391
390 147
390 147
65 147
65 390
346 65
346 390
389 65
389 346
19 346
19 389
200 19
200 19
200 389
388 200
388 200
131 200
131 388
131 388
1 131
388 1
388 131
1 388
193 388
387 1
387 131
60 193
60 387
60 387
1 60
387 1
387 60
1 387
146 1
146 387
386 60
386 146
76 146
76 386
76 386
1 76
386 1
386 76
1 386
134 1
134 76
134 386
385 134
385 134
238 134
238 385
349 385
384 238
384 238
58 349
58 384
58 384
1 58
384 1
384 58
1 384
308 384
383 1
383 58
121 308
121 383
260 383
382 121
382 121
129 382
209 129
209 260
209 382
381 209
381 209
66 209
66 381
148 66
148 381
380 66
380 148
110 148
110 380
110 380
1 110
380 1
380 110
1 380
321 1
321 380
379 110
379 321
67 321
67 379
67 379
1 67
379 1
379 67
1 379
281 1
281 67
281 379
378 281
378 281
233 378
298 233
298 281
298 378
377 298
377 298
114 298
114 377
114 377
1 114
377 1
377 114
1 377
242 1
242 114
242 377
376 242
376 242
199 376
238 199
238 242
238 376
375 238
375 238
100 375
334 100
334 238
334 375
374 334
374 334
119 334
119 374
136 119
136 374
373 119
373 136
96 373
267 96
267 136
267 373
372 267
372 267
152 267
152 372
152 372
1 152
372 1
372 152
1 372
243 1
243 152
243 372
371 243
371 243
47 371
215 47
215 371
370 215
370 215
260 243
260 370
260 370
1 260
370 1
370 260
1 370
298 1
298 370
369 260
369 298
26 369
66 26
66 369
368 66
368 66
51 368
203 51
203 368
367 203
367 203
165 298
165 367
165 367
1 165
367 1
367 165
1 367
348 367
366 1
366 165
141 348
141 366
287 366
365 141
365 141
150 287
150 365
150 365
1 150
365 1
365 150
1 365
343 1
343 150
343 365
364 343
364 343
213 343
213 364
213 364
1 213
364 1
364 213
1 364
232 1
232 213
232 364
363 232
363 232
10 232
10 363
97 10
97 10
97 363
362 97
362 97
38 362
156 38
156 97
156 362
361 156
361 156
275 156
275 361
341 275
341 275
341 361
360 341
360 341
314 360
325 314
325 360
359 325
359 325
113 359
231 113
231 341
231 359
358 231
358 231
38 231
38 358
38 358
1 38
358 1
358 38
1 358
47 358
357 1
357 38
102 47
102 357
102 357
1 102
357 1
357 102
1 357
351 1
351 102
351 357
356 351
356 351
52 351
52 356
316 52
316 52
316 356
355 316
355 316
213 316
213 355
289 213
289 213
289 355
354 289
354 289
266 354
310 354
353 266
353 289
141 310
141 353
203 353
352 141
352 141
255 203
255 352
255 352
1 255
352 1
352 255
1 352
313 1
313 255
313 352
351 313
351 313
230 313
230 351
261 230
261 230
261 351
350 261
350 261
137 261
137 350
137 350
1 137
350 1
350 137
1 350
140 350
349 1
349 137
113 140
113 349
138 349
348 113
348 113
59 138
59 348
65 59
65 348
347 59
347 65
100 347
174 65
174 347
346 100
346 174
88 174
88 346
210 346
345 88
345 88
86 345
274 86
274 345
344 210
344 274
205 344
310 205
310 344
343 274
343 310
88 310
88 343
337 88
337 343
342 88
342 337
23 337
23 342
23 342
1 23
342 1
342 23
1 342
112 1
112 23
112 342
341 112
341 112
241 341
328 112
328 241
328 341
340 328
340 328
266 328
266 340
290 266
290 340
339 266
339 290
150 290
150 339
274 150
274 150
274 339
338 274
338 274
39 274
39 338
39 338
1 39
338 1
338 39
1 338
276 1
276 338
337 39
337 276
30 337
273 30
273 337
336 273
336 273
115 276
115 336
167 115
167 115
167 336
335 167
335 167
265 167
265 335
269 335
334 265
334 265
201 269
201 334
274 201
274 201
274 334
333 274
333 274
216 274
216 333
216 333
1 216
333 1
333 216
1 333
321 1
321 333
332 216
332 321
257 321
257 332
257 332
1 257
332 1
332 257
1 332
262 1
262 257
262 332
331 262
331 262
110 262
110 331
295 331
330 110
330 110
85 330
291 85
291 295
291 330
329 291
329 291
127 291
127 329
243 127
243 329
328 127
328 243
190 328
212 328
327 190
327 212
192 243
192 327
308 192
308 327
326 192
326 308
107 326
143 326
325 107
325 143
76 308
76 325
126 76
126 76
126 325
324 126
324 126
225 324
318 324
323 126
323 225
78 318
78 323
172 323
322 78
322 78
24 172
24 322
24 322
1 24
322 1
322 24
1 322
177 1
177 24
177 322
321 177
321 177
139 177
139 321
140 139
140 321
320 139
320 140
203 140
203 320
203 320
1 203
320 1
320 203
1 320
258 320
319 1
319 203
186 319
198 186
198 319
318 198
318 198
86 258
86 318
86 318
1 86
318 1
318 86
1 318
282 1
282 318
317 86
317 282
5 317
257 317
316 5
316 257
136 282
136 316
211 136
211 316
315 136
315 211
55 315
224 315
314 55
314 211
76 224
76 314
76 314
1 76
314 1
314 76
1 314
152 1
152 314
313 76
313 152
26 152
26 313
26 313
1 26
313 1
313 26
1 313
281 1
281 26
281 313
312 281
312 281
22 281
22 312
260 22
260 312
311 22
311 260
81 311
225 81
225 260
225 311
310 225
310 225
3 225
3 310
3 310
1 3
310 1
310 3
1 310
73 1
73 3
73 310
309 73
309 73
177 309
262 309
308 73
308 177
38 262
38 308
38 308
1 38
308 1
308 38
1 308
85 1
85 38
85 308
307 85
307 85
7 85
7 307
7 307
1 7
307 1
307 7
1 307
277 1
277 307
306 7
306 277
182 277
182 306
182 306
1 182
306 1
306 182
1 306
304 306
305 1
305 182
243 304
243 305
291 243
291 305
304 243
304 291
148 291
148 304
148 304
1 148
304 1
304 148
1 304
242 1
242 148
242 304
303 242
303 242
57 242
57 303
231 57
231 57
231 303
302 231
302 231
141 231
141 302
150 141
150 141
150 302
301 150
301 150
23 150
23 301
23 301
1 23
301 1
301 23
1 301
217 301
300 1
300 23
202 300
277 202
277 300
299 217
299 277
139 299
268 139
268 277
268 299
298 268
298 268
162 268
162 298
201 162
201 162
201 298
297 201
297 201
278 297
295 201
295 297
296 278
296 295
108 295
108 296
108 296
1 108
296 1
296 108
1 296
184 1
184 296
295 108
295 184
37 184
37 295
37 295
1 37
295 1
295 37
1 295
240 1
240 37
240 295
294 240
294 240
16 240
16 294
75 294
293 16
293 16
40 75
40 293
40 293
1 40
293 1
293 40
1 293
165 1
165 293
292 40
292 165
90 165
90 292
153 90
153 292
291 90
291 153
165 153
165 291
165 291
1 165
291 1
291 165
1 291
266 291
290 1
290 165
18 266
18 290
95 18
95 290
289 18
289 95
271 95
271 289
281 289
288 271
288 271
26 281
26 288
26 288
1 26
288 1
288 26
1 288
194 1
194 288
287 26
287 194
38 287
277 287
286 38
286 194
128 277
128 286
128 286
1 128
286 1
286 128
1 286
191 286
285 1
285 128
3 191
3 285
101 3
101 3
101 285
284 101
284 101
64 284
94 64
94 101
94 284
283 94
283 94
129 283
206 94
206 129
206 283
282 206
282 206
117 282
174 282
281 117
281 174
87 206
87 281
87 281
1 87
281 1
281 87
1 281
140 1
140 281
280 87
280 140
3 140
3 280
54 3
54 280
279 3
279 54
37 54
37 279
37 279
1 37
279 1
279 37
1 279
58 1
58 37
58 279
278 58
278 58
69 58
69 278
69 278
1 69
278 1
278 69
1 278
196 1
196 69
196 278
277 196
277 196
9 196
9 277
9 277
1 9
277 1
277 9
1 277
146 1
146 9
146 277
276 146
276 146
63 146
63 276
240 63
240 63
240 276
275 240
275 240
98 240
98 275
98 275
1 98
275 1
275 98
1 275
191 275
274 1
274 98
27 191
27 274
27 274
1 27
274 1
274 27
1 274
185 1
185 27
185 274
273 185
273 185
47 273
247 273
272 47
272 185
34 247
34 272
34 272
1 34
272 1
272 34
1 272
141 272
271 1
271 34
100 271
143 100
143 141
143 271
270 143
270 143
178 143
178 270
260 178
260 178
260 270
269 260
269 260
57 260
57 269
57 269
1 57
269 1
269 57
1 269
115 269
268 1
268 57
18 115
18 268
18 268
1 18
268 1
268 18
1 268
168 268
267 1
267 18
104 168
104 267
104 267
1 104
267 1
267 104
1 267
130 267
266 1
266 104
80 266
123 266
265 80
265 123
38 130
38 265
121 265
264 38
264 38
85 264
218 264
263 85
263 121
56 263
137 56
137 263
262 137
262 137
144 218
144 262
144 262
1 144
262 1
262 144
1 262
164 262
261 1
261 144
56 164
56 261
80 56
80 261
260 56
260 80
5 80
5 260
162 5
162 260
259 5
259 162
118 162
118 259
141 118
141 118
141 259
258 141
258 141
204 141
204 258
204 258
1 204
258 1
258 204
1 258
215 1
215 258
257 204
257 215
5 215
5 257
5 257
1 5
257 1
257 5
1 257
52 1
52 257
256 5
256 52
36 256
154 36
154 52
154 256
255 154
255 154
28 154
28 255
28 255
1 28
255 1
255 28
1 255
47 1
47 255
254 28
254 47
178 47
178 254
210 178
210 254
253 178
253 210
36 253
166 36
166 210
166 253
252 166
252 166
77 166
77 252
111 77
111 77
111 252
251 111
251 111
134 111
134 251
134 251
1 134
251 1
251 134
1 251
176 251
250 1
250 134
91 176
91 250
91 250
1 91
250 1
250 91
1 250
100 1
100 250
249 91
249 100
39 100
39 249
69 39
69 249
248 39
248 69
20 69
20 248
20 248
1 20
248 1
248 20
1 248
73 1
73 248
247 20
247 73
67 73
67 247
67 247
1 67
247 1
247 67
1 247
77 247
246 1
246 67
37 246
50 37
50 246
245 50
245 50
17 245
48 245
244 17
244 48
15 244
207 244
243 15
243 77
74 207
74 243
199 74
199 74
199 243
242 199
242 199
158 242
202 158
202 242
241 199
241 202
143 241
210 143
210 241
240 202
240 210
2 240
216 2
216 210
216 240
239 216
239 216
153 216
153 239
153 239
1 153
239 1
239 153
1 239
214 1
214 239
238 153
238 214
151 214
151 238
151 238
1 151
238 1
238 151
1 238
167 1
167 151
167 238
237 167
237 167
121 167
121 237
224 237
236 121
236 121
213 224
213 236
221 236
235 213
235 213
151 235
199 235
234 151
234 199
163 221
163 234
206 163
206 234
233 163
233 206
153 206
153 233
153 233
1 153
233 1
233 153
1 233
211 1
211 233
232 153
232 211
127 232
142 232
231 127
231 142
120 211
120 231
170 231
230 120
230 120
176 170
176 230
202 230
229 176
229 176
101 202
101 229
101 229
1 101
229 1
229 101
1 229
154 1
154 229
228 101
228 154
69 228
119 69
119 154
119 228
227 119
227 119
118 227
202 118
202 119
202 227
226 202
226 202
2 226
16 226
225 2
225 16
83 202
83 225
121 225
224 83
224 83
135 121
135 224
191 224
223 135
223 135
135 191
135 223
213 223
222 135
222 135
93 213
93 222
93 222
1 93
222 1
222 93
1 222
143 1
143 93
143 222
221 143
221 143
212 221
213 221
220 143
220 212
108 213
108 220
199 220
219 108
219 108
55 199
55 219
153 55
153 55
153 219
218 153
218 153
170 153
170 218
170 218
1 170
218 1
218 170
1 218
189 218
217 1
217 170
46 189
46 217
46 217
1 46
217 1
217 46
1 217
94 1
94 46
94 217
216 94
216 94
19 216
180 216
215 19
215 94
108 180
108 215
108 215
1 108
215 1
215 108
1 215
132 1
132 215
214 108
214 132
107 214
197 107
197 214
213 132
213 197
121 197
121 213
193 121
193 121
193 213
212 193
212 193
2 212
70 212
211 2
211 70
96 193
96 211
118 96
118 211
210 96
210 118
100 118
100 210
157 100
157 100
157 210
209 157
209 157
71 209
122 71
122 157
122 209
208 122
208 122
141 122
141 208
147 208
207 141
207 141
13 147
13 207
13 207
1 13
207 1
207 13
1 207
159 1
159 13
159 207
206 159
206 159
123 159
123 206
138 123
138 123
138 206
205 138
205 138
38 138
38 205
147 205
204 38
204 38
78 147
78 204
101 78
101 78
101 204
203 101
203 101
93 101
93 203
175 93
175 93
175 203
202 175
202 175
43 175
43 202
128 43
128 202
201 43
201 128
35 201
149 35
149 128
149 201
200 149
200 149
122 200
137 122
137 149
137 200
199 137
199 137
25 137
25 199
25 199
1 25
199 1
199 25
1 199
148 1
148 199
198 25
198 148
57 198
190 198
197 57
197 148
124 190
124 197
124 197
1 124
197 1
197 124
1 197
125 1
125 124
125 197
196 125
196 125
58 196
73 58
73 125
73 196
195 73
195 73
37 195
98 37
98 195
194 73
194 98
47 194
140 47
140 98
140 194
193 140
193 140
121 193
161 121
161 140
161 193
192 161
192 161
26 161
26 192
26 192
1 26
192 1
192 26
1 192
106 1
106 192
191 26
191 106
80 106
80 191
178 80
178 191
190 80
190 178
45 190
167 45
167 190
189 167
189 167
9 178
9 189
9 189
1 9
189 1
189 9
1 189
66 1
66 189
188 9
188 66
48 66
48 188
121 48
121 48
121 188
187 121
187 121
156 121
156 187
156 187
1 156
187 1
187 156
1 187
165 1
165 156
165 187
186 165
186 165
5 186
112 5
112 165
112 186
185 112
185 112
80 112
80 185
80 185
1 80
185 1
185 80
1 185
97 1
97 185
184 80
184 97
27 97
27 184
129 184
183 27
183 27
56 129
56 183
56 183
1 56
183 1
183 56
1 183
88 1
88 183
182 56
182 88
15 88
15 182
15 182
1 15
182 1
182 15
1 182
92 182
181 1
181 15
16 92
16 181
16 181
1 16
181 1
181 16
1 181
116 1
116 16
116 181
180 116
180 116
65 116
65 180
81 180
179 65
179 65
33 81
33 179
33 179
1 33
179 1
179 33
1 179
129 1
129 179
178 33
178 129
18 129
18 178
18 178
1 18
178 1
178 18
1 178
158 1
158 178
177 18
177 158
100 158
100 177
100 177
1 100
177 1
177 100
1 177
102 1
102 100
102 177
176 102
176 102
2 102
2 176
173 2
173 176
175 2
175 173
134 175
155 134
155 173
155 175
174 155
174 155
84 155
84 174
131 174
173 84
173 84
43 173
102 43
102 131
102 173
172 102
172 102
62 102
62 172
62 172
1 62
172 1
172 62
1 172
104 172
171 1
171 62
111 104
111 171
111 171
1 111
171 1
171 111
1 171
170 1
170 111
170 171
1 170
14 1
14 170
14 170
1 14
170 1
170 14
1 170
48 1
48 14
48 170
169 48
169 48
37 48
37 169
37 169
1 37
169 1
169 37
1 169
56 169
168 1
168 37
1 56
1 168
102 1
102 168
167 1
167 102
103 102
103 167
103 167
1 103
167 1
167 103
1 167
105 1
105 103
105 167
166 105
166 105
75 105
75 166
75 166
1 75
166 1
166 75
1 166
94 1
94 75
94 166
165 94
165 94
29 165
81 29
81 94
81 165
164 81
164 81
39 81
39 164
114 164
163 39
163 39
84 163
100 84
100 163
162 100
162 100
68 114
68 162
68 162
1 68
162 1
162 68
1 162
150 1
150 162
161 68
161 150
52 161
152 161
160 52
160 150
63 152
63 160
69 160
159 63
159 63
54 69
54 159
54 159
1 54
159 1
159 54
1 159
61 1
61 54
61 159
158 61
158 61
7 61
7 158
7 158
1 7
158 1
158 7
1 158
64 1
64 7
64 158
157 64
157 64
22 64
22 157
22 157
1 22
157 1
157 22
1 157
73 1
73 157
156 22
156 73
127 73
127 156
127 156
1 127
156 1
156 127
1 156
147 1
147 127
147 156
155 147
155 147
57 155
95 57
95 147
95 155
154 95
154 95
60 154
86 154
153 60
153 86
7 95
7 153
36 7
36 153
152 7
152 36
16 152
142 16
142 36
142 152
151 142
151 142
10 142
10 151
10 151
1 10
151 1
151 10
1 151
49 1
49 10
49 151
150 49
150 49
66 49
66 150
101 66
101 66
101 150
149 101
149 101
77 101
77 149
122 77
122 149
148 77
148 122
61 122
61 148
61 148
1 61
148 1
148 61
1 148
67 148
147 1
147 61
12 67
12 147
12 147
1 12
147 1
147 12
1 147
42 1
42 147
146 12
146 42
20 42
20 146
93 146
145 20
145 20
38 93
38 145
38 145
1 38
145 1
145 38
1 145
88 145
144 1
144 38
24 144
54 24
54 144
143 54
143 54
138 143
138 143
142 88
142 138
57 138
57 142
57 142
1 57
142 1
142 57
1 142
126 1
126 142
141 57
141 126
101 126
101 141
101 141
1 101
141 1
141 101
1 141
139 141
140 1
140 101
49 140
82 49
82 140
139 82
13 82
13 139
109 13
109 13
109 139
138 109
138 109
47 138
72 47
72 138
137 72
137 72
37 109
37 137
37 137
1 37
137 1
137 37
1 137
97 1
97 137
136 37
136 97
87 97
87 136
94 87
94 87
94 136
135 94
135 94
110 135
128 135
134 94
134 110
79 128
79 134
128 79
128 134
133 79
133 128
8 128
8 133
11 8
11 133
132 8
132 11
92 11
92 132
92 132
1 92
132 1
132 92
1 132
97 132
131 1
131 92
22 97
22 131
22 131
1 22
131 1
131 22
1 131
31 1
31 131
130 22
130 31
26 130
39 26
39 130
129 31
129 39
45 39
45 129
128 45
128 129
88 128
90 45
90 128
127 88
127 90
44 90
44 127
44 127
1 44
127 1
127 44
1 127
78 127
126 1
126 44
45 78
45 126
45 126
1 45
126 1
126 45
1 126
72 1
72 126
125 45
125 72
64 72
64 125
66 64
66 125
124 64
124 66
20 66
20 124
62 20
62 124
123 20
123 62
73 62
73 123
73 123
1 73
123 1
123 73
1 123
82 1
82 73
82 123
122 82
122 82
3 122
86 3
86 82
86 122
121 86
121 86
58 121
112 121
120 58
120 86
2 112
2 120
76 2
76 120
119 2
119 76
43 76
43 119
43 119
1 43
119 1
119 43
1 119
82 1
82 119
118 43
118 82
28 82
28 118
28 118
1 28
118 1
118 28
1 118
99 1
99 118
117 28
117 99
79 99
79 117
82 79
82 117
116 79
116 82
85 82
85 116
96 85
96 85
96 116
115 96
115 96
47 96
47 115
75 47
75 47
75 115
114 75
114 75
68 114
91 68
91 114
113 75
113 91
34 91
34 113
102 34
102 34
102 113
112 102
112 102
9 102
9 112
9 112
1 9
112 1
112 9
1 112
95 1
95 9
95 112
111 95
111 95
63 111
65 111
110 63
110 65
52 110
79 110
109 52
109 79
51 95
51 109
104 109
108 51
108 51
93 104
93 108
93 108
1 93
108 1
108 93
1 108
96 108
107 1
107 93
15 96
15 107
15 107
1 15
107 1
107 15
1 107
63 107
106 1
106 15
18 63
18 106
18 106
1 18
106 1
106 18
1 106
93 106
105 1
105 18
87 93
87 105
87 105
1 87
105 1
105 87
1 105
89 105
104 1
104 87
65 89
65 104
94 104
103 65
103 65
8 103
89 8
89 94
89 103
102 89
102 89
10 89
10 102
24 10
24 102
101 10
101 24
22 101
76 22
76 101
100 24
100 76
35 100
89 100
99 35
99 76
24 89
24 99
90 24
90 99
98 24
98 90
74 90
74 98
74 98
1 74
98 1
98 74
1 98
93 1
93 98
97 74
97 93
5 93
5 97
69 97
96 5
96 5
39 69
39 96
39 96
1 39
96 1
96 39
1 96
73 1
73 39
73 96
95 73
95 73
44 73
44 95
44 95
1 44
95 1
95 44
1 95
75 1
75 95
94 44
94 75
34 75
34 94
49 34
49 94
93 34
93 49
1 93
89 1
89 49
89 93
92 89
92 89
12 89
12 92
90 12
90 92
91 12
91 90
50 90
50 91
61 50
61 91
90 50
90 61
39 90
87 90
89 39
89 61
42 89
59 42
59 87
59 89
88 59
88 59
47 59
47 88
75 47
75 88
87 47
87 75
59 75
59 87
76 59
76 87
86 59
86 76
65 76
65 86
65 86
1 65
86 1
86 65
1 86
83 1
83 86
85 65
85 83
4 85
36 4
36 85
84 36
84 36
12 83
12 84
72 12
72 84
83 12
83 72
14 72
14 83
44 14
44 14
44 83
82 44
82 44
27 44
27 82
27 82
1 27
82 1
82 27
1 82
41 1
41 82
81 27
81 41
46 81
75 41
75 46
75 81
80 75
80 75
3 75
3 80
68 3
68 80
79 3
79 68
24 68
24 79
62 24
62 24
62 79
78 62
78 62
1 62
1 78
1 78
2 1
78 2
78 1
2 78
73 78
77 1
77 2
1 77
35 77
76 1
76 35
48 76
68 48
68 73
68 76
75 68
75 68
46 68
46 75
50 46
50 75
74 46
74 50
13 50
13 74
13 74
1 13
74 1
74 13
1 74
52 74
73 1
73 13
22 52
22 73
22 73
1 22
73 1
73 22
1 73
41 1
41 22
41 73
72 41
72 41
13 41
13 72
13 72
1 13
72 1
72 13
1 72
36 72
71 1
71 13
2 36
2 71
2 71
1 2
71 1
71 2
1 71
68 1
68 71
70 2
70 68
17 68
17 70
66 17
66 17
66 70
69 66
69 66
5 66
5 69
12 5
12 69
68 5
68 12
47 12
47 68
47 68
1 47
68 1
68 47
1 68
64 1
64 47
64 68
67 64
67 64
18 64
18 67
18 67
1 18
67 1
67 18
1 67
60 1
60 67
66 18
66 60
49 60
49 66
49 66
1 49
66 1
66 49
1 66
52 1
52 49
52 66
65 52
65 52
10 52
10 65
10 65
1 10
65 1
65 10
1 65
36 1
36 10
36 65
64 36
64 36
55 36
55 64
56 64
63 55
63 55
52 63
57 52
57 63
62 56
62 57
26 57
26 62
42 62
61 26
61 26
28 42
28 61
57 28
57 61
60 28
60 57
35 57
35 60
47 60
59 35
59 35
34 47
34 59
34 59
1 34
59 1
59 34
1 59
39 1
39 34
39 59
58 39
58 39
24 58
51 58
57 24
57 39
11 57
56 57
56 11
7 51
7 56
37 7
37 7
37 56
55 37
55 37
39 55
42 37
42 55
54 39
54 42
5 54
8 5
8 42
8 54
53 8
53 8
25 8
25 53
47 25
47 53
52 25
52 47
5 52
33 52
51 5
51 33
26 47
26 51
49 51
50 26
50 26
8 49
8 50
41 8
41 50
49 8
49 41
27 41
27 49
27 49
1 27
49 1
49 27
1 49
29 1
29 49
48 27
48 29
3 29
3 48
3 48
1 3
48 1
48 3
1 48
21 48
47 1
47 3
9 47
44 47
46 9
46 21
38 44
38 46
43 38
43 38
43 46
45 43
45 43
13 43
13 45
13 45
1 13
45 1
45 13
1 45
22 45
44 1
44 13
11 22
11 44
13 11
13 44
43 11
43 13
21 13
21 43
21 43
1 21
43 1
43 21
1 43
33 1
33 21
33 43
42 33
42 33
21 33
21 42
35 21
35 21
35 42
41 35
41 35
1 41
37 1
37 41
40 35
40 37
9 37
9 40
34 9
34 40
39 9
39 34
3 34
3 39
31 39
38 3
38 3
24 31
24 38
28 38
37 24
37 24
5 37
6 5
6 37
36 6
36 6
15 28
15 36
34 15
34 36
35 15
35 34
8 35
31 8
31 35
34 31
19 34
28 19
28 34
33 28
33 28
14 33
29 14
29 31
29 33
32 29
32 29
16 32
18 16
18 29
18 32
31 18
31 18
9 31
9 31
30 9
30 9
8 30
23 8
23 30
29 18
29 23
6 23
6 29
6 29
1 6
29 1
29 6
1 29
27 1
27 29
28 6
28 27
21 28
22 28
27 21
16 22
16 27
16 27
1 16
27 1
27 16
1 27
18 1
18 27
26 16
26 18
17 18
17 26
17 26
1 17
26 1
26 17
1 26
25 1
25 17
25 26
1 25
11 1
11 25
22 11
22 11
22 25
24 22
24 22
15 22
15 24
15 24
1 15
24 1
24 15
1 24
21 1
21 15
21 24
23 21
23 21
10 23
15 23
22 10
22 15
9 21
9 22
15 9
15 9
15 22
21 15
21 15
1 15
1 21
17 1
17 1
17 21
20 17
20 17
7 20
15 7
15 17
15 20
19 15
19 15
1 19
8 1
8 19
18 8
18 8
1 15
1 18
1 18
2 1
18 2
18 1
2 18
9 1
9 18
17 2
17 9
3 9
3 17
8 17
16 3
16 3
2 8
2 16
2 16
1 2
16 1
16 2
1 16
5 1
5 16
15 2
15 5
12 15
13 5
13 15
14 12
14 13
2 14
4 2
4 13
4 14
13 4
13 4
5 4
5 13
5 13
1 5
13 1
13 5
1 13
8 1
8 13
12 5
12 8
1 12
11 12
11 1
8 11
8 11
1 8
11 1
11 8
1 11
9 11
10 1
10 8
5 9
5 10
6 10
9 5
9 5
2 6
2 9
6 2
6 2
6 9
8 6
8 6
3 6
3 8
3 8
1 3
8 1
8 3
1 8
4 1
4 8
7 3
7 4
4 7
6 4
6 4
6 7
1 6
1 6
1 6
2 1
6 2
6 1
2 6
4 1
4 6
5 2
5 4
2 5
2 5
4 2
1 2
1 4
2 1
2 4
3 1
3 2
1 2
1 3
1 3
2 1
3 2
3 1
2 3
2 1
2 3
1 2
1 2
1 2
