989
316 486 703
67 123 421
518 814 929
516 553 907
42 245 942
78 635 680
74 87 374
81 261 363
61 740 930
554 813 855
252 261 477
328 339 404
37 50 140
667 789 907
6 517 524
26 148 161
75 299 512
168 634 828
62 296 670
597 729 957
56 459 905
248 353 518
259 318 945
143 830 856
215 267 407
286 671 988
399 641 677
364 448 801
236 321 960
197 216 529
451 545 735
221 515 832
371 444 585
52 343 866
106 198 726
275 394 535
30 598 865
90 220 791
243 783 814
147 180 981
138 164 684
84 328 418
537 772 830
31 236 605
357 425 649
784 785 927
504 727 816
391 610 628
86 281 943
32 47 174
38 358 977
531 812 899
267 437 560
117 549 846
195 803 889
171 260 505
458 771 833
104 188 489
769 797 832
379 566 700
117 276 526
362 460 687
441 535 631
392 862 961
172 240 308
299 359 862
6 368 378
129 245 669
68 150 363
299 444 556
43 180 321
103 775 954
248 380 714
426 650 745
294 471 607
104 193 266
250 330 658
421 871 897
254 901 901
297 755 900
125 311 950
395 593 716
141 540 719
446 594 835
639 664 891
93 323 924
254 539 792
514 567 878
468 538 731
614 890 972
329 572 875
223 374 502
209 327 648
222 400 745
3 72 201
21 355 664
24 93 826
260 693 755
513 834 956
237 842 854
322 769 929
29 187 262
442 758 904
202 614 637
158 326 797
565 654 655
306 623 697
409 605 760
50 348 860
54 199 902
522 596 697
259 290 292
526 806 954
429 564 691
62 348 712
26 120 530
269 600 903
219 695 847
482 612 912
138 676 686
230 567 924
43 199 417
126 489 704
21 282 719
339 700 788
30 773 842
89 135 305
357 717 736
365 405 436
349 782 810
570 769 951
223 794 808
261 365 562
427 447 602
330 496 500
273 506 785
88 175 915
162 712 806
50 562 953
214 315 432
75 326 984
120 423 790
278 355 809
211 213 787
121 434 823
61 96 806
166 670 708
288 372 938
204 376 503
23 243 264
235 590 732
1 533 592
431 645 790
367 576 910
187 352 744
428 861 880
101 420 706
392 659 778
507 688 937
91 531 791
27 767 893
84 510 824
119 479 932
271 683 964
140 165 886
121 460 500
354 458 803
92 100 984
29 242 869
45 345 447
23 424 606
362 672 816
251 394 586
594 633 884
132 729 908
76 112 190
143 709 833
177 415 904
465 519 746
589 619 759
26 338 691
28 263 942
171 311 756
17 270 298
40 166 877
182 323 417
11 197 284
310 728 815
51 730 740
5 451 530
79 369 765
88 628 692
39 462 663
291 463 770
118 846 852
68 271 733
403 419 616
167 781 811
371 386 575
76 563 638
98 102 479
473 778 949
313 640 913
418 808 934
274 393 836
10 453 470
507 641 922
272 277 734
436 509 801
350 378 544
355 443 461
11 384 762
69 358 734
115 696 974
794 816 980
335 871 925
383 799 984
474 504 0
95 373 671
293 462 724
289 375 889
44 85 181
149 340 970
595 731 971
146 378 578
59 119 701
473 483 537
12 311 318
239 251 733
470 488 955
71 156 252
609 892 964
652 655 906
459 520 523
301 728 772
94 426 512
125 146 970
103 105 340
49 514 662
114 178 989
268 350 966
266 271 807
1 191 747
98 690 838
326 629 689
188 420 652
80 246 375
170 497 718
244 839 853
207 681 895
221 376 611
522 678 979
488 511 961
385 741 896
155 282 487
408 687 751
401 829 966
247 272 972
695 754 961
386 505 607
176 238 571
401 430 494
13 19 754
201 445 955
484 721 803
334 921 982
2 162 491
214 711 919
230 710 887
606 786 931
190 295 381
377 802 805
698 779 881
179 182 390
263 281 768
218 727 730
194 503 757
68 110 432
602 670 798
280 407 486
385 438 930
77 112 895
96 153 379
482 625 972
90 186 466
217 395 928
85 300 813
463 558 599
303 307 818
127 128 130
157 251 398
320 558 896
237 284 329
561 635 964
336 626 953
587 621 947
626 901 989
325 485 682
585 777 865
452 458 466
475 848 858
631 722 744
44 241 257
39 151 711
579 702 880
815 949 986
74 255 678
422 566 608
124 173 874
518 836 959
146 638 721
60 457 610
155 238 936
603 737 986
3 814 821
123 613 615
675 743 764
356 940 971
479 515 857
160 404 969
7 54 836
143 547 637
169 231 446
312 317 386
165 168 776
65 360 684
175 548 893
70 798 988
107 209 854
216 233 828
64 442 509
401 689 807
335 829 976
35 117 765
933 958 973
95 666 953
92 168 973
58 331 601
179 285 405
128 579 831
467 502 773
259 497 639
192 654 675
94 752 915
370 540 967
296 718 820
633 679 713
601 894 968
41 57 508
490 676 760
28 167 864
155 278 708
433 833 886
297 885 933
303 688 940
149 497 511
492 534 723
189 332 408
429 527 916
53 273 963
467 480 812
800 895 911
108 629 927
609 676 967
720 775 853
630 705 960
140 145 498
819 926 946
226 233 941
227 568 657
37 274 876
1 66 635
38 126 208
612 936 944
352 365 425
132 699 872
858 874 918
114 233 256
397 660 909
54 498 576
372 440 797
351 484 717
142 551 884
124 622 694
529 870 982
204 281 908
379 398 701
152 338 551
191 582 902
651 898 926
139 189 391
429 544 888
101 119 503
110 528 645
2 456 597
176 534 617
487 557 912
339 752 969
457 630 835
280 293 954
99 128 888
354 538 919
187 275 724
33 344 649
103 253 945
159 275 882
4 246 530
124 195 342
123 317 558
194 467 983
314 535 818
175 349 704
340 457 883
225 559 781
536 573 750
838 914 918
210 528 962
160 647 810
77 265 346
37 152 290
224 304 720
465 681 941
66 796 849
101 358 839
190 212 315
289 406 696
157 392 918
257 517 817
367 664 919
214 705 809
159 384 716
34 461 527
5 409 577
49 113 817
9 287 726
541 690 983
55 61 70
52 77 196
528 573 585
157 207 763
707 844 873
62 347 434
264 643 666
557 574 583
321 422 642
183 290 695
680 732 742
98 142 380
137 229 583
298 334 813
207 788 923
144 852 913
30 36 783
198 484 980
308 707 832
284 491 819
640 830 851
36 184 989
320 878 943
472 481 791
333 640 932
108 210 723
525 793 863
139 842 856
336 628 878
506 875 879
234 294 566
315 634 963
331 403 582
111 909 910
131 342 539
348 356 360
160 272 911
555 668 748
550 623 905
413 627 665
22 225 921
210 396 448
390 552 672
371 577 706
15 35 209
228 258 805
121 614 881
257 465 947
19 73 531
595 602 657
200 824 865
703 744 867
470 661 975
203 525 941
286 899 971
202 591 796
658 725 950
91 110 411
49 656 841
680 686 900
83 632 837
27 701 840
112 474 631
56 78 906
51 253 286
278 615 771
359 476 893
231 486 589
227 720 763
147 521 826
25 341 641
314 834 917
195 624 702
15 363 969
218 419 480
418 646 944
478 724 850
414 847 860
109 718 985
412 850 867
230 451 604
158 533 849
409 473 774
225 728 762
366 521 671
141 563 920
487 828 917
36 574 575
383 475 559
562 599 852
521 700 725
10 735 889
709 778 920
239 302 653
283 943 985
149 241 452
452 455 608
185 388 414
430 580 598
65 726 933
449 510 677
154 489 598
302 462 491
148 511 608
400 533 800
153 699 930
169 658 740
615 746 920
147 442 795
353 861 948
545 873 907
89 389 575
85 273 404
254 293 859
459 854 876
440 646 915
53 55 454
234 327 868
743 785 810
616 633 934
12 448 880
104 529 780
211 443 948
45 130 361
588 689 877
235 748 957
144 178 656
258 309 367
3 97 674
389 663 872
183 729 841
426 756 914
82 496 938
361 420 912
232 523 840
413 433 756
196 325 863
660 851 890
645 793 891
138 651 924
296 327 709
57 568 612
625 731 811
212 283 584
215 279 373
173 206 597
161 617 619
490 571 648
45 546 931
130 376 499
216 229 474
131 242 519
48 133 710
67 368 393
81 510 839
86 396 493
333 629 763
501 581 979
18 437 877
23 298 824
111 648 935
47 137 188
18 32 279
391 541 879
377 390 428
228 400 733
231 427 431
469 848 981
304 507 592
12 415 463
736 737 897
16 661 668
115 554 653
493 730 962
122 898 968
341 804 948
482 775 946
52 347 560
388 565 735
395 416 792
21 788 922
200 211 754
63 205 495
292 622 873
7 596 722
8 466 469
249 288 508
133 223 770
67 134 586
92 120 240
266 336 844
106 145 853
127 362 963
402 435 478
232 303 609
69 135 265
71 685 774
364 692 727
4 198 843
59 301 532
665 793 975
524 555 956
202 423 636
72 595 946
495 656 904
163 655 821
611 840 956
541 817 947
24 122 827
55 74 789
46 642 849
33 319 325
705 959 979
280 770 913
268 812 886
16 277 697
552 570 894
78 200 201
87 416 586
42 197 811
193 435 749
527 845 875
433 569 950
174 674 693
22 587 777
431 786 787
494 688 966
289 663 713
739 866 965
152 267 759
106 751 753
337 464 634
422 624 782
368 578 831
136 177 796
334 650 713
27 309 381
343 468 929
58 492 815
239 307 876
39 624 734
113 573 654
88 185 931
63 619 627
24 819 935
129 133 800
472 662 940
632 716 978
385 569 978
6 107 789
48 758 923
16 335 978
397 559 900
165 206 896
18 501 673
308 781 831
156 300 699
411 441 976
182 364 647
250 660 974
241 412 988
277 320 759
95 247 902
226 264 627
244 557 784
546 780 850
94 113 867
396 580 618
402 621 914
132 136 694
8 199 617
301 328 742
151 282 374
485 845 987
22 32 603
14 501 538
154 532 739
369 576 776
126 829 923
192 439 942
359 502 571
513 514 520
351 547 802
196 661 909
366 439 774
83 424 693
221 600 977
7 360 714
546 646 859
127 712 757
90 472 572
66 116 222
302 581 838
59 131 714
141 162 203
369 415 860
766 804 857
107 453 922
351 366 536
215 287 651
240 255 485
40 329 974
543 856 916
109 324 387
13 163 809
38 224 344
108 184 594
398 822 885
111 250 445
285 370 898
681 807 955
618 755 768
161 587 949
270 553 906
525 637 662
205 406 583
65 109 208
304 314 708
79 823 932
450 620 784
135 142 150
73 295 555
620 683 887
279 643 672
350 372 808
765 846 892
476 737 820
105 534 749
148 222 626
481 825 825
64 424 926
47 310 855
318 696 916
81 421 669
14 14 970
488 760 822
416 777 882
572 722 987
154 274 622
91 477 752
590 652 738
313 344 937
639 855 874
394 516 666
15 118 468
588 753 870
644 798 903
300 618 659
97 370 456
441 526 762
332 738 747
33 70 887
206 353 454
331 481 547
767 891 952
166 650 882
601 745 959
297 751 795
295 322 610
185 604 605
407 454 890
34 100 270
248 413 960
34 176 294
20 445 554
455 522 973
4 936 0
235 412 822
116 625 982
13 483 593
242 356 679
83 285 638
139 194 411
102 673 944
480 835 862
283 553 613
134 244 967
313 337 567
73 122 402
178 180 779
89 478 552
607 772 945
64 305 868
60 382 750
46 864 928
75 387 750
464 935 952
181 217 958
48 438 692
269 766 976
99 316 985
144 388 496
410 710 975
86 410 799
324 330 958
380 387 636
51 786 911
228 436 685
172 606 732
316 542 821
63 449 450
17 79 584
237 393 742
493 677 749
96 382 721
136 262 471
20 249 596
382 498 642
269 537 773
428 579 723
129 673 783
53 668 682
383 430 779
87 357 476
9 217 868
256 456 620
172 523 542
174 179 495
243 863 925
25 263 403
115 539 588
8 80 691
76 444 698
246 499 690
669 682 866
310 674 858
322 600 698
312 599 939
46 434 851
291 492 872
307 574 820
191 224 477
71 347 515
667 869 937
410 517 741
220 469 675
31 591 659
219 397 951
338 506 719
118 643 892
29 665 747
453 548 897
238 604 965
11 229 905
163 287 565
249 291 743
309 647 684
543 686 757
25 205 623
60 218 861
158 193 703
464 471 581
177 490 934
332 377 505
156 748 848
31 540 644
183 764 799
425 653 678
319 450 908
276 343 556
212 499 513
134 342 564
375 509 871
5 825 884
323 550 613
644 869 983
260 440 837
787 864 883
520 550 725
203 758 921
354 508 805
317 504 706
43 153 184
145 544 802
40 226 561
346 405 761
570 590 768
10 443 0
116 592 702
461 580 801
306 423 563
346 857 894
234 568 794
823 826 951
164 715 986
455 795 957
41 337 843
125 333 349
305 373 446
151 683 827
42 236 532
252 556 790
219 306 694
82 137 258
192 917 987
93 288 847
44 171 616
35 97 981
84 591 888
28 767 899
58 707 766
262 345 564
189 746 910
213 361 406
384 837 965
432 753 962
245 475 980
414 419 542
150 560 883
255 818 903
208 589 834
439 500 776
324 561 711
345 621 881
56 569 859
408 548 685
549 761 938
100 447 543
102 292 771
99 105 738
213 717 968
41 268 494
19 69 843
80 256 265
704 780 952
186 657 761
519 536 827
20 159 549
253 276 715
17 186 427
204 438 939
173 551 782
170 841 928
2 483 939
114 170 636
164 247 437
72 399 578
57 577 667
227 603 977
181 232 516
319 736 870
582 804 845
389 593 649
9 460 512
82 167 687
169 449 925
220 524 584
341 630 764
312 715 741
399 545 927
381 739 879
611 679 844
417 435 885
352 632 792
