717
94 34
94 40
29 72
29 94
29 94
1 29
94 1
94 29
1 94
46 1
46 29
46 94
93 46
93 46
17 46
17 93
22 17
22 17
22 93
92 22
92 22
33 22
33 92
33 92
1 33
92 1
92 33
1 92
43 92
91 1
91 33
5 43
5 91
5 91
1 5
91 1
91 5
1 91
87 1
87 5
87 91
90 87
90 87
26 87
26 90
41 26
41 26
41 90
89 41
89 41
4 41
4 89
79 4
79 4
79 89
88 79
88 79
63 79
63 88
63 88
1 63
88 1
88 63
1 88
72 1
72 88
87 63
87 72
79 87
82 72
82 87
86 79
86 82
61 82
61 86
61 86
1 61
86 1
86 61
1 86
82 1
82 61
82 86
85 82
85 82
52 82
52 85
52 85
1 52
85 1
85 52
1 85
68 1
68 52
68 85
84 68
84 68
43 68
43 84
43 84
1 43
84 1
84 43
1 84
53 1
53 43
53 84
83 53
83 53
42 53
42 83
42 83
1 42
83 1
83 42
1 83
45 1
45 42
45 83
82 45
82 45
9 45
9 82
49 82
81 9
81 9
62 49
62 81
75 62
75 62
75 81
80 75
80 75
11 75
11 80
11 80
1 11
80 1
80 11
1 80
72 1
72 11
72 80
79 72
79 72
45 72
45 79
45 79
1 45
79 1
79 45
1 79
67 79
78 1
78 45
1 67
1 78
42 78
77 1
77 1
6 42
6 77
6 77
1 6
77 1
77 6
1 77
19 1
19 77
76 6
76 19
71 19
71 76
71 76
1 71
76 1
76 71
1 76
73 1
73 71
73 76
75 73
75 73
3 73
3 75
45 75
74 3
74 3
12 45
12 74
12 74
1 12
74 1
74 12
1 74
73 1
73 74
15 12
15 73
15 73
1 15
73 1
73 15
1 73
62 1
62 73
72 15
72 62
35 62
35 72
35 72
1 35
72 1
72 35
1 72
54 1
54 72
71 35
71 54
33 54
33 71
33 71
1 33
71 1
71 33
1 71
36 71
70 1
70 33
27 36
27 70
27 70
1 27
70 1
70 27
1 70
44 1
44 27
44 70
69 44
69 44
33 69
49 33
49 44
49 69
68 49
68 49
42 68
56 42
56 68
67 49
67 56
30 56
30 67
30 67
1 30
67 1
67 30
1 67
55 1
55 30
55 67
66 55
66 55
3 66
61 3
61 66
65 55
65 61
16 61
16 65
16 65
1 16
65 1
65 16
1 65
39 1
39 16
39 65
64 39
64 39
35 39
35 64
35 64
1 35
64 1
64 35
1 64
38 1
38 35
38 64
63 38
63 38
58 63
61 38
61 58
61 63
62 61
62 61
25 61
25 62
25 62
1 25
62 1
62 25
1 62
56 1
56 25
56 62
61 56
61 56
13 56
13 61
13 61
1 13
61 1
61 13
1 61
49 1
49 61
60 13
60 49
2 49
2 60
46 2
46 2
46 60
59 46
59 46
36 46
36 59
36 59
1 36
59 1
59 36
1 59
40 59
58 1
58 36
33 40
33 58
38 33
38 58
57 33
57 38
9 57
51 9
51 38
51 57
56 51
56 51
6 51
6 56
51 6
51 56
55 6
55 51
25 55
53 55
54 25
54 51
30 53
30 54
37 30
37 30
37 54
53 37
53 37
16 37
16 53
16 53
1 16
53 1
53 16
1 53
35 53
52 1
52 16
9 52
17 9
17 52
51 17
51 17
14 51
25 14
25 35
25 51
50 25
50 25
26 25
26 50
26 50
1 26
50 1
50 26
1 50
31 1
31 26
31 50
49 31
49 31
8 31
8 49
23 8
23 49
48 8
48 23
7 23
7 48
7 48
1 7
48 1
48 7
1 48
43 1
43 48
47 7
47 43
24 43
24 47
24 47
1 24
47 1
47 24
1 47
35 47
46 1
46 24
4 46
10 46
45 4
45 10
6 35
6 45
8 45
44 6
44 6
22 44
40 8
40 44
43 22
43 40
7 43
27 43
42 7
42 27
14 40
14 42
31 14
31 14
31 42
41 31
41 31
19 41
33 19
33 31
33 41
40 33
40 33
17 33
17 40
17 40
1 17
40 1
40 17
1 40
19 1
19 17
19 40
39 19
39 19
12 19
12 39
20 12
20 12
20 39
38 20
38 20
5 20
5 38
26 38
37 5
37 5
29 26
29 37
30 37
36 29
36 29
19 30
19 36
19 36
1 19
36 1
36 19
1 36
35 36
35 1
8 19
8 35
19 8
19 8
19 35
34 19
34 19
4 19
4 34
4 34
1 4
34 1
34 4
1 34
32 1
32 4
32 34
33 32
33 32
19 32
19 33
19 33
1 19
33 1
33 19
1 33
25 1
25 33
32 19
32 25
16 25
16 32
26 32
31 16
31 16
4 31
9 4
9 26
9 31
30 9
30 9
1 9
1 30
22 1
22 30
29 1
29 22
7 22
7 29
23 29
28 7
28 7
1 23
1 28
1 28
2 1
28 2
28 1
2 28
2 1
2 28
27 2
27 2
5 27
18 2
18 27
26 5
26 18
4 26
6 4
6 18
6 26
25 6
25 6
12 25
12 6
12 25
24 12
24 12
9 24
12 24
23 9
23 12
8 12
8 23
8 23
1 8
23 1
23 8
1 23
18 1
18 8
18 23
22 18
22 18
4 18
4 22
13 22
21 4
21 4
3 21
8 3
8 13
8 21
20 8
20 8
5 8
5 20
14 20
19 5
19 5
11 14
11 19
16 11
16 11
16 19
18 16
18 16
1 16
1 18
9 1
9 1
9 18
17 9
17 9
1 9
1 17
1 17
2 1
17 2
17 1
2 17
15 1
15 17
16 2
16 15
2 16
10 2
10 16
15 10
7 15
11 15
14 7
14 10
1 11
1 14
13 14
13 1
2 1
2 13
12 2
12 2
12 13
1 12
2 1
2 12
2 12
1 2
12 1
12 2
1 12
10 1
10 2
10 12
11 10
11 10
8 11
9 11
10 8
6 9
6 10
6 10
1 6
10 1
10 6
1 10
8 1
8 6
8 10
9 8
9 8
4 9
7 9
8 4
1 7
1 8
1 8
2 1
8 2
8 1
2 8
5 8
7 1
7 2
1 5
1 7
6 1
6 7
2 6
4 1
4 6
5 2
5 4
1 5
2 5
4 1
1 2
1 4
1 4
2 1
4 2
4 1
2 4
3 1
3 4
2 3
2 3
1 2
1 2
1 2
