93
33 37 43
33 73 79
23 38 69
1 26 34
27 39 47
24 48 62
11 43 43
16 47 77
34 65 74
40 45 57
7 49 52
28 44 71
59 68 85
63 79 85
52 61 66
29 64 69
4 30 31
16 46 84
4 24 70
44 58 84
31 54 77
30 80 82
16 47 81
18 60 66
2 18 48
6 21 39
8 50 61
33 69 77
9 72 93
12 15 50
6 39 68
1 34 49
22 25 76
1 84 0
42 55 59
35 63 70
15 72 91
19 78 85
29 75 81
4 76 0
21 60 71
5 40 67
10 11 22
8 87 88
5 37 91
9 64 70
18 68 87
11 23 89
14 45 65
6 41 58
56 75 82
32 74 83
10 60 79
15 42 92
12 72 78
2 62 66
56 71 81
25 55 93
35 50 57
73 75 90
13 36 82
2 17 63
20 25 86
19 23 44
29 49 51
36 64 67
12 67 83
32 80 87
14 45 76
8 14 46
3 53 92
7 20 0
3 51 58
28 36 55
17 19 52
3 54 89
24 80 88
37 38 51
26 57 90
7 28 38
17 56 91
13 86 89
5 46 78
10 59 62
32 40 65
13 31 42
27 74 93
20 48 83
26 53 92
21 54 86
27 41 53
22 88 90
30 61 73
9 35 41
