402
50 13
50 18
38 25
38 50
38 50
1 38
50 1
50 38
1 50
41 1
41 50
49 38
49 41
10 41
10 49
10 49
1 10
49 1
49 10
1 49
17 1
17 49
48 10
48 17
3 17
3 48
33 3
33 48
47 3
47 33
17 33
17 47
17 47
1 17
47 1
47 17
1 47
21 1
21 17
21 47
46 21
46 21
1 21
1 46
1 46
2 1
46 2
46 1
2 46
23 1
23 2
23 46
45 23
45 23
14 23
14 45
14 45
1 14
45 1
45 14
1 45
17 45
44 1
44 14
30 44
42 44
43 17
43 30
12 42
12 43
12 43
1 12
43 1
43 12
1 43
21 43
42 1
42 12
12 21
12 42
33 42
41 12
41 12
2 33
2 41
2 41
1 2
41 1
41 2
1 41
15 1
15 2
15 41
40 15
40 15
30 15
30 40
30 40
1 30
40 1
40 30
1 40
31 1
31 40
39 30
39 31
24 31
24 39
24 39
1 24
39 1
39 24
1 39
34 1
34 24
34 39
38 34
38 34
7 38
21 7
21 34
21 38
37 21
37 21
2 21
2 37
15 37
36 2
36 2
12 36
31 12
31 15
31 36
35 31
35 31
22 31
22 35
32 22
32 35
34 22
34 32
1 32
1 34
1 34
2 1
34 2
34 1
2 34
13 1
13 2
13 34
33 13
33 13
21 13
21 33
21 33
1 21
33 1
33 21
1 33
24 1
24 33
32 21
32 24
13 24
13 32
13 32
1 13
32 1
32 13
1 32
27 1
27 32
31 13
31 27
12 27
12 31
12 31
1 12
31 1
31 12
1 31
16 31
30 1
30 12
3 16
3 30
20 30
29 3
29 3
9 20
9 29
9 29
1 9
29 1
29 9
1 29
14 1
14 29
28 9
28 14
14 28
21 14
21 28
27 14
27 21
5 21
5 27
5 27
1 5
27 1
27 5
1 27
20 27
26 1
26 5
19 20
19 26
19 26
1 19
26 1
26 19
1 26
23 1
23 26
25 19
25 23
9 23
9 25
18 25
24 9
24 9
4 24
11 24
23 4
23 11
3 18
3 23
14 3
14 23
22 3
22 14
6 14
6 22
6 22
1 6
22 1
22 6
1 22
18 1
18 6
18 22
21 18
21 18
11 18
11 21
11 21
1 11
21 1
21 11
1 21
15 21
20 1
20 11
3 20
7 3
7 15
7 20
19 7
19 7
9 7
9 19
9 19
1 9
19 1
19 9
1 19
11 1
11 19
18 9
18 11
5 18
14 5
14 11
14 18
17 14
17 14
9 14
9 17
9 17
1 9
17 1
17 9
1 17
11 17
16 1
16 9
4 11
4 16
7 4
7 16
15 4
15 7
12 7
12 15
12 15
1 12
15 1
15 12
1 15
14 15
14 1
3 12
3 14
3 14
1 3
14 1
14 3
1 14
8 1
8 3
8 14
13 8
13 8
6 8
6 13
6 13
1 6
13 1
13 6
1 13
11 1
11 6
11 13
12 11
12 11
1 12
8 1
8 12
11 8
3 8
3 11
3 11
1 3
11 1
11 3
1 11
9 11
10 1
10 3
1 10
7 10
9 1
2 9
8 2
8 7
8 9
1 8
3 8
5 1
5 8
7 3
7 5
3 5
3 7
3 7
1 3
7 1
7 3
1 7
4 7
6 1
6 3
3 4
3 6
3 6
1 3
6 1
6 3
1 6
5 6
5 1
2 3
2 5
2 5
1 2
5 1
5 2
1 5
3 1
3 2
3 5
4 3
4 3
1 3
1 4
3 1
3 1
3 4
1 3
1 3
1 3
