234
33 7
14 16
14 33
25 14
25 33
32 14
32 25
14 25
14 32
14 32
1 14
32 1
32 14
1 32
23 1
23 14
23 32
31 23
31 23
7 23
7 31
7 31
1 7
31 1
31 7
1 31
16 1
16 7
16 31
30 16
30 16
18 16
18 30
18 30
1 18
30 1
30 18
1 30
29 1
29 30
3 18
3 29
3 29
1 3
29 1
29 3
1 29
15 1
15 3
15 29
28 15
28 15
19 15
19 28
19 28
1 19
28 1
28 19
1 28
26 1
26 19
26 28
27 26
27 26
23 26
23 27
23 27
1 23
27 1
27 23
1 27
25 27
26 1
26 23
9 26
9 26
25 9
9 25
23 9
23 25
24 9
24 23
7 23
7 24
20 7
20 7
20 24
23 20
23 20
18 20
18 23
18 23
22 18
22 18
8 22
13 8
13 22
21 13
21 13
12 18
12 21
12 21
1 12
21 1
21 12
1 21
19 1
19 12
19 21
20 19
20 19
6 19
6 20
6 20
1 6
20 1
20 6
1 20
8 1
8 20
19 6
19 8
11 8
11 19
12 19
18 11
18 11
1 18
7 1
7 18
17 7
17 7
8 12
8 17
8 17
1 8
17 1
17 8
1 17
14 17
16 1
16 8
3 14
3 16
3 16
1 3
16 1
16 3
1 16
7 1
7 3
7 16
15 7
15 7
6 15
9 15
14 6
14 7
5 9
5 14
7 5
7 5
7 14
13 7
13 7
2 7
2 13
2 13
1 2
13 1
13 2
1 13
4 1
4 13
12 2
12 4
7 4
7 12
10 12
11 7
11 7
2 10
2 11
6 2
6 2
6 11
10 6
10 6
1 6
1 10
8 10
9 1
9 1
6 8
6 9
8 6
8 6
8 9
1 8
5 1
5 8
5 8
7 5
7 5
1 7
4 1
4 7
6 4
6 4
4 6
5 4
5 6
1 5
1 5
3 5
4 1
4 1
1 3
1 4
1 4
2 1
4 2
4 1
2 4
2 1
2 4
3 2
3 2
1 2
1 3
2 1
2 3
1 2
1 2
