671
48 177 592
45 157 160
164 454 493
212 550 571
47 484 539
95 104 483
456 468 513
26 350 574
55 485 532
66 116 585
122 127 486
122 261 592
9 96 591
78 435 649
41 147 514
67 277 656
152 347 509
131 162 501
113 369 539
111 286 429
37 285 461
97 181 427
149 444 595
196 299 319
242 563 594
70 210 306
195 473 619
89 113 285
56 265 621
69 168 0
94 397 631
367 427 615
88 488 602
155 431 648
21 33 363
106 587 624
253 388 513
236 303 504
56 371 382
251 326 328
77 376 436
40 396 423
330 440 584
174 442 480
383 611 634
29 213 533
42 336 522
107 583 602
94 305 614
162 179 191
75 467 649
68 268 617
87 587 588
226 301 631
333 409 517
54 478 620
32 457 662
92 128 641
49 60 489
19 414 607
189 273 407
2 3 622
123 241 276
98 258 521
282 434 623
93 273 524
71 167 541
115 462 569
184 199 405
81 400 545
383 529 669
330 378 388
24 99 173
436 553 555
150 404 648
309 391 662
165 364 472
362 553 578
242 322 359
89 390 542
134 551 581
156 501 527
187 275 405
470 566 600
8 107 365
2 222 319
12 50 419
42 507 606
372 450 667
17 65 173
110 159 453
35 44 144
164 193 197
57 308 619
342 352 511
182 377 454
314 338 496
27 347 646
32 154 254
53 214 384
16 442 608
23 203 262
110 248 261
371 434 468
206 269 613
18 449 546
185 480 501
86 237 279
90 381 490
297 465 630
8 72 636
42 354 642
31 112 182
84 239 621
53 87 506
520 529 601
38 216 447
121 211 214
20 516 547
99 104 162
40 490 524
88 302 493
75 166 537
288 518 655
148 224 547
48 110 224
14 47 394
112 166 531
284 515 665
176 327 366
178 348 401
238 293 559
343 505 610
302 502 512
189 494 499
131 453 526
55 258 616
254 561 581
411 466 585
290 315 327
7 51 484
157 245 666
416 418 645
13 132 337
351 424 568
91 300 625
186 203 239
317 389 393
213 520 572
36 373 430
174 418 481
362 486 528
22 46 671
55 320 643
237 506 518
380 395 633
153 435 502
39 504 670
230 384 426
10 112 540
136 244 494
15 186 596
243 250 618
230 340 393
118 565 652
9 221 377
135 233 586
34 586 606
276 304 315
115 321 645
14 313 433
523 562 584
1 366 509
26 101 361
196 522 616
51 444 497
125 267 504
171 278 330
95 295 575
190 449 661
32 270 558
492 582 601
375 560 671
40 268 495
129 201 482
34 137 543
63 139 586
130 564 626
5 306 668
37 50 425
344 591 627
650 654 661
247 280 542
36 374 446
358 374 610
286 525 0
324 492 572
79 507 659
65 215 257
213 339 448
43 197 530
82 188 630
488 524 538
106 560 605
312 407 423
406 502 611
128 229 632
26 209 275
157 223 225
310 512 651
22 466 531
86 95 530
63 235 667
312 324 356
236 272 572
169 203 568
66 317 346
545 604 670
68 69 629
67 318 485
232 588 665
179 428 505
8 80 651
103 197 362
466 498 646
58 425 570
38 198 252
249 273 296
294 366 510
49 356 596
49 399 487
25 382 482
256 264 605
74 173 660
99 149 460
286 552 644
16 429 597
1 570 613
6 184 262
114 463 507
215 517 625
259 365 532
155 321 331
231 472 648
86 281 351
438 440 565
125 129 574
194 516 615
115 276 307
5 113 579
21 208 508
62 124 577
289 475 591
63 123 334
311 457 618
120 428 471
151 326 391
43 66 341
117 120 340
103 135 215
272 441 477
125 275 459
245 277 448
155 334 394
332 347 622
94 574 665
79 456 580
111 192 462
130 247 637
191 304 318
236 469 595
59 154 417
50 396 469
555 576 633
19 509 608
284 556 563
77 230 324
150 227 458
478 585 587
427 448 597
255 260 488
424 447 660
309 359 377
397 569 609
85 218 307
126 349 431
163 555 650
246 376 440
73 140 474
62 146 160
290 293 644
12 472 483
425 523 620
270 318 329
211 386 461
217 241 271
83 257 337
54 134 575
445 535 536
243 287 508
97 206 612
59 315 655
39 385 579
400 426 432
76 233 552
102 294 484
83 204 378
96 548 573
31 316 323
184 558 662
57 292 379
532 565 583
75 81 475
18 209 421
177 220 259
246 271 310
388 513 590
247 395 659
429 489 663
151 549 614
109 171 536
16 148 419
332 408 437
497 525 655
60 186 607
142 405 582
165 557 656
114 463 519
139 223 630
10 390 651
138 267 271
87 283 580
98 102 406
70 328 370
7 218 409
78 306 628
277 292 459
82 291 449
19 304 603
145 194 652
185 305 461
242 363 364
240 332 338
39 175 629
104 169 599
81 470 666
36 127 556
59 129 180
133 314 391
316 634 663
375 450 520
74 100 610
192 237 302
30 34 378
255 369 380
221 329 558
358 486 543
295 316 323
96 386 598
381 517 663
206 495 581
231 620 668
172 219 538
91 311 446
205 503 624
147 294 408
22 156 384
145 164 496
41 187 290
121 140 523
168 181 531
291 497 627
381 649 669
225 413 647
295 560 613
512 602 660
58 373 528
117 201 617
329 479 626
327 434 519
137 548 567
510 534 615
46 61 293
175 220 609
287 361 481
77 147 249
252 317 392
158 314 589
354 458 518
191 426 541
232 234 545
17 374 609
402 430 456
90 365 643
414 519 604
238 301 303
433 439 498
179 462 632
114 154 409
85 216 226
103 611 616
180 248 420
61 333 389
116 470 598
256 274 633
33 233 653
4 188 438
547 550 554
176 200 415
33 420 421
278 564 623
61 357 628
136 163 310
252 346 614
111 142 422
360 361 571
307 364 487
175 195 396
118 222 336
35 119 451
76 180 287
139 272 451
108 219 357
298 320 612
126 234 308
193 368 482
44 312 353
174 217 450
109 345 588
53 657 664
4 62 503
201 284 339
101 250 367
167 475 494
283 483 492
170 410 659
152 334 533
177 229 319
199 289 496
7 411 639
350 439 671
458 548 593
24 240 370
232 500 640
282 404 485
105 158 400
245 259 579
195 337 527
227 452 476
73 404 431
134 217 297
211 313 567
200 506 654
105 204 227
192 325 403
121 238 563
17 493 667
152 300 608
122 333 412
52 150 641
80 188 241
132 161 515
5 529 629
145 258 551
1 130 438
109 156 495
349 375 430
13 288 656
253 339 514
265 621 637
163 189 411
15 65 368
208 445 657
100 353 652
126 299 537
464 525 533
481 564 666
298 478 653
25 451 510
190 196 433
82 127 228
11 235 344
161 269 422
392 413 658
181 246 323
56 124 544
135 146 190
220 296 341
11 528 599
183 367 544
11 239 338
45 268 589
101 393 406
508 573 605
266 417 465
92 342 444
158 207 446
23 223 578
432 460 590
279 562 577
222 463 631
403 553 607
344 397 416
207 309 403
144 149 577
30 464 638
21 212 249
71 280 647
133 144 455
363 387 594
469 471 491
216 467 541
385 412 597
474 552 599
6 28 645
117 437 479
116 471 569
18 322 413
15 159 661
69 628 650
27 465 559
108 224 278
263 328 642
137 200 219
70 345 428
102 359 551
178 251 455
133 325 379
299 534 594
9 138 604
98 370 464
88 260 387
38 401 556
202 442 499
2 80 415
234 322 536
46 225 311
262 468 566
420 576 669
44 274 522
178 298 543
351 380 477
68 71 447
212 372 550
459 535 554
256 399 622
473 549 562
424 521 637
91 142 376
4 198 590
93 261 537
235 419 526
14 250 653
320 321 511
48 443 535
128 228 383
23 166 389
343 441 452
73 387 527
313 335 467
84 566 641
20 85 159
183 443 603
54 229 546
280 399 491
153 182 561
260 489 636
303 360 402
146 266 642
29 373 664
25 281 640
106 202 454
269 435 575
12 352 355
67 204 601
140 305 401
281 360 600
214 336 542
210 505 540
90 218 266
47 72 385
3 538 646
141 283 511
30 498 658
43 567 644
31 51 582
93 331 412
265 421 612
231 255 639
165 285 573
83 452 561
356 598 624
499 593 593
205 414 477
131 606 639
79 576 635
37 570 580
84 398 627
348 417 559
119 441 554
168 346 657
169 540 546
198 331 432
97 516 557
340 372 386
357 408 625
29 264 479
205 395 596
254 474 480
28 500 634
28 35 251
27 244 415
3 341 349
13 45 358
64 544 638
410 592 638
74 172 539
248 348 437
253 355 476
243 244 476
64 416 457
52 490 619
257 267 398
354 422 549
92 199 274
143 194 407
143 325 368
120 143 171
41 282 436
136 138 208
345 352 453
350 402 617
132 210 221
57 289 670
263 264 296
60 390 534
10 473 647
240 291 521
58 270 382
107 209 664
185 342 418
514 557 603
635 636 643
202 355 589
76 167 369
100 292 515
6 487 503
123 151 658
78 578 600
119 187 526
183 263 398
108 161 632
160 308 626
176 226 568
105 301 439
20 170 193
124 392 595
148 443 623
141 279 584
288 300 635
297 335 583
228 455 654
153 343 445
64 460 500
72 371 423
207 410 571
335 379 640
24 118 0
170 353 491
172 394 618
326 530 668
52 89 141
