5282
672 30
672 196
460 668
460 672
460 672
1 460
672 1
672 460
1 672
622 1
622 460
622 672
671 622
671 622
40 622
40 671
257 40
257 671
670 40
670 257
363 257
363 670
363 670
1 363
670 1
670 363
1 670
617 1
617 670
669 363
669 617
436 617
436 669
436 669
1 436
669 1
669 436
1 669
656 1
656 669
668 436
668 656
73 656
73 668
73 668
1 73
668 1
668 73
1 668
443 1
443 73
443 668
667 443
667 443
560 443
560 667
661 560
661 667
666 560
666 661
497 661
497 666
504 497
504 497
504 666
665 504
665 504
111 504
111 665
581 111
581 665
664 111
664 581
615 581
615 664
615 664
1 615
664 1
664 615
1 664
621 1
621 615
621 664
663 621
663 621
157 621
157 663
157 663
1 157
663 1
663 157
1 663
566 1
566 157
566 663
662 566
662 566
481 662
556 481
556 662
661 556
661 556
110 566
110 661
110 661
1 110
661 1
661 110
1 661
451 661
660 1
660 110
124 451
124 660
124 660
1 124
660 1
660 124
1 660
468 1
468 660
659 124
659 468
30 659
583 30
583 468
583 659
658 583
658 583
125 583
125 658
125 658
1 125
658 1
658 125
1 658
322 1
322 658
657 125
657 322
252 322
252 657
486 252
486 657
656 252
656 486
119 486
119 656
119 656
1 119
656 1
656 119
1 656
562 1
562 119
562 656
655 562
655 562
446 562
446 655
446 655
1 446
655 1
655 446
1 655
454 1
454 446
454 655
654 454
654 454
130 454
130 654
130 654
1 130
654 1
654 130
1 654
409 1
409 130
409 654
653 409
653 409
2 653
290 653
652 2
652 290
423 409
423 652
423 652
1 423
652 1
652 423
1 652
522 1
522 423
522 652
651 522
651 522
490 522
490 651
490 651
1 490
651 1
651 490
1 651
563 1
563 490
563 651
650 563
650 563
420 563
420 650
600 420
600 420
600 650
649 600
649 600
14 600
14 649
14 649
1 14
649 1
649 14
1 649
336 1
336 14
336 649
648 336
648 336
63 336
63 648
63 648
1 63
648 1
648 63
1 648
254 1
254 648
647 63
647 254
239 254
239 647
239 647
1 239
647 1
647 239
1 647
515 1
515 239
515 647
646 515
646 515
352 515
352 646
474 352
474 352
474 646
645 474
645 474
305 474
305 645
305 645
1 305
645 1
645 305
1 645
421 1
421 305
421 645
644 421
644 421
534 421
534 644
534 644
1 534
644 1
644 534
1 644
572 1
572 644
643 534
643 572
124 572
124 643
124 643
1 124
643 1
643 124
1 643
596 643
642 1
642 124
15 642
469 642
641 15
641 469
107 596
107 641
107 641
1 107
641 1
641 107
1 641
341 1
341 107
341 641
640 341
640 341
48 341
48 640
48 640
1 48
640 1
640 48
1 640
85 1
85 640
639 48
639 85
226 85
226 639
226 639
1 226
639 1
639 226
1 639
377 1
377 226
377 639
638 377
638 377
73 638
343 73
343 377
343 638
637 343
637 343
160 343
160 637
160 637
1 160
637 1
637 160
1 637
330 1
330 160
330 637
636 330
636 330
59 330
59 636
325 59
325 59
325 636
635 325
635 325
522 325
522 635
523 522
523 522
523 635
634 523
634 523
94 523
94 634
94 634
1 94
634 1
634 94
1 634
311 1
311 94
311 634
633 311
633 311
144 311
144 633
462 144
462 144
462 633
632 462
632 462
8 462
8 632
441 8
441 8
441 632
631 441
631 441
429 441
429 631
525 429
525 631
630 429
630 525
161 525
161 630
161 630
1 161
630 1
630 161
1 630
413 1
413 161
413 630
629 413
629 413
15 413
15 629
15 629
1 15
629 1
629 15
1 629
369 1
369 15
369 629
628 369
628 369
256 369
256 628
256 628
1 256
628 1
628 256
1 628
259 1
259 628
627 256
627 259
369 259
369 627
626 369
626 369
626 627
1 626
164 1
164 626
605 164
605 164
605 626
625 605
625 605
58 605
58 625
58 625
1 58
625 1
625 58
1 625
496 1
496 58
496 625
624 496
624 496
112 496
112 624
389 112
389 112
389 624
623 389
623 389
199 623
297 199
297 623
622 297
622 297
189 622
362 622
621 189
621 362
299 389
299 621
299 621
1 299
621 1
621 299
1 621
473 1
473 621
620 299
620 473
163 473
163 620
163 620
1 163
620 1
620 163
1 620
300 1
300 163
300 620
619 300
619 300
37 300
37 619
37 619
1 37
619 1
619 37
1 619
469 1
469 37
469 619
618 469
618 469
103 469
103 618
402 103
402 618
617 103
617 402
234 402
234 617
234 617
1 234
617 1
617 234
1 617
352 1
352 234
352 617
616 352
616 352
436 352
436 616
556 616
615 436
615 436
334 615
531 334
531 615
614 531
614 531
144 556
144 614
144 614
1 144
614 1
614 144
1 614
468 1
468 144
468 614
613 468
613 468
62 468
62 613
582 62
582 62
582 613
612 582
612 582
98 582
98 612
98 612
1 98
612 1
612 98
1 612
521 1
521 98
521 612
611 521
611 521
239 611
610 239
610 521
610 611
1 610
132 610
599 610
609 1
609 132
99 609
138 99
138 599
138 609
608 138
608 138
365 138
365 608
365 608
1 365
608 1
608 365
1 608
594 1
594 365
594 608
607 594
607 594
46 594
46 607
46 607
1 46
607 1
607 46
1 607
570 1
570 46
570 607
606 570
606 570
409 606
412 409
412 606
605 412
605 412
405 570
405 605
540 405
540 605
604 405
604 540
22 540
22 604
22 604
1 22
604 1
604 22
1 604
301 1
301 22
301 604
603 301
603 301
227 301
227 603
550 227
550 603
602 227
602 550
216 550
216 602
216 602
1 216
602 1
602 216
1 602
345 1
345 602
601 216
601 345
30 345
30 601
371 30
371 30
371 601
600 371
600 371
84 600
577 600
599 84
599 371
131 577
131 599
469 131
469 599
598 131
598 469
114 469
114 598
114 598
1 114
598 1
598 114
1 598
561 1
561 114
561 598
597 561
597 561
21 561
21 597
21 597
1 21
597 1
597 21
1 597
190 1
190 21
190 597
596 190
596 190
198 190
198 596
198 596
1 198
596 1
596 198
1 596
267 1
267 198
267 596
595 267
595 267
18 267
18 595
18 595
1 18
595 1
595 18
1 595
136 1
136 18
136 595
594 136
594 136
379 136
379 594
516 594
593 379
593 379
135 593
421 593
592 135
592 421
214 592
230 214
230 592
591 230
591 230
297 516
297 591
297 591
1 297
591 1
591 297
1 591
307 1
307 297
307 591
590 307
590 307
77 307
77 590
77 590
1 77
590 1
590 77
1 590
327 1
327 77
327 590
589 327
589 327
244 327
244 589
244 589
1 244
589 1
589 244
1 589
362 1
362 244
362 589
588 362
588 362
29 362
29 588
470 29
470 29
470 588
587 470
587 470
66 470
66 587
66 587
1 66
587 1
587 66
1 587
551 1
551 66
551 587
586 551
586 551
113 551
113 586
113 586
1 113
586 1
586 113
1 586
309 1
309 113
309 586
585 309
585 309
201 309
201 585
201 585
1 201
585 1
585 201
1 585
258 1
258 201
258 585
584 258
584 258
354 258
354 584
354 584
1 354
584 1
584 354
1 584
506 1
506 354
506 584
583 506
583 506
65 583
411 583
582 65
582 411
423 506
423 582
423 582
1 423
582 1
582 423
1 582
535 582
581 1
581 423
5 535
5 581
5 581
1 5
581 1
581 5
1 581
127 1
127 581
580 5
580 127
109 127
109 580
109 580
1 109
580 1
580 109
1 580
394 1
394 109
394 580
579 394
579 394
26 394
26 579
311 26
311 579
578 26
578 311
100 311
100 578
118 578
577 100
577 100
245 118
245 577
571 245
571 577
576 245
576 571
289 571
289 576
370 289
370 576
575 289
575 370
16 370
16 575
16 575
1 16
575 1
575 16
1 575
220 1
220 16
220 575
574 220
574 220
87 220
87 574
87 574
1 87
574 1
574 87
1 574
292 1
292 87
292 574
573 292
573 292
105 292
105 573
483 105
483 573
572 105
572 483
36 483
36 572
36 572
1 36
572 1
572 36
1 572
204 1
204 36
204 572
571 204
571 204
232 204
232 571
232 571
1 232
571 1
571 232
1 571
479 1
479 232
479 571
570 479
570 479
146 570
241 570
569 146
569 241
290 479
290 569
487 290
487 569
568 290
568 487
38 487
38 568
396 568
567 38
567 38
281 396
281 567
532 281
532 567
566 281
566 532
192 532
192 566
453 566
565 192
565 192
193 453
193 565
508 193
508 565
564 193
564 508
56 508
56 564
56 564
1 56
564 1
564 56
1 564
298 1
298 56
298 564
563 298
563 298
297 298
297 563
297 563
1 297
563 1
563 297
1 563
552 563
562 1
562 297
8 562
397 8
397 562
561 397
561 397
18 552
18 561
18 561
1 18
561 1
561 18
1 561
332 561
560 1
560 18
171 332
171 560
452 171
452 560
559 171
559 452
289 452
289 559
289 559
1 289
559 1
559 289
1 559
450 1
450 289
450 559
558 450
558 450
66 450
66 558
66 558
1 66
558 1
558 66
1 558
133 1
133 66
133 558
557 133
557 133
102 133
102 557
102 557
1 102
557 1
557 102
1 557
498 1
498 102
498 557
556 498
556 498
58 498
58 556
207 58
207 58
207 556
555 207
555 207
1 207
1 555
1 555
2 1
555 2
555 1
2 555
126 1
126 2
126 555
554 126
554 126
154 126
154 554
424 154
424 554
553 154
553 424
127 424
127 553
127 553
1 127
553 1
553 127
1 553
171 1
171 127
171 553
552 171
552 171
213 171
213 552
482 213
482 552
551 213
551 482
182 482
182 551
326 551
550 182
550 182
407 326
407 550
407 550
1 407
550 1
550 407
1 550
431 1
431 407
431 550
549 431
549 431
146 431
146 549
146 549
1 146
549 1
549 146
1 549
364 1
364 146
364 549
548 364
548 364
145 364
145 548
282 145
282 145
282 548
547 282
547 282
27 282
27 547
343 27
343 547
546 27
546 343
233 343
233 546
233 546
1 233
546 1
546 233
1 546
405 1
405 233
405 546
545 405
545 405
262 545
337 545
544 262
544 337
4 405
4 544
4 544
1 4
544 1
544 4
1 544
507 1
507 544
543 4
543 507
52 507
52 543
52 543
1 52
543 1
543 52
1 543
219 1
219 52
219 543
542 219
542 219
118 542
145 118
145 219
145 542
541 145
541 145
131 145
131 541
131 541
1 131
541 1
541 131
1 541
527 1
527 131
527 541
540 527
540 527
92 527
92 540
427 92
427 92
427 540
539 427
539 427
103 427
103 539
410 103
410 539
538 103
538 410
133 538
254 538
537 133
537 254
153 410
153 537
383 153
383 153
383 537
536 383
536 383
391 383
391 536
425 391
425 536
535 391
535 425
62 425
62 535
62 535
1 62
535 1
535 62
1 535
86 1
86 62
86 535
534 86
534 86
163 534
385 86
385 163
385 534
533 385
533 385
117 385
117 533
117 533
1 117
533 1
533 117
1 533
227 1
227 117
227 533
532 227
532 227
33 227
33 532
33 532
1 33
532 1
532 33
1 532
122 1
122 33
122 532
531 122
531 122
64 122
64 531
64 531
1 64
531 1
531 64
1 531
333 1
333 64
333 531
530 333
530 333
13 333
13 530
13 530
1 13
530 1
530 13
1 530
166 1
166 13
166 530
529 166
529 166
24 166
24 529
475 24
475 529
528 24
528 475
349 475
349 528
349 528
1 349
528 1
528 349
1 528
509 1
509 349
509 528
527 509
527 509
32 509
32 527
280 32
280 32
280 527
526 280
526 280
64 526
306 64
306 280
306 526
525 306
525 306
26 306
26 525
26 525
1 26
525 1
525 26
1 525
334 1
334 26
334 525
524 334
524 334
186 334
186 524
381 186
381 186
381 524
523 381
523 381
158 523
218 523
522 158
522 218
389 381
389 522
389 522
1 389
522 1
522 389
1 522
469 1
469 522
521 389
521 469
40 469
40 521
40 521
1 40
521 1
521 40
1 521
131 521
520 1
520 40
30 131
30 520
30 520
1 30
520 1
520 30
1 520
52 520
519 1
519 30
162 52
162 519
162 519
1 162
519 1
519 162
1 519
472 1
472 162
472 519
518 472
518 472
106 472
106 518
106 518
1 106
518 1
518 106
1 518
314 1
314 106
314 518
517 314
517 314
10 314
10 517
404 10
404 10
404 517
516 404
516 404
259 404
259 516
259 516
1 259
516 1
516 259
1 516
378 1
378 259
378 516
515 378
515 378
129 378
129 515
144 129
144 515
514 129
514 144
132 514
204 132
204 144
204 514
513 204
513 204
111 204
111 513
303 111
303 513
512 111
512 303
117 303
117 512
400 117
400 512
511 117
511 400
271 400
271 511
273 511
510 271
510 271
35 510
342 35
342 510
509 273
509 342
349 509
505 342
505 349
505 509
508 505
508 505
67 505
67 508
67 508
1 67
508 1
508 67
1 508
507 1
507 508
35 67
35 507
35 507
1 35
507 1
507 35
1 507
251 1
251 35
251 507
506 251
506 251
408 251
408 506
408 506
1 408
506 1
506 408
1 506
486 506
505 1
505 408
244 505
293 505
504 244
504 293
42 504
205 504
503 42
503 205
191 486
191 503
191 503
1 191
503 1
503 191
1 503
213 1
213 503
502 191
502 213
455 502
497 213
497 502
501 455
501 497
62 501
419 62
419 501
500 419
500 419
108 500
129 108
129 500
499 129
499 129
301 497
301 499
301 499
1 301
499 1
499 301
1 499
304 499
498 1
498 301
479 498
483 304
483 479
483 498
497 483
497 483
388 483
388 497
388 497
1 388
497 1
497 388
1 497
446 1
446 497
496 388
496 446
282 446
282 496
320 282
320 496
495 282
495 320
5 495
241 495
494 5
494 241
37 320
37 494
37 494
1 37
494 1
494 37
1 494
408 1
408 37
408 494
493 408
493 408
174 408
174 493
433 174
433 174
433 493
492 433
492 433
2 433
2 492
2 492
1 2
492 1
492 2
1 492
122 1
122 2
122 492
491 122
491 122
482 122
482 491
482 491
1 482
491 1
491 482
1 491
489 1
489 482
489 491
490 489
490 489
178 489
178 490
411 178
411 178
411 490
489 411
489 411
207 411
207 489
251 207
251 489
488 207
488 251
315 251
315 488
384 315
384 488
487 315
487 384
167 384
167 487
167 487
1 167
487 1
487 167
1 487
260 1
260 487
486 167
486 260
29 260
29 486
29 486
1 29
486 1
486 29
1 486
39 1
39 29
39 486
485 39
485 39
22 39
22 485
131 485
484 22
484 22
322 131
322 484
387 484
483 322
483 322
387 483
387 483
1 387
483 1
483 387
1 483
414 1
414 387
414 483
482 414
482 414
364 414
364 482
377 364
377 364
377 482
481 377
481 377
202 377
202 481
202 481
1 202
481 1
481 202
1 481
338 1
338 202
338 481
480 338
480 338
180 338
180 480
180 480
1 180
480 1
480 180
1 480
290 1
290 480
479 180
479 290
156 479
274 479
478 156
478 274
145 290
145 478
424 145
424 145
424 478
477 424
477 424
86 477
151 477
476 86
476 151
354 476
389 354
389 424
389 476
475 389
475 389
286 389
286 475
286 475
1 286
475 1
475 286
1 475
425 1
425 286
425 475
474 425
474 425
19 425
19 474
355 19
355 474
473 19
473 355
35 473
429 473
472 35
472 355
22 472
374 22
374 472
471 374
471 374
161 471
287 161
287 429
287 471
470 287
470 287
204 287
204 470
459 470
469 204
469 204
323 469
404 323
404 469
468 404
468 404
286 459
286 468
467 286
467 286
467 468
1 467
203 467
257 467
466 1
466 203
321 257
321 466
321 466
1 321
466 1
466 321
1 466
429 1
429 321
429 466
465 429
465 429
173 429
173 465
173 465
1 173
465 1
465 173
1 465
238 1
238 173
238 465
464 238
464 238
340 238
340 464
340 464
1 340
464 1
464 340
1 464
368 1
368 340
368 464
463 368
463 368
189 368
189 463
189 463
1 189
463 1
463 189
1 463
250 1
250 189
250 463
462 250
462 250
35 250
35 462
35 462
1 35
462 1
462 35
1 462
67 1
67 35
67 462
461 67
461 67
223 67
223 461
459 461
460 223
460 223
12 460
352 12
352 460
459 352
11 352
11 459
11 459
1 11
459 1
459 11
1 459
12 1
12 11
12 459
458 12
458 12
17 12
17 458
17 458
1 17
458 1
458 17
1 458
437 1
437 17
437 458
457 437
457 437
90 437
90 457
90 457
1 90
457 1
457 90
1 457
392 1
392 90
392 457
456 392
456 392
118 392
118 456
118 456
1 118
456 1
456 118
1 456
370 1
370 118
370 456
455 370
455 370
268 370
268 455
353 268
353 268
353 455
454 353
454 353
182 353
182 454
414 454
453 182
453 182
130 453
334 130
334 453
452 334
452 334
118 414
118 452
295 118
295 118
295 452
451 295
451 295
56 451
81 56
81 295
81 451
450 81
450 81
230 450
449 81
449 450
130 230
130 449
130 449
1 130
449 1
449 130
1 449
278 1
278 449
448 130
448 278
27 278
27 448
27 448
1 27
448 1
448 27
1 448
418 1
418 448
447 27
447 418
142 418
142 447
263 142
263 142
263 447
446 263
446 263
30 446
91 30
91 446
445 91
445 91
65 263
65 445
65 445
1 65
445 1
445 65
1 445
413 1
413 445
444 65
444 413
221 413
221 444
221 444
1 221
444 1
444 221
1 444
391 1
391 221
391 444
443 391
443 391
65 443
245 65
245 443
442 245
442 245
27 391
27 442
27 442
1 27
442 1
442 27
1 442
112 442
441 1
441 27
30 441
171 30
171 112
171 441
440 171
440 171
141 171
141 440
141 440
1 141
440 1
440 141
1 440
335 1
335 141
335 440
439 335
439 335
69 335
69 439
412 439
438 69
438 69
1 412
1 438
315 1
315 1
315 438
437 315
437 315
30 437
89 437
436 30
436 89
27 315
27 436
27 436
1 27
436 1
436 27
1 436
425 436
435 1
435 27
98 425
98 435
98 435
1 98
435 1
435 98
1 435
332 1
332 435
434 98
434 332
35 434
425 35
425 434
433 332
433 425
322 425
322 433
421 322
421 322
421 433
432 421
432 421
185 421
185 432
259 432
431 185
431 185
41 259
41 431
288 41
288 431
430 41
430 288
100 288
100 430
100 430
1 100
430 1
430 100
1 430
115 1
115 100
115 430
429 115
429 115
246 115
246 429
246 429
1 246
429 1
429 246
1 429
326 429
428 1
428 246
44 326
44 428
44 428
1 44
428 1
428 44
1 428
151 1
151 44
151 428
427 151
427 151
71 427
373 427
426 71
426 151
73 373
73 426
73 426
1 73
426 1
426 73
1 426
93 1
93 426
425 73
425 93
144 93
144 425
236 144
236 425
424 144
424 236
346 424
418 424
423 236
423 346
5 418
5 423
5 423
1 5
423 1
423 5
1 423
352 1
352 5
352 423
422 352
422 352
187 352
187 422
329 187
329 187
329 422
421 329
421 329
200 329
200 421
320 421
420 200
420 200
92 320
92 420
92 420
1 92
420 1
420 92
1 420
204 420
419 1
419 92
165 204
165 419
165 419
1 165
419 1
419 165
1 419
260 1
260 419
418 165
418 260
344 260
344 418
384 344
384 344
384 418
417 384
417 384
249 417
285 417
416 249
416 285
288 416
344 416
415 288
415 344
20 384
20 415
20 415
1 20
415 1
415 20
1 415
268 1
268 20
268 415
414 268
414 268
152 414
160 152
160 268
160 414
413 160
413 160
74 160
74 413
74 413
1 74
413 1
413 74
1 413
259 413
412 1
412 74
153 412
403 153
403 259
403 412
411 403
411 403
43 403
43 411
43 411
1 43
411 1
411 43
1 411
72 1
72 43
72 411
410 72
410 72
35 72
35 410
406 35
406 35
406 410
409 406
409 406
136 409
188 409
408 136
408 188
13 406
13 408
13 408
1 13
408 1
408 13
1 408
206 1
206 13
206 408
407 206
407 206
82 407
130 407
406 82
406 130
40 406
63 40
63 206
63 406
405 63
405 63
200 405
207 63
207 405
404 200
404 207
212 404
309 404
403 207
403 212
78 403
371 78
371 403
402 309
402 371
305 402
348 402
401 305
401 348
224 371
224 401
224 401
1 224
401 1
401 224
1 401
260 1
260 224
260 401
400 260
400 260
119 400
285 119
285 260
285 400
399 285
399 285
240 285
240 399
240 399
1 240
399 1
399 240
1 399
328 1
328 240
328 399
398 328
398 328
50 328
50 398
222 50
222 50
222 398
397 222
397 222
100 222
100 397
100 397
1 100
397 1
397 100
1 397
338 1
338 100
338 397
396 338
396 338
132 338
132 396
132 396
1 132
396 1
396 132
1 396
392 1
392 396
395 132
395 392
60 392
60 395
365 395
394 60
394 60
27 365
27 394
353 394
393 27
393 27
250 353
250 393
286 250
286 250
286 393
392 286
392 286
25 286
25 392
276 392
391 25
391 25
51 276
51 391
303 51
303 391
390 51
390 303
270 303
270 390
270 390
1 270
390 1
390 270
1 390
328 390
389 1
389 270
40 328
40 389
76 40
76 389
388 40
388 76
95 76
95 388
95 388
1 95
388 1
388 95
1 388
234 1
234 95
234 388
387 234
387 234
48 387
232 48
232 387
386 232
386 232
41 234
41 386
41 386
1 41
386 1
386 41
1 386
277 1
277 41
277 386
385 277
385 277
276 277
276 385
347 385
384 276
384 276
231 384
254 231
254 384
383 254
383 254
257 383
381 383
382 257
382 347
56 381
56 382
56 382
1 56
382 1
382 56
1 382
229 382
381 1
381 56
263 229
263 381
263 381
1 263
381 1
381 263
1 381
363 1
363 263
363 381
380 363
380 363
130 363
130 380
140 380
379 130
379 130
294 379
356 140
356 379
378 294
378 356
102 356
102 378
102 378
1 102
378 1
378 102
1 378
195 378
377 1
377 102
45 195
45 377
45 377
1 45
377 1
377 45
1 377
71 1
71 45
71 377
376 71
376 71
134 376
210 71
210 376
375 134
375 210
179 210
179 375
358 179
358 179
358 375
374 358
374 358
209 374
231 374
373 209
373 231
109 358
109 373
360 109
360 109
360 373
372 360
372 360
202 372
364 372
371 202
371 360
231 371
277 371
370 231
370 277
31 370
54 370
369 31
369 54
178 364
178 369
178 369
1 178
369 1
369 178
1 369
321 1
321 369
368 178
368 321
131 321
131 368
131 368
1 131
368 1
368 131
1 368
240 1
240 131
240 368
367 240
367 240
153 240
153 367
153 367
1 153
367 1
367 153
1 367
211 1
211 153
211 367
366 211
366 211
15 211
15 366
232 366
365 15
365 15
107 232
107 365
326 365
364 107
364 107
29 326
29 364
269 364
363 29
363 29
100 269
100 363
100 363
1 100
363 1
363 100
1 363
286 1
286 363
362 100
362 286
154 286
154 362
216 154
216 154
216 362
361 216
361 216
39 361
105 39
105 216
105 361
360 105
360 105
167 360
290 360
359 105
359 167
13 290
13 359
308 13
308 13
308 359
358 308
358 308
61 308
61 358
61 358
1 61
358 1
358 61
1 358
135 1
135 61
135 358
357 135
357 135
2 357
195 2
195 135
195 357
356 195
356 195
82 356
311 82
311 195
311 356
355 311
355 311
281 311
281 355
281 355
1 281
355 1
355 281
1 355
327 1
327 355
354 281
354 327
63 354
200 354
353 63
353 200
173 327
173 353
229 173
229 353
352 173
352 229
48 352
298 48
298 229
298 352
351 298
351 298
183 298
183 351
183 351
1 183
351 1
351 183
1 351
250 1
250 351
350 183
350 250
113 350
179 350
349 113
349 179
96 250
96 349
283 349
348 96
348 96
272 283
272 348
272 348
1 272
348 1
348 272
1 348
302 1
302 272
302 348
347 302
347 302
150 302
150 347
150 347
1 150
347 1
347 150
1 347
194 1
194 150
194 347
346 194
346 194
70 194
70 346
70 346
1 70
346 1
346 70
1 346
313 1
313 346
345 70
345 313
6 313
6 345
120 6
120 345
344 6
344 120
158 120
158 344
158 344
1 158
344 1
344 158
1 344
303 1
303 158
303 344
343 303
343 303
22 343
193 22
193 343
342 193
342 193
25 303
25 342
25 342
1 25
342 1
342 25
1 342
79 1
79 25
79 342
341 79
341 79
22 79
22 341
22 341
1 22
341 1
341 22
1 341
234 341
340 1
340 22
134 340
292 340
339 134
339 234
60 292
60 339
60 339
1 60
339 1
339 60
1 339
275 1
275 60
275 339
338 275
338 275
33 275
33 338
203 33
203 33
203 338
337 203
337 203
16 203
16 337
142 337
336 16
336 16
22 142
22 336
258 22
258 22
258 336
335 258
335 258
97 335
189 97
189 258
189 335
334 189
334 189
194 189
194 334
194 334
1 194
334 1
334 194
1 334
263 334
333 1
333 194
132 333
218 132
218 333
332 218
332 218
53 263
53 332
53 332
1 53
332 1
332 53
1 332
222 332
331 1
331 53
194 331
306 194
306 331
330 222
330 306
166 306
166 330
302 166
302 166
302 330
329 302
329 302
178 302
178 329
178 329
1 178
329 1
329 178
1 329
275 1
275 178
275 329
328 275
328 275
1 275
1 328
1 328
2 1
328 2
328 1
2 328
58 1
58 328
327 2
327 58
171 58
171 327
171 327
1 171
327 1
327 171
1 327
267 1
267 171
267 327
326 267
326 267
6 326
185 326
325 6
325 185
228 325
251 228
251 325
324 251
324 251
105 267
105 324
176 324
323 105
323 105
107 323
265 107
265 176
265 323
322 265
322 265
101 265
101 322
101 322
1 101
322 1
322 101
1 322
237 1
237 101
237 322
321 237
321 237
184 321
216 184
216 321
320 216
320 216
16 320
257 16
257 237
257 320
319 257
319 257
101 319
276 101
276 319
318 257
318 276
193 276
193 318
193 318
1 193
318 1
318 193
1 318
269 1
269 318
317 193
317 269
13 269
13 317
13 317
1 13
317 1
317 13
1 317
37 1
37 317
316 13
316 37
39 37
39 316
288 39
288 39
288 316
315 288
315 288
95 315
252 315
314 95
314 252
68 314
284 68
284 314
313 284
313 284
51 288
51 313
51 313
1 51
313 1
313 51
1 313
123 1
123 51
123 313
312 123
312 123
9 312
242 312
311 9
311 123
25 311
254 311
310 25
310 242
69 254
69 310
69 310
1 69
310 1
310 69
1 310
239 1
239 310
309 69
309 239
144 239
144 309
291 309
308 144
308 144
226 291
226 308
226 308
1 226
308 1
308 226
1 308
242 1
242 308
307 226
307 242
13 242
13 307
241 307
306 13
306 13
61 306
98 306
305 61
305 98
143 305
170 305
304 143
304 170
18 241
18 304
18 304
1 18
304 1
304 18
1 304
70 1
70 304
303 18
303 70
165 303
232 70
232 165
232 303
302 232
302 232
32 302
142 32
142 302
301 142
301 142
96 232
96 301
96 301
1 96
301 1
301 96
1 301
157 301
300 1
300 96
81 300
299 300
299 81
23 157
23 299
176 23
176 299
298 23
298 176
116 176
116 298
116 298
1 116
298 1
298 116
1 298
149 1
149 298
297 116
297 149
210 297
292 149
292 210
292 297
296 292
296 292
246 296
295 246
295 296
150 292
150 295
150 295
1 150
295 1
295 150
1 295
251 1
251 295
294 150
294 251
85 251
85 294
181 85
181 294
293 85
293 181
198 181
198 293
198 293
1 198
293 1
293 198
1 293
226 1
226 293
292 198
292 226
37 226
37 292
178 37
178 37
178 292
291 178
291 178
140 178
140 291
140 291
1 140
291 1
291 140
1 291
256 1
256 140
256 291
290 256
290 256
206 256
206 290
206 290
1 206
290 1
290 206
1 290
252 1
252 206
252 290
289 252
289 252
63 252
63 289
63 289
1 63
289 1
289 63
1 289
249 289
288 1
288 63
95 249
95 288
220 95
220 288
287 95
287 220
33 287
121 287
286 33
286 121
59 220
59 286
191 286
285 59
285 59
43 191
43 285
43 285
1 43
285 1
285 43
1 285
55 1
55 285
284 43
284 55
31 55
31 284
205 284
283 31
283 31
76 205
76 283
76 283
1 76
283 1
283 76
1 283
213 283
282 1
282 76
165 213
165 282
165 282
1 165
282 1
282 165
1 282
172 1
172 282
281 165
281 172
138 281
143 281
280 138
280 143
238 172
238 280
238 280
1 238
280 1
280 238
1 280
246 280
279 1
279 238
56 246
56 279
274 279
278 56
278 56
75 274
75 278
75 278
1 75
278 1
278 75
1 278
223 278
277 1
277 75
4 277
270 4
270 223
270 277
276 270
276 270
129 270
129 276
129 276
1 129
276 1
276 129
1 276
232 1
232 276
275 129
275 232
15 275
146 15
146 232
146 275
274 146
274 146
160 274
173 146
173 160
173 274
273 173
273 173
21 273
87 21
87 273
272 87
272 87
27 272
166 27
166 272
271 166
271 166
38 173
38 271
38 271
1 38
271 1
271 38
1 271
215 1
215 38
215 271
270 215
270 215
119 215
119 270
248 119
248 270
269 119
269 248
115 248
115 269
188 115
188 115
188 269
268 188
268 188
37 188
37 268
37 268
1 37
268 1
268 37
1 268
48 268
267 1
267 37
85 267
104 48
104 85
104 267
266 104
266 104
31 104
31 266
31 266
1 31
266 1
266 31
1 266
49 1
49 31
49 266
265 49
265 49
96 265
220 49
220 96
220 265
264 220
264 220
34 220
34 264
34 264
1 34
264 1
264 34
1 264
243 1
243 34
243 264
263 243
263 243
99 263
216 99
216 243
216 263
262 216
262 216
177 216
177 262
177 262
1 177
262 1
262 177
1 262
247 1
247 177
247 262
261 247
261 247
38 261
229 38
229 261
260 229
260 229
125 260
157 260
259 125
259 157
103 247
103 259
121 259
258 103
258 103
37 258
83 258
257 37
257 83
109 121
109 257
183 257
256 109
256 109
134 183
134 256
232 134
232 134
232 256
255 232
255 232
15 255
133 255
254 15
254 133
187 232
187 254
187 254
1 187
254 1
254 187
1 254
213 1
213 187
213 254
253 213
253 213
103 253
246 253
252 103
252 213
75 246
75 252
91 252
251 75
251 75
125 91
125 251
127 125
127 125
127 251
250 127
250 127
104 127
104 250
187 104
187 104
187 250
249 187
249 187
68 187
68 249
68 249
1 68
249 1
249 68
1 249
170 1
170 68
170 249
248 170
248 170
32 248
55 248
247 32
247 55
46 170
46 247
46 247
1 46
247 1
247 46
1 247
219 1
219 46
219 247
246 219
246 219
155 219
155 246
182 246
245 155
245 155
108 182
108 245
108 245
1 108
245 1
245 108
1 245
212 1
212 108
212 245
244 212
244 212
125 212
125 244
125 244
1 125
244 1
244 125
1 244
130 1
130 125
130 244
243 130
243 130
141 130
141 243
141 243
1 141
243 1
243 141
1 243
221 1
221 243
242 141
242 221
224 242
228 242
241 221
241 224
29 228
29 241
29 241
1 29
241 1
241 29
1 241
199 1
199 241
240 29
240 199
82 240
159 82
159 240
239 159
239 159
17 239
220 17
220 239
238 199
238 220
207 238
226 238
237 207
237 220
92 237
193 92
193 237
236 193
236 193
20 226
20 236
196 20
196 20
196 236
235 196
235 196
73 196
73 235
120 73
120 73
120 235
234 120
234 120
43 234
217 234
233 43
233 120
70 217
70 233
70 233
1 70
233 1
233 70
1 233
142 1
142 233
232 70
232 142
19 232
204 19
204 232
231 142
231 204
59 204
59 231
59 231
1 59
231 1
231 59
1 231
230 1
230 59
230 231
1 230
135 1
135 230
135 230
1 135
230 1
230 135
1 230
145 1
145 135
145 230
229 145
229 145
138 229
211 138
211 229
228 145
228 211
52 211
52 228
52 228
1 52
228 1
228 52
1 228
68 1
68 52
68 228
227 68
227 68
132 68
132 227
132 227
1 132
227 1
227 132
1 227
162 1
162 132
162 227
226 162
226 162
1 162
1 226
1 226
2 1
226 2
226 1
2 226
127 1
127 226
225 2
225 127
139 127
139 225
153 225
224 139
224 139
45 153
45 224
96 45
96 224
223 45
223 96
85 96
85 223
85 223
1 85
223 1
223 85
1 223
111 1
111 85
111 223
222 111
222 111
1 111
1 222
1 222
2 1
222 2
222 1
2 222
75 1
75 222
221 2
221 75
44 221
143 44
143 221
220 75
220 143
109 143
109 220
109 220
1 109
220 1
220 109
1 220
207 220
219 1
219 109
65 219
100 65
100 219
218 100
218 100
133 218
189 218
217 133
217 189
10 207
10 217
10 217
1 10
217 1
217 10
1 217
201 217
216 1
216 10
4 201
4 216
51 4
51 4
51 216
215 51
215 51
193 51
193 215
196 193
196 193
196 215
214 196
214 196
130 196
130 214
130 214
1 130
214 1
214 130
1 214
205 1
205 130
205 214
213 205
213 205
53 205
53 213
53 213
1 53
213 1
213 53
1 213
191 1
191 213
212 53
212 191
38 191
38 212
180 212
211 38
211 38
105 211
143 211
210 105
210 143
15 180
15 210
15 210
1 15
210 1
210 15
1 210
141 210
209 1
209 15
2 141
2 209
142 2
142 2
142 209
208 142
208 142
8 142
8 208
8 208
1 8
208 1
208 8
1 208
174 1
174 8
174 208
207 174
207 174
63 174
63 207
81 207
206 63
206 63
106 81
106 206
106 206
1 106
206 1
206 106
1 206
151 206
205 1
205 106
172 151
172 205
172 205
1 172
205 1
205 172
1 205
181 1
181 205
204 172
204 181
32 181
32 204
193 32
193 32
193 204
203 193
203 193
89 193
89 203
89 203
1 89
203 1
203 89
1 203
164 203
202 1
202 89
34 164
34 202
34 202
1 34
202 1
202 34
1 202
76 202
201 1
201 34
39 76
39 201
39 201
1 39
201 1
201 39
1 201
179 1
179 201
200 39
200 179
46 179
46 200
149 46
149 46
149 200
199 149
199 149
90 149
90 199
162 199
198 90
198 90
20 198
73 20
73 162
73 198
197 73
197 73
56 73
56 197
56 197
1 56
197 1
197 56
1 197
196 1
196 197
38 56
38 196
138 38
138 38
138 196
195 138
195 138
15 195
70 195
194 15
194 70
12 138
12 194
12 194
1 12
194 1
194 12
1 194
49 1
49 12
49 194
193 49
193 49
25 49
25 193
25 193
1 25
193 1
193 25
1 193
109 1
109 25
109 193
192 109
192 109
30 109
30 192
30 192
1 30
192 1
192 30
1 192
161 192
191 1
191 30
43 161
43 191
43 191
1 43
191 1
191 43
1 191
111 191
190 1
190 43
82 111
82 190
101 82
101 82
101 190
189 101
189 101
166 101
166 189
172 166
172 189
188 166
188 172
113 172
113 188
128 113
128 113
128 188
187 128
187 128
127 187
149 127
149 128
149 187
186 149
186 149
58 149
58 186
168 58
168 58
168 186
185 168
185 168
38 168
38 185
38 185
1 38
185 1
185 38
1 185
177 185
184 1
184 38
42 177
42 184
42 184
1 42
184 1
184 42
1 184
121 1
121 42
121 184
183 121
183 121
17 183
146 17
146 121
146 183
182 146
182 146
73 146
73 182
98 73
98 73
98 182
181 98
181 98
57 98
57 181
57 181
1 57
181 1
181 57
1 181
99 1
99 57
99 181
180 99
180 99
99 180
106 99
106 180
179 99
179 106
6 106
6 179
6 179
1 6
179 1
179 6
1 179
108 179
178 1
178 6
150 108
150 178
170 178
177 150
177 150
45 170
45 177
59 45
59 45
59 177
176 59
176 59
141 59
141 176
172 141
172 176
175 141
175 172
13 172
13 175
13 175
1 13
175 1
175 13
1 175
24 1
24 13
24 175
174 24
174 24
70 174
84 24
84 70
84 174
173 84
173 84
16 173
119 16
119 173
172 84
172 119
150 172
159 119
159 172
171 150
171 159
2 159
2 171
2 171
1 2
171 1
171 2
1 171
99 1
99 2
99 171
170 99
170 99
123 99
123 170
165 123
165 170
169 123
169 165
16 165
16 169
128 16
128 169
168 16
168 128
120 168
136 120
136 168
167 128
167 136
114 136
114 167
114 167
1 114
167 1
167 114
1 167
146 1
146 114
146 167
166 146
166 146
61 146
61 166
61 166
1 61
166 1
166 61
1 166
101 166
165 1
165 61
72 165
110 72
110 165
164 101
164 110
41 164
159 41
159 110
159 164
163 159
163 159
76 163
154 76
154 163
162 154
162 154
129 162
134 129
134 159
134 162
161 134
161 134
2 134
2 161
2 161
1 2
161 1
161 2
1 161
18 161
160 1
160 2
104 18
104 160
104 160
1 104
160 1
160 104
1 160
108 160
159 1
159 104
51 108
51 159
51 159
1 51
159 1
159 51
1 159
120 159
158 1
158 51
100 120
100 158
134 158
157 100
157 100
41 157
57 41
57 157
156 57
156 57
19 134
19 156
114 19
114 19
114 156
155 114
155 114
74 114
74 155
74 155
1 74
155 1
155 74
1 155
108 1
108 155
154 74
154 108
9 108
9 154
9 154
1 9
154 1
154 9
1 154
137 1
137 9
137 154
153 137
153 137
32 153
131 153
152 32
152 131
34 137
34 152
34 152
1 34
152 1
152 34
1 152
78 1
78 34
78 152
151 78
151 78
37 151
38 37
38 78
38 151
150 38
150 38
37 38
37 150
37 150
1 37
150 1
150 37
1 150
73 1
73 37
73 150
149 73
149 73
2 73
2 149
2 149
1 2
149 1
149 2
1 149
114 1
114 149
148 2
148 114
101 114
101 148
101 148
1 101
148 1
148 101
1 148
120 1
120 148
147 101
147 120
25 120
25 147
25 147
1 25
147 1
147 25
1 147
132 147
146 1
146 25
99 146
134 99
134 146
145 132
145 134
63 134
63 145
63 145
1 63
145 1
145 63
1 145
105 1
105 145
144 63
144 105
92 105
92 144
105 92
105 92
105 144
143 105
143 105
38 105
38 143
49 38
49 38
49 143
142 49
142 49
10 142
83 10
83 142
141 49
141 83
114 83
114 141
114 141
1 114
141 1
141 114
1 141
125 141
140 1
140 114
21 140
30 140
139 21
139 30
63 139
110 139
138 63
138 110
47 125
47 138
62 138
137 47
137 47
75 137
116 62
116 137
136 75
136 116
86 136
90 86
90 116
90 136
135 90
135 90
116 135
127 135
134 90
134 116
119 127
119 134
125 134
133 119
133 119
29 133
114 29
114 133
132 114
132 114
83 132
126 83
126 132
131 125
131 126
1 131
50 131
130 1
130 50
1 126
1 130
51 130
129 1
129 1
39 51
39 129
39 129
1 39
129 1
129 39
1 129
100 1
100 129
128 39
128 100
27 100
27 128
27 128
1 27
128 1
128 27
1 128
118 1
118 27
118 128
127 118
127 118
3 118
3 127
124 3
124 3
124 127
126 124
126 124
53 124
53 126
53 126
1 53
126 1
126 53
1 126
96 1
96 53
96 126
125 96
125 96
8 125
32 8
32 96
32 125
124 32
124 32
54 124
92 124
123 32
123 54
48 92
48 123
59 123
122 48
122 48
8 59
8 122
8 122
1 8
122 1
122 8
1 122
97 1
97 122
121 8
121 97
14 97
14 121
14 121
1 14
121 1
121 14
1 121
107 1
107 14
107 121
120 107
120 107
61 120
99 61
99 107
99 120
119 99
119 99
95 99
95 119
112 119
118 95
118 95
73 112
73 118
96 73
96 118
117 73
117 96
13 96
13 117
69 13
69 117
116 13
116 69
7 116
107 116
115 7
115 69
60 115
63 115
114 60
114 63
14 107
14 114
27 14
27 14
27 114
113 27
113 27
69 27
69 113
69 113
1 69
113 1
113 69
1 113
96 113
112 1
112 69
47 96
47 112
47 112
1 47
112 1
112 47
1 112
88 1
88 47
88 112
111 88
111 88
10 111
84 10
84 88
84 111
110 84
110 84
24 110
45 24
45 110
109 45
109 45
70 84
70 109
98 70
98 109
108 70
108 98
13 98
13 108
71 13
71 13
71 108
107 71
107 71
67 71
67 107
67 107
1 67
107 1
107 67
1 107
74 107
106 1
106 67
52 74
52 106
52 106
1 52
106 1
106 52
1 106
104 106
105 1
105 52
36 105
97 36
97 105
104 97
1 97
1 104
1 104
2 1
104 2
104 1
2 104
62 1
62 104
103 2
103 62
25 62
25 103
25 103
1 25
103 1
103 25
1 103
91 1
91 25
91 103
102 91
102 91
45 102
73 102
101 45
101 73
17 91
17 101
17 101
1 17
101 1
101 17
1 101
21 1
21 17
21 101
100 21
100 21
27 21
27 100
30 27
30 100
99 27
99 30
4 30
4 99
27 4
27 4
27 99
98 27
98 27
75 98
84 98
97 27
97 75
56 84
56 97
56 97
1 56
97 1
97 56
1 97
76 1
76 97
96 56
96 76
90 76
90 96
92 90
92 90
92 96
95 92
95 92
34 92
34 95
66 34
66 34
66 95
94 66
94 66
13 66
13 94
71 94
93 13
93 13
3 71
3 93
3 93
1 3
93 1
93 3
1 93
60 1
60 3
60 93
92 60
92 60
22 92
49 22
49 60
49 92
91 49
91 49
11 49
11 91
21 11
21 11
21 91
90 21
90 21
42 90
53 90
89 21
89 42
7 53
7 89
7 89
1 7
89 1
89 7
1 89
14 89
88 1
88 7
46 14
46 88
46 88
1 46
88 1
88 46
1 88
74 1
74 46
74 88
87 74
87 74
9 74
9 87
25 87
86 9
86 9
16 25
16 86
16 86
1 16
86 1
86 16
1 86
83 86
85 1
85 16
22 83
22 85
22 85
1 22
85 1
85 22
1 85
44 85
84 1
84 22
38 84
66 38
66 44
66 84
83 66
83 66
43 66
43 83
43 83
1 43
83 1
83 43
1 83
78 83
82 1
82 43
16 78
16 82
33 16
33 82
81 16
81 33
32 33
32 81
49 81
80 32
80 32
20 49
20 80
28 20
28 20
28 80
79 28
79 28
38 79
68 28
68 38
68 79
78 68
78 68
41 68
41 78
41 78
1 41
78 1
78 41
1 78
61 78
77 1
77 41
15 61
15 77
15 77
1 15
77 1
77 15
1 77
22 1
22 77
76 15
76 22
4 76
57 4
57 22
57 76
75 57
75 57
36 57
36 75
53 36
53 75
74 36
74 53
62 74
68 74
73 53
73 62
5 68
5 73
64 73
72 5
72 5
8 64
8 72
23 72
71 8
71 8
9 23
9 71
9 71
1 9
71 1
71 9
1 71
36 1
36 71
70 9
70 36
26 36
26 70
61 26
61 26
61 70
69 61
69 61
24 61
24 69
56 24
56 69
68 24
68 56
13 56
13 68
13 68
1 13
68 1
68 13
1 68
18 1
18 13
18 68
67 18
67 18
38 18
38 67
38 67
1 38
67 1
67 38
1 67
58 1
58 67
66 38
66 58
34 58
34 66
34 66
1 34
66 1
66 34
1 66
63 1
63 34
63 66
65 63
65 63
42 63
42 65
46 42
46 42
46 65
64 46
64 46
24 46
24 64
24 64
1 24
64 1
64 24
1 64
60 1
60 64
63 24
63 60
20 60
20 63
20 63
1 20
63 1
63 20
1 63
40 1
40 20
40 63
62 40
62 40
18 62
26 18
26 40
26 62
61 26
61 26
8 26
8 61
10 8
10 8
10 61
60 10
60 10
42 10
42 60
57 42
57 42
57 60
59 57
59 57
48 57
48 59
53 59
58 48
58 48
1 53
1 58
1 58
2 1
58 2
58 1
2 58
11 1
11 58
57 2
57 11
8 11
8 57
32 57
56 8
56 8
5 32
5 56
5 56
1 5
56 1
56 5
1 56
47 1
47 56
55 5
55 47
17 47
17 55
17 55
1 17
55 1
55 17
1 55
46 55
54 1
54 17
22 46
22 54
51 54
53 22
53 22
9 51
9 53
9 53
1 9
53 1
53 9
1 53
39 53
52 1
52 9
34 52
45 34
45 52
51 39
51 45
5 45
5 51
12 5
12 51
50 5
50 12
6 12
6 50
13 50
49 6
49 6
6 13
6 49
34 6
34 6
34 49
48 34
48 34
7 48
14 7
14 48
47 14
47 14
4 34
4 47
9 4
9 4
9 47
46 9
46 9
8 46
38 46
45 8
45 9
38 45
38 45
1 38
45 1
45 38
1 45
39 45
44 1
44 38
11 39
11 44
24 44
43 11
43 11
18 43
34 18
34 43
42 24
42 34
5 42
39 5
39 42
41 34
41 39
23 41
38 41
40 23
40 38
23 39
23 40
23 40
1 23
40 1
40 23
1 40
34 1
34 23
34 40
39 34
39 34
21 34
21 39
21 39
1 21
39 1
39 21
1 39
30 39
38 1
38 21
9 30
9 38
13 9
13 9
13 38
37 13
37 13
6 13
6 37
6 37
1 6
37 1
37 6
1 37
31 1
31 37
36 6
36 31
14 36
15 14
15 36
35 15
35 15
22 31
22 35
22 35
1 22
35 1
35 22
1 35
25 1
25 35
34 22
34 25
19 25
19 34
32 19
32 34
33 19
33 32
1 32
1 33
1 33
2 1
33 2
33 1
2 33
28 1
28 2
28 33
32 28
32 28
12 28
12 32
12 32
1 12
32 1
32 12
1 32
27 1
27 12
27 32
31 27
31 27
5 31
5 31
30 5
30 5
11 30
25 11
25 30
29 25
29 25
23 27
23 29
23 29
1 23
29 1
29 23
1 29
25 29
28 1
28 23
5 25
5 28
18 28
27 5
27 5
19 27
25 18
25 27
26 19
26 25
4 26
17 4
17 25
17 26
25 17
25 17
4 25
13 4
13 25
24 13
24 13
8 17
8 24
8 24
1 8
24 1
24 8
1 24
10 1
10 24
23 8
23 10
4 10
4 23
8 4
8 23
22 4
22 8
9 22
18 22
21 8
21 9
11 18
11 21
11 21
20 11
20 11
2 20
16 20
19 2
19 11
10 16
10 19
10 19
1 10
19 1
19 10
1 19
14 1
14 10
14 19
18 14
18 14
4 14
4 18
17 18
17 4
2 4
2 17
2 17
1 2
17 1
17 2
1 17
10 1
10 17
16 2
16 10
1 10
1 16
2 1
2 16
15 1
15 2
3 2
3 15
4 3
4 3
4 15
14 4
14 4
1 4
1 14
1 14
2 1
14 2
14 1
2 14
6 1
6 14
13 2
13 6
2 6
2 13
3 13
12 2
12 2
5 3
5 12
5 12
1 5
12 1
12 5
1 12
8 1
8 12
11 5
11 8
1 11
3 11
10 1
10 3
1 8
1 10
2 10
9 1
9 1
3 9
4 9
8 2
8 3
6 8
7 4
7 6
7 8
1 7
3 1
3 7
3 7
6 3
6 3
1 3
1 6
1 6
2 1
6 2
6 1
2 6
5 1
5 6
2 5
4 5
4 2
2 4
2 4
3 2
3 2
1 3
1 3
1 2
