7910
1001 246
1001 345
526 1001
739 526
739 1001
1000 739
1000 739
688 923
688 1000
688 1000
1 688
1000 1
1000 688
1 1000
872 1
872 688
872 1000
999 872
999 872
136 872
136 999
136 999
1 136
999 1
999 136
1 999
794 1
794 999
998 136
998 794
165 794
165 998
165 998
1 165
998 1
998 165
1 998
886 1
886 165
886 998
997 886
997 886
427 886
427 997
427 997
1 427
997 1
997 427
1 997
761 1
761 427
761 997
996 761
996 761
672 761
672 996
672 996
1 672
996 1
996 672
1 996
926 996
995 1
995 672
459 926
459 995
459 995
1 459
995 1
995 459
1 995
602 995
994 1
994 459
400 602
400 994
400 994
1 400
994 1
994 400
1 994
869 1
869 400
869 994
993 869
993 869
131 869
131 993
131 993
1 131
993 1
993 131
1 993
990 1
990 131
990 993
992 990
992 990
786 990
786 992
786 992
1 786
992 1
992 786
1 992
984 1
984 992
991 786
991 984
219 984
219 991
219 991
1 219
991 1
991 219
1 991
801 1
801 991
990 219
990 801
65 990
927 990
989 65
989 801
446 989
521 446
521 989
988 521
988 521
79 927
79 988
79 988
1 79
988 1
988 79
1 988
216 1
216 79
216 988
987 216
987 216
543 216
543 987
544 543
544 987
986 543
986 544
80 544
80 986
863 986
985 80
985 80
247 863
247 985
247 985
1 247
985 1
985 247
1 985
647 1
647 247
647 985
984 647
984 647
195 647
195 984
195 984
1 195
984 1
984 195
1 984
387 1
387 195
387 984
983 387
983 387
431 387
431 983
697 431
697 431
697 983
982 697
982 697
304 697
304 982
304 982
1 304
982 1
982 304
1 982
615 1
615 304
615 982
981 615
981 615
385 615
385 981
385 981
1 385
981 1
981 385
1 981
680 1
680 385
680 981
980 680
980 680
242 680
242 980
242 980
1 242
980 1
980 242
1 980
831 980
979 1
979 242
369 831
369 979
369 979
1 369
979 1
979 369
1 979
486 1
486 979
978 369
978 486
55 486
55 978
925 978
977 55
977 55
333 925
333 977
333 977
1 333
977 1
977 333
1 977
912 1
912 977
976 333
976 912
403 976
528 403
528 912
528 976
975 528
975 528
400 528
400 975
592 400
592 400
592 975
974 592
974 592
655 974
894 592
894 974
973 655
973 894
75 894
75 973
75 973
1 75
973 1
973 75
1 973
458 1
458 75
458 973
972 458
972 458
150 458
150 972
150 972
1 150
972 1
972 150
1 972
461 1
461 150
461 972
971 461
971 461
163 461
163 971
579 163
579 971
970 163
970 579
451 970
953 451
953 970
969 579
969 953
111 953
111 969
111 969
1 111
969 1
969 111
1 969
260 1
260 969
968 111
968 260
305 260
305 968
305 968
1 305
968 1
968 305
1 968
511 1
511 305
511 968
967 511
967 511
223 511
223 967
223 967
1 223
967 1
967 223
1 967
389 1
389 223
389 967
966 389
966 389
686 389
686 966
709 686
709 966
965 686
965 709
478 709
478 965
478 965
1 478
965 1
965 478
1 965
740 1
740 478
740 965
964 740
964 740
6 740
6 964
273 6
273 6
273 964
963 273
963 273
477 273
477 963
477 963
1 477
963 1
963 477
1 963
609 1
609 477
609 963
962 609
962 609
241 609
241 962
241 962
1 241
962 1
962 241
1 962
674 1
674 241
674 962
961 674
961 674
42 674
42 961
42 961
1 42
961 1
961 42
1 961
198 1
198 42
198 961
960 198
960 198
602 198
602 960
925 602
925 960
959 602
959 925
356 925
356 959
356 959
1 356
959 1
959 356
1 959
673 1
673 959
958 356
958 673
716 958
742 958
957 673
957 716
289 742
289 957
289 957
1 289
957 1
957 289
1 957
650 1
650 957
956 289
956 650
159 650
159 956
159 956
1 159
956 1
956 159
1 956
396 1
396 956
955 159
955 396
177 396
177 955
177 955
1 177
955 1
955 177
1 955
899 1
899 177
899 955
954 899
954 899
5 899
5 954
659 5
659 954
953 5
953 659
275 953
711 275
711 953
952 659
952 711
49 711
49 952
49 952
1 49
952 1
952 49
1 952
259 1
259 49
259 952
951 259
951 259
81 259
81 951
81 951
1 81
951 1
951 81
1 951
134 1
134 951
950 81
950 134
120 134
120 950
470 120
470 120
470 950
949 470
949 470
93 470
93 949
93 949
1 93
949 1
949 93
1 949
877 1
877 93
877 949
948 877
948 877
822 877
822 948
934 948
947 822
947 822
117 934
117 947
117 947
1 117
947 1
947 117
1 947
715 1
715 117
715 947
946 715
946 715
32 715
32 946
32 946
1 32
946 1
946 32
1 946
464 1
464 946
945 32
945 464
714 464
714 945
714 945
1 714
945 1
945 714
1 945
806 1
806 945
944 714
944 806
46 944
648 46
648 944
943 648
943 648
516 806
516 943
516 943
1 516
943 1
943 516
1 943
785 1
785 516
785 943
942 785
942 785
914 785
914 942
941 914
941 914
941 942
1 941
211 1
211 941
516 941
940 211
940 211
101 516
101 940
101 940
1 101
940 1
940 101
1 940
357 1
357 940
939 101
939 357
73 357
73 939
631 73
631 73
631 939
938 631
938 631
419 631
419 938
640 419
640 419
640 938
937 640
937 640
221 640
221 937
221 937
1 221
937 1
937 221
1 937
238 1
238 221
238 937
936 238
936 238
72 238
72 936
72 936
1 72
936 1
936 72
1 936
896 1
896 72
896 936
935 896
935 896
510 896
510 935
510 935
1 510
935 1
935 510
1 935
909 1
909 510
909 935
934 909
934 909
615 934
695 615
695 934
933 695
933 695
325 909
325 933
648 933
932 325
932 325
616 648
616 932
867 616
867 932
931 616
931 867
305 867
305 931
474 305
474 305
474 931
930 474
930 474
538 474
538 930
538 930
1 538
930 1
930 538
1 930
873 1
873 538
873 930
929 873
929 873
10 873
10 929
10 929
1 10
929 1
929 10
1 929
927 1
927 10
927 929
928 927
928 927
438 927
438 928
438 928
1 438
928 1
928 438
1 928
453 1
453 438
453 928
927 453
927 453
282 453
282 927
882 927
926 282
926 282
61 882
61 926
61 926
1 61
926 1
926 61
1 926
367 1
367 61
367 926
925 367
925 367
68 367
68 925
68 925
1 68
925 1
925 68
1 925
282 1
282 68
282 925
924 282
924 282
359 282
359 924
827 359
827 359
827 924
923 827
923 827
447 827
447 923
447 923
1 447
923 1
923 447
1 923
676 1
676 447
676 923
922 676
922 676
483 676
483 922
483 922
1 483
922 1
922 483
1 922
735 1
735 483
735 922
921 735
921 735
90 735
90 921
90 921
1 90
921 1
921 90
1 921
283 1
283 90
283 921
920 283
920 283
120 283
120 920
120 920
1 120
920 1
920 120
1 920
349 1
349 120
349 920
919 349
919 349
98 349
98 919
693 98
693 98
693 919
918 693
918 693
225 693
225 918
225 918
1 225
918 1
918 225
1 918
314 918
917 1
917 225
401 314
401 917
401 917
1 401
917 1
917 401
1 917
509 1
509 401
509 917
916 509
916 509
237 916
304 237
304 916
915 304
915 304
357 509
357 915
588 357
588 915
914 357
914 588
23 588
23 914
23 914
1 23
914 1
914 23
1 914
362 1
362 23
362 914
913 362
913 362
258 362
258 913
258 913
1 258
913 1
913 258
1 913
471 1
471 258
471 913
912 471
912 471
211 471
211 912
211 912
1 211
912 1
912 211
1 912
309 1
309 211
309 912
911 309
911 309
136 309
136 911
136 911
1 136
911 1
911 136
1 911
369 1
369 911
910 136
910 369
129 369
129 910
129 910
1 129
910 1
910 129
1 910
811 1
811 129
811 910
909 811
909 811
269 909
881 909
908 269
908 811
107 881
107 908
385 107
385 908
907 107
907 385
113 385
113 907
785 113
785 113
785 907
906 785
906 785
107 785
107 906
380 906
905 107
905 107
98 380
98 905
98 905
1 98
905 1
905 98
1 905
780 1
780 98
780 905
904 780
904 780
570 780
570 904
723 570
723 570
723 904
903 723
903 723
603 723
603 903
603 903
1 603
903 1
903 603
1 903
802 1
802 603
802 903
902 802
902 802
229 802
229 902
717 229
717 229
717 902
901 717
901 717
316 901
339 316
339 901
900 339
900 339
424 717
424 900
542 424
542 900
899 424
899 542
600 542
600 899
611 600
611 600
611 899
898 611
898 611
33 611
33 898
49 898
897 33
897 33
536 49
536 897
536 897
1 536
897 1
897 536
1 897
635 1
635 897
896 536
896 635
742 896
838 896
895 635
895 742
593 895
799 593
799 895
894 799
894 799
368 838
368 894
698 368
698 368
698 894
893 698
893 698
809 698
809 893
809 893
1 809
893 1
893 809
1 893
843 1
843 809
843 893
892 843
892 843
315 843
315 892
719 315
719 892
891 315
891 719
666 719
666 891
666 891
1 666
891 1
891 666
1 891
875 1
875 666
875 891
890 875
890 875
127 875
127 890
127 890
1 127
890 1
890 127
1 890
166 1
166 127
166 890
889 166
889 166
528 889
728 166
728 528
728 889
888 728
888 728
428 728
428 888
428 888
1 428
888 1
888 428
1 888
513 888
887 1
887 428
64 513
64 887
64 887
1 64
887 1
887 64
1 887
590 1
590 64
590 887
886 590
886 590
61 886
518 61
518 590
518 886
885 518
885 518
393 518
393 885
393 885
1 393
885 1
885 393
1 885
707 1
707 393
707 885
884 707
884 707
465 707
465 884
465 884
1 465
884 1
884 465
1 884
552 1
552 884
883 465
883 552
449 552
449 883
830 449
830 449
830 883
882 830
882 830
220 830
220 882
334 220
334 220
334 882
881 334
881 334
382 334
382 881
648 382
648 881
880 382
880 648
361 648
361 880
424 361
424 361
424 880
879 424
879 424
748 424
748 879
748 879
1 748
879 1
879 748
1 879
795 1
795 748
795 879
878 795
878 795
624 795
624 878
624 878
1 624
878 1
878 624
1 878
791 1
791 624
791 878
877 791
877 791
143 877
381 143
381 877
876 381
876 381
250 876
745 250
745 876
875 745
875 745
227 875
607 227
607 875
874 607
874 607
654 791
654 874
654 874
1 654
874 1
874 654
1 874
724 1
724 654
724 874
873 724
873 724
626 724
626 873
810 873
872 626
872 626
101 872
662 872
871 101
871 662
119 810
119 871
119 871
1 119
871 1
871 119
1 871
210 1
210 119
210 871
870 210
870 210
149 210
149 870
583 149
583 149
583 870
869 583
869 583
283 583
283 869
283 869
1 283
869 1
869 283
1 869
387 1
387 283
387 869
868 387
868 387
155 387
155 868
155 868
1 155
868 1
868 155
1 868
589 1
589 868
867 155
867 589
39 589
39 867
39 867
1 39
867 1
867 39
1 867
316 1
316 39
316 867
866 316
866 316
67 316
67 866
67 866
1 67
866 1
866 67
1 866
829 1
829 67
829 866
865 829
865 829
548 829
548 865
548 865
1 548
865 1
865 548
1 865
692 1
692 548
692 865
864 692
864 692
40 692
40 864
40 864
1 40
864 1
864 40
1 864
734 1
734 40
734 864
863 734
863 734
406 734
406 863
406 863
1 406
863 1
863 406
1 863
635 1
635 406
635 863
862 635
862 635
4 635
4 862
4 862
1 4
862 1
862 4
1 862
457 1
457 4
457 862
861 457
861 457
340 457
340 861
340 861
1 340
861 1
861 340
1 861
695 1
695 340
695 861
860 695
860 695
570 695
570 860
570 860
1 570
860 1
860 570
1 860
587 1
587 570
587 860
859 587
859 587
136 587
136 859
832 136
832 859
858 136
858 832
260 832
260 858
317 260
317 858
857 260
857 317
519 857
825 317
825 519
825 857
856 825
856 825
67 856
705 67
705 825
705 856
855 705
855 705
366 705
366 855
366 855
1 366
855 1
855 366
1 855
639 1
639 855
854 366
854 639
52 639
52 854
52 854
1 52
854 1
854 52
1 854
296 1
296 52
296 854
853 296
853 296
719 296
719 853
799 719
799 719
799 853
852 799
852 799
10 799
10 852
76 10
76 10
76 852
851 76
851 76
317 76
317 851
750 851
850 317
850 317
119 850
297 119
297 850
849 297
849 297
133 849
472 849
848 133
848 472
126 750
126 848
126 848
1 126
848 1
848 126
1 848
527 1
527 126
527 848
847 527
847 527
461 527
461 847
461 847
1 461
847 1
847 461
1 847
483 1
483 847
846 461
846 483
471 483
471 846
471 846
1 471
846 1
846 471
1 846
525 1
525 471
525 846
845 525
845 525
162 525
162 845
162 845
1 162
845 1
845 162
1 845
169 1
169 162
169 845
844 169
844 169
254 169
254 844
254 844
1 254
844 1
844 254
1 844
563 1
563 254
563 844
843 563
843 563
527 563
527 843
527 843
1 527
843 1
843 527
1 843
783 843
842 1
842 527
586 783
586 842
764 586
764 842
841 586
841 764
530 841
763 530
763 764
763 841
840 763
840 763
156 840
340 156
340 763
340 840
839 340
839 340
185 340
185 839
185 839
1 185
839 1
839 185
1 839
442 1
442 185
442 839
838 442
838 442
266 442
266 838
266 838
1 266
838 1
838 266
1 838
812 1
812 838
837 266
837 812
96 812
96 837
96 837
1 96
837 1
837 96
1 837
605 1
605 96
605 837
836 605
836 605
276 605
276 836
276 836
1 276
836 1
836 276
1 836
705 1
705 836
835 276
835 705
223 705
223 835
561 835
834 223
834 223
209 561
209 834
209 834
1 209
834 1
834 209
1 834
454 1
454 834
833 209
833 454
156 454
156 833
156 833
1 156
833 1
833 156
1 833
451 1
451 156
451 833
832 451
832 451
163 451
163 832
163 832
1 163
832 1
832 163
1 832
813 1
813 163
813 832
831 813
831 813
134 813
134 831
134 831
1 134
831 1
831 134
1 831
311 1
311 831
830 134
830 311
103 830
116 830
829 103
829 116
719 311
719 829
779 719
779 829
828 719
828 779
565 779
565 828
565 828
1 565
828 1
828 565
1 828
683 1
683 565
683 828
827 683
827 683
2 827
185 2
185 683
185 827
826 185
826 185
363 185
363 826
363 826
1 363
826 1
826 363
1 826
679 1
679 363
679 826
825 679
825 679
11 825
610 11
610 825
824 610
824 610
10 824
662 824
823 10
823 662
399 679
399 823
399 823
1 399
823 1
823 399
1 823
751 1
751 399
751 823
822 751
822 751
359 751
359 822
359 822
1 359
822 1
822 359
1 822
545 1
545 359
545 822
821 545
821 545
304 821
333 304
333 821
820 333
820 333
32 545
32 820
32 820
1 32
820 1
820 32
1 820
451 1
451 820
819 32
819 451
258 819
713 258
713 819
818 451
818 713
227 713
227 818
227 818
1 227
818 1
818 227
1 818
711 1
711 227
711 818
817 711
817 711
376 711
376 817
376 817
1 376
817 1
817 376
1 817
621 1
621 376
621 817
816 621
816 621
514 621
514 816
514 816
1 514
816 1
816 514
1 816
801 1
801 514
801 816
815 801
815 801
31 801
31 815
31 815
1 31
815 1
815 31
1 815
162 1
162 815
814 31
814 162
31 162
31 814
389 31
389 814
813 31
813 389
94 389
94 813
113 813
812 94
812 94
352 113
352 812
560 352
560 352
560 812
811 560
811 560
80 560
80 811
445 811
810 80
810 80
377 445
377 810
377 810
1 377
810 1
810 377
1 810
609 1
609 810
809 377
809 609
194 809
802 194
802 609
802 809
808 802
808 802
307 802
307 808
307 808
1 307
808 1
808 307
1 808
672 808
807 1
807 307
130 672
130 807
130 807
1 130
807 1
807 130
1 807
547 1
547 130
547 807
806 547
806 547
566 547
566 806
566 806
1 566
806 1
806 566
1 806
768 1
768 566
768 806
805 768
805 768
127 768
127 805
127 805
1 127
805 1
805 127
1 805
603 805
804 1
804 127
172 603
172 804
654 804
803 172
803 172
84 654
84 803
84 803
1 84
803 1
803 84
1 803
716 1
716 84
716 803
802 716
802 716
294 802
594 294
594 802
801 594
801 594
287 801
502 287
502 716
502 801
800 502
800 502
204 502
204 800
650 204
650 204
650 800
799 650
799 650
159 650
159 799
159 799
1 159
799 1
799 159
1 799
519 799
798 1
798 159
550 519
550 798
550 798
1 550
798 1
798 550
1 798
764 1
764 550
764 798
797 764
797 764
504 764
504 797
504 797
1 504
797 1
797 504
1 797
675 1
675 504
675 797
796 675
796 675
565 796
754 565
754 796
795 675
795 754
196 754
196 795
196 795
1 196
795 1
795 196
1 795
365 1
365 795
794 196
794 365
291 365
291 794
291 794
1 291
794 1
794 291
1 794
558 1
558 291
558 794
793 558
793 558
331 558
331 793
435 331
435 793
792 331
792 435
681 435
681 792
681 792
1 681
792 1
792 681
1 792
739 792
791 1
791 681
298 791
762 298
762 739
762 791
790 762
790 762
155 762
155 790
389 155
389 790
789 155
789 389
33 789
715 33
715 789
788 389
788 715
488 715
488 788
532 488
532 788
787 488
787 532
131 532
131 787
708 131
708 131
708 787
786 708
786 708
198 786
704 786
785 198
785 704
86 708
86 785
86 785
1 86
785 1
785 86
1 785
363 785
784 1
784 86
164 363
164 784
646 164
646 164
646 784
783 646
783 646
495 646
495 783
495 783
1 495
783 1
783 495
1 783
706 1
706 495
706 783
782 706
782 706
360 706
360 782
360 782
1 360
782 1
782 360
1 782
596 1
596 360
596 782
781 596
781 596
159 596
159 781
482 159
482 159
482 781
780 482
780 482
427 780
726 780
779 427
779 482
599 726
599 779
599 779
1 599
779 1
779 599
1 779
678 1
678 599
678 779
778 678
778 678
396 678
396 778
396 778
1 396
778 1
778 396
1 778
449 1
449 396
449 778
777 449
777 449
324 449
324 777
324 777
1 324
777 1
777 324
1 777
421 1
421 777
776 324
776 421
153 421
153 776
542 153
542 153
542 776
775 542
775 542
171 542
171 775
171 775
1 171
775 1
775 171
1 775
584 1
584 775
774 171
774 584
112 584
112 774
112 774
1 112
774 1
774 112
1 774
589 1
589 112
589 774
773 589
773 589
261 589
261 773
261 773
1 261
773 1
773 261
1 773
655 1
655 261
655 773
772 655
772 655
281 655
281 772
281 772
1 281
772 1
772 281
1 772
368 1
368 281
368 772
771 368
771 368
37 368
37 771
37 771
1 37
771 1
771 37
1 771
298 1
298 37
298 771
770 298
770 298
101 298
101 770
189 101
189 770
769 101
769 189
311 189
311 769
311 769
1 311
769 1
769 311
1 769
568 1
568 311
568 769
768 568
768 568
547 768
724 768
767 547
767 568
65 724
65 767
65 767
1 65
767 1
767 65
1 767
69 1
69 767
766 65
766 69
102 69
102 766
102 766
1 102
766 1
766 102
1 766
218 1
218 102
218 766
765 218
765 218
499 218
499 765
499 765
1 499
765 1
765 499
1 765
704 1
704 499
704 765
764 704
764 704
81 764
285 81
285 704
285 764
763 285
763 285
654 285
654 763
654 763
1 654
763 1
763 654
1 763
744 763
762 1
762 654
184 762
461 762
761 184
761 461
132 761
715 132
715 744
715 761
760 715
760 715
327 715
327 760
327 760
1 327
760 1
760 327
1 760
593 1
593 760
759 327
759 593
159 759
627 159
627 593
627 759
758 627
758 627
12 627
12 758
12 758
1 12
758 1
758 12
1 758
314 1
314 12
314 758
757 314
757 314
68 314
68 757
677 68
677 68
677 757
756 677
756 677
37 756
355 756
755 37
755 355
418 677
418 755
707 755
754 418
754 418
62 707
62 754
62 754
1 62
754 1
754 62
1 754
134 754
753 1
753 62
507 134
507 753
507 753
1 507
753 1
753 507
1 753
580 1
580 507
580 753
752 580
752 580
204 752
283 204
283 752
751 283
751 283
148 580
148 751
529 751
750 148
750 148
215 529
215 750
215 750
1 215
750 1
750 215
1 750
690 1
690 215
690 750
749 690
749 690
59 690
59 749
59 749
1 59
749 1
749 59
1 749
241 749
748 1
748 59
190 748
217 190
217 748
747 217
747 217
399 241
399 747
516 399
516 399
516 747
746 516
746 516
175 516
175 746
175 746
1 175
746 1
746 175
1 746
733 746
745 1
745 175
201 733
201 745
638 201
638 201
638 745
744 638
744 638
176 744
643 176
643 744
743 638
743 643
176 743
742 743
742 176
314 742
346 314
346 742
741 346
741 346
475 643
475 741
475 741
1 475
741 1
741 475
1 741
539 1
539 475
539 741
740 539
740 539
211 539
211 740
211 740
1 211
740 1
740 211
1 740
258 740
739 1
739 211
160 258
160 739
431 739
738 160
738 160
31 431
31 738
496 31
496 738
737 31
737 496
310 496
310 737
310 737
1 310
737 1
737 310
1 737
401 737
736 1
736 310
73 401
73 736
73 736
1 73
736 1
736 73
1 736
373 1
373 73
373 736
735 373
735 373
76 373
76 735
76 735
1 76
735 1
735 76
1 735
734 1
734 76
734 735
1 734
100 734
624 734
733 1
733 100
221 624
221 733
427 221
427 221
427 733
732 427
732 427
661 427
661 732
661 732
1 661
732 1
732 661
1 732
664 1
664 732
731 661
731 664
214 664
214 731
615 214
615 214
615 731
730 615
730 615
350 615
350 730
350 730
1 350
730 1
730 350
1 730
439 1
439 350
439 730
729 439
729 439
72 439
72 729
72 729
1 72
729 1
729 72
1 729
593 729
728 1
728 72
164 593
164 728
286 728
727 164
727 164
91 286
91 727
91 727
1 91
727 1
727 91
1 727
271 1
271 91
271 727
726 271
726 271
601 271
601 726
601 726
1 601
726 1
726 601
1 726
669 1
669 601
669 726
725 669
725 669
517 669
517 725
517 725
1 517
725 1
725 517
1 725
582 1
582 517
582 725
724 582
724 582
389 724
638 389
638 582
638 724
723 638
723 638
122 638
122 723
122 723
1 122
723 1
723 122
1 723
624 1
624 723
722 122
722 624
228 624
228 722
421 228
421 228
421 722
721 421
721 421
378 421
378 721
653 378
653 378
653 721
720 653
720 653
381 653
381 720
381 720
1 381
720 1
720 381
1 720
428 720
719 1
719 381
381 428
381 719
381 719
1 381
719 1
719 381
1 719
639 1
639 719
718 381
718 639
150 639
150 718
256 150
256 150
256 718
717 256
717 256
182 717
372 717
716 182
716 256
227 372
227 716
260 227
260 227
260 716
715 260
715 260
152 260
152 715
152 715
1 152
715 1
715 152
1 715
697 715
714 1
714 152
241 714
290 241
290 697
290 714
713 290
713 290
339 290
339 713
339 713
1 339
713 1
713 339
1 713
479 713
712 1
712 339
75 479
75 712
75 712
1 75
712 1
712 75
1 712
257 1
257 712
711 75
711 257
364 711
415 711
710 257
710 364
126 415
126 710
233 126
233 710
709 126
709 233
416 233
416 709
416 709
1 416
709 1
709 416
1 709
594 709
708 1
708 416
461 708
553 461
553 594
553 708
707 553
707 553
157 553
157 707
258 157
258 707
706 157
706 258
98 258
98 706
98 706
1 98
706 1
706 98
1 706
102 1
102 98
102 706
705 102
705 102
266 102
266 705
687 266
687 705
704 266
704 687
77 687
77 704
662 77
662 704
703 77
703 662
200 662
200 703
200 703
1 200
703 1
703 200
1 703
426 1
426 200
426 703
702 426
702 426
272 426
272 702
272 702
1 272
702 1
702 272
1 702
578 1
578 702
701 272
701 578
233 578
233 701
432 233
432 233
432 701
700 432
700 432
213 432
213 700
213 700
1 213
700 1
700 213
1 700
388 1
388 700
699 213
699 388
337 388
337 699
337 699
1 337
699 1
699 337
1 699
595 1
595 699
698 337
698 595
313 698
544 698
697 313
697 544
545 697
556 697
696 545
696 556
254 696
406 254
406 595
406 696
695 406
695 406
174 695
488 695
694 174
694 406
280 488
280 694
472 280
472 694
693 280
693 472
227 693
651 693
692 227
692 472
533 692
659 692
691 533
691 651
148 659
148 691
148 691
1 148
691 1
691 148
1 691
615 1
615 691
690 148
690 615
241 615
241 690
241 690
1 241
690 1
690 241
1 690
562 690
689 1
689 241
405 562
405 689
405 689
1 405
689 1
689 405
1 689
466 1
466 405
466 689
688 466
688 466
205 688
553 205
553 466
553 688
687 553
687 553
84 687
635 687
686 84
686 553
229 635
229 686
229 686
1 229
686 1
686 229
1 686
441 1
441 229
441 686
685 441
685 441
569 441
569 685
569 685
1 569
685 1
685 569
1 685
639 1
639 569
639 685
684 639
684 639
676 639
676 684
677 684
683 676
683 676
288 677
288 683
624 288
624 683
682 288
682 624
124 624
124 682
124 682
1 124
682 1
682 124
1 682
378 1
378 124
378 682
681 378
681 378
51 378
51 681
164 681
680 51
680 51
527 680
630 680
679 164
679 527
199 630
199 679
612 199
612 199
612 679
678 612
678 612
139 612
139 678
139 678
1 139
678 1
678 139
1 678
254 1
254 139
254 678
677 254
677 254
2 254
2 677
2 677
1 2
677 1
677 2
1 677
216 1
216 2
216 677
676 216
676 216
345 216
345 676
371 676
675 345
675 345
198 675
339 198
339 675
674 339
674 339
105 371
105 674
112 105
112 674
673 105
673 112
452 112
452 673
452 673
1 452
673 1
673 452
1 673
657 1
657 452
657 673
672 657
672 657
264 672
366 264
366 657
366 672
671 366
671 366
262 671
263 262
263 366
263 671
670 263
670 263
278 263
278 670
278 670
1 278
670 1
670 278
1 670
397 1
397 278
397 670
669 397
669 397
91 669
659 91
659 669
668 397
668 659
486 659
486 668
541 486
541 486
541 668
667 541
667 541
1 541
1 667
1 667
2 1
667 2
667 1
2 667
278 667
666 1
666 2
502 278
502 666
655 502
655 666
665 502
665 655
314 655
314 665
631 314
631 665
664 314
664 631
389 631
389 664
389 664
1 389
664 1
664 389
1 664
520 1
520 389
520 664
663 520
663 520
414 520
414 663
414 663
1 414
663 1
663 414
1 663
514 1
514 663
662 414
662 514
483 662
586 483
586 514
586 662
661 586
661 586
141 661
387 141
387 586
387 661
660 387
660 387
198 387
198 660
552 198
552 660
659 198
659 552
521 552
521 659
521 659
1 521
659 1
659 521
1 659
588 1
588 521
588 659
658 588
658 588
585 588
585 658
646 585
646 658
657 585
657 646
234 646
234 657
600 657
656 234
656 234
110 600
110 656
110 656
1 110
656 1
656 110
1 656
374 1
374 110
374 656
655 374
655 374
339 374
339 655
339 655
1 339
655 1
655 339
1 655
382 655
654 1
654 339
218 382
218 654
335 654
653 218
653 218
115 653
254 653
652 115
652 254
279 335
279 652
279 652
1 279
652 1
652 279
1 652
583 1
583 652
651 279
651 583
250 583
250 651
499 250
499 651
650 250
650 499
1 499
1 650
406 650
649 1
649 1
341 406
341 649
464 649
648 341
648 341
198 464
198 648
198 648
1 198
648 1
648 198
1 648
393 1
393 198
393 648
647 393
647 393
467 393
467 647
545 467
545 467
545 647
646 545
646 545
218 646
358 218
358 545
358 646
645 358
645 358
327 358
327 645
390 327
390 327
390 645
644 390
644 390
226 390
226 644
226 644
1 226
644 1
644 226
1 644
316 1
316 644
643 226
643 316
256 643
404 256
404 643
642 316
642 404
16 404
16 642
16 642
1 16
642 1
642 16
1 642
191 1
191 16
191 642
641 191
641 191
513 191
513 641
513 641
1 513
641 1
641 513
1 641
626 1
626 513
626 641
640 626
640 626
17 640
177 17
177 626
177 640
639 177
639 177
415 177
415 639
587 415
587 415
587 639
638 587
638 587
352 587
352 638
455 352
455 638
637 352
637 455
41 455
41 637
41 637
1 41
637 1
637 41
1 637
342 1
342 637
636 41
636 342
9 342
9 636
9 636
1 9
636 1
636 9
1 636
454 1
454 9
454 636
635 454
635 454
210 454
210 635
210 635
1 210
635 1
635 210
1 635
486 635
634 1
634 210
343 486
343 634
524 343
524 634
633 343
633 524
508 524
508 633
508 633
1 508
633 1
633 508
1 633
620 1
620 508
620 633
632 620
632 620
153 620
153 632
153 632
1 153
632 1
632 153
1 632
456 1
456 153
456 632
631 456
631 456
15 631
112 631
630 15
630 112
12 456
12 630
342 12
342 12
342 630
629 342
629 342
493 342
493 629
493 629
1 493
629 1
629 493
1 629
506 629
628 1
628 493
504 506
504 628
504 628
1 504
628 1
628 504
1 628
552 628
627 1
627 504
204 627
496 627
626 204
626 496
133 552
133 626
204 626
625 133
625 133
181 204
181 625
377 181
377 181
377 625
624 377
624 377
283 624
527 283
527 377
527 624
623 527
623 527
398 527
398 623
398 623
1 398
623 1
623 398
1 623
519 1
519 623
622 398
622 519
85 519
85 622
85 622
1 85
622 1
622 85
1 622
94 1
94 622
621 85
621 94
190 621
557 94
557 190
557 621
620 557
620 557
447 620
563 447
563 620
619 557
619 563
11 563
11 619
602 619
618 11
618 11
322 602
322 618
322 618
1 322
618 1
618 322
1 618
550 1
550 618
617 322
617 550
24 550
24 617
153 24
153 24
153 617
616 153
616 153
149 616
293 149
293 153
293 616
615 293
615 293
236 615
349 236
349 615
614 293
614 349
94 349
94 614
94 614
1 94
614 1
614 94
1 614
310 1
310 614
613 94
613 310
189 310
189 613
189 613
1 189
613 1
613 189
1 613
494 1
494 189
494 613
612 494
612 494
101 494
101 612
101 612
1 101
612 1
612 101
1 612
333 1
333 101
333 612
611 333
611 333
33 611
367 33
367 611
610 333
610 367
170 367
170 610
195 610
609 170
609 170
243 195
243 609
278 243
278 609
608 243
608 278
283 608
546 278
546 608
607 283
607 546
498 546
498 607
595 607
606 498
606 498
252 595
252 606
447 252
447 252
447 606
605 447
605 447
131 447
131 605
131 605
1 131
605 1
605 131
1 605
409 1
409 131
409 605
604 409
604 409
26 409
26 604
26 604
1 26
604 1
604 26
1 604
44 1
44 604
603 26
603 44
217 603
320 603
602 44
602 217
33 320
33 602
33 602
1 33
602 1
602 33
1 602
600 1
600 33
600 602
601 600
601 600
32 601
198 32
198 600
198 601
600 198
600 198
15 600
564 15
564 600
599 198
599 564
81 599
428 81
428 564
428 599
598 428
598 428
94 598
97 94
97 428
97 598
597 97
597 97
22 97
22 597
92 22
92 597
596 22
596 92
311 596
565 92
565 311
565 596
595 565
595 565
372 565
372 595
372 595
1 372
595 1
595 372
1 595
542 1
542 595
594 372
594 542
257 542
257 594
338 257
338 257
338 594
593 338
593 338
332 338
332 593
332 593
1 332
593 1
593 332
1 593
357 1
357 332
357 593
592 357
592 357
283 357
283 592
283 592
1 283
592 1
592 283
1 592
399 1
399 283
399 592
591 399
591 399
107 399
107 591
107 591
1 107
591 1
591 107
1 591
437 1
437 107
437 591
590 437
590 437
68 437
68 590
568 68
568 68
568 590
589 568
589 568
311 568
311 589
426 589
588 311
588 311
368 588
430 588
587 368
587 426
352 430
352 587
419 352
419 587
586 352
586 419
119 419
119 586
119 586
1 119
586 1
586 119
1 586
253 1
253 586
585 119
585 253
306 253
306 585
306 585
1 306
585 1
585 306
1 585
564 1
564 306
564 585
584 564
584 564
288 564
288 584
288 584
1 288
584 1
584 288
1 584
556 584
583 1
583 288
202 556
202 583
202 583
1 202
583 1
583 202
1 583
211 1
211 583
582 202
582 211
45 211
45 582
45 582
1 45
582 1
582 45
1 582
256 1
256 582
581 45
581 256
274 256
274 581
274 581
1 274
581 1
581 274
1 581
513 581
580 1
580 274
330 513
330 580
574 330
574 580
579 330
579 574
116 574
116 579
116 579
1 116
579 1
579 116
1 579
464 1
464 116
464 579
578 464
578 464
288 578
358 288
358 578
577 358
577 358
103 464
103 577
103 577
1 103
577 1
577 103
1 577
310 1
310 577
576 103
576 310
66 310
66 576
66 576
1 66
576 1
576 66
1 576
180 1
180 66
180 576
575 180
575 180
272 180
272 575
272 575
1 272
575 1
575 272
1 575
351 1
351 272
351 575
574 351
574 351
214 574
322 214
322 351
322 574
573 322
573 322
491 322
491 573
491 573
1 491
573 1
573 491
1 573
506 1
506 491
506 573
572 506
572 506
96 506
96 572
375 96
375 96
375 572
571 375
571 375
176 375
176 571
290 176
290 571
570 176
570 290
80 290
80 570
80 570
1 80
570 1
570 80
1 570
100 1
100 570
569 80
569 100
83 569
375 83
375 569
568 100
568 375
79 375
79 568
79 568
1 79
568 1
568 79
1 568
199 568
567 1
567 79
123 199
123 567
123 567
1 123
567 1
567 123
1 567
509 567
566 1
566 123
90 509
90 566
90 566
1 90
566 1
566 90
1 566
208 566
565 1
565 90
36 208
36 565
36 565
1 36
565 1
565 36
1 565
370 565
564 1
564 36
218 370
218 564
222 564
563 218
563 218
184 222
184 563
304 184
304 563
562 184
562 304
58 304
58 562
58 562
1 58
562 1
562 58
1 562
555 1
555 562
561 58
561 555
199 555
199 561
199 561
1 199
561 1
561 199
1 561
287 1
287 199
287 561
560 287
560 287
22 287
22 560
22 560
1 22
560 1
560 22
1 560
285 1
285 22
285 560
559 285
559 285
29 285
29 559
29 559
1 29
559 1
559 29
1 559
524 1
524 29
524 559
558 524
558 524
492 558
550 492
550 558
557 524
557 550
357 557
508 357
508 557
556 508
556 508
88 550
88 556
121 88
121 556
555 88
555 121
264 121
264 555
264 555
1 264
555 1
555 264
1 555
466 1
466 264
466 555
554 466
554 466
51 466
51 554
51 554
1 51
554 1
554 51
1 554
176 1
176 51
176 554
553 176
553 176
168 553
220 553
552 168
552 176
286 220
286 552
286 552
1 286
552 1
552 286
1 552
551 1
551 286
551 552
1 551
514 551
532 551
550 1
550 514
474 550
508 474
508 532
508 550
549 508
549 508
90 508
90 549
241 549
548 90
548 90
136 241
136 548
340 548
547 136
547 136
240 340
240 547
244 240
244 547
546 240
546 244
76 546
200 76
200 546
545 200
545 200
32 244
32 545
32 545
1 32
545 1
545 32
1 545
278 1
278 32
278 545
544 278
544 278
482 278
482 544
486 482
486 482
486 544
543 486
543 486
29 543
398 29
398 486
398 543
542 398
542 398
311 542
441 311
441 398
441 542
541 441
541 441
34 441
34 541
106 34
106 541
540 34
540 106
236 106
236 540
448 236
448 236
448 540
539 448
539 448
371 539
419 371
419 539
538 419
538 419
377 448
377 538
377 538
1 377
538 1
538 377
1 538
466 1
466 377
466 538
537 466
537 466
22 466
22 537
340 22
340 537
536 22
536 340
107 340
107 536
271 107
271 107
271 536
535 271
535 271
269 271
269 535
269 535
1 269
535 1
535 269
1 535
346 1
346 269
346 535
534 346
534 346
211 346
211 534
500 211
500 211
500 534
533 500
533 500
6 500
6 533
6 533
1 6
533 1
533 6
1 533
355 1
355 533
532 6
532 355
79 355
79 532
79 532
1 79
532 1
532 79
1 532
242 1
242 79
242 532
531 242
531 242
326 242
326 531
326 531
1 326
531 1
531 326
1 531
428 1
428 326
428 531
530 428
530 428
9 530
215 530
529 9
529 215
96 428
96 529
100 96
100 96
100 529
528 100
528 100
182 528
455 528
527 100
527 182
312 527
427 312
427 455
427 527
526 427
526 427
327 427
327 526
327 526
1 327
526 1
526 327
1 526
419 1
419 327
419 526
525 419
525 419
71 525
524 525
524 71
172 419
172 524
188 172
188 524
523 172
523 188
120 188
120 523
120 523
1 120
523 1
523 120
1 523
221 523
522 1
522 120
110 522
441 110
441 221
441 522
521 441
521 441
58 441
58 521
514 58
514 521
520 58
520 514
196 514
196 520
196 520
1 196
520 1
520 196
1 520
341 1
341 196
341 520
519 341
519 341
237 341
237 519
237 519
1 237
519 1
519 237
1 519
490 1
490 237
490 519
518 490
518 490
283 490
283 518
283 518
1 283
518 1
518 283
1 518
488 1
488 518
517 283
517 488
243 517
449 243
449 517
516 449
516 449
253 488
253 516
362 253
362 253
362 516
515 362
515 362
201 515
250 515
514 201
514 250
187 362
187 514
495 514
513 187
513 187
134 513
191 134
191 513
512 191
512 191
52 495
52 512
418 52
418 52
418 512
511 418
511 418
138 418
138 511
138 511
1 138
511 1
511 138
1 511
216 1
216 138
216 511
510 216
510 216
115 510
412 510
509 115
509 216
122 412
122 509
122 509
1 122
509 1
509 122
1 509
439 1
439 122
439 509
508 439
508 439
41 439
41 508
276 41
276 41
276 508
507 276
507 276
399 276
399 507
421 399
421 507
506 399
506 421
98 421
98 506
98 506
1 98
506 1
506 98
1 506
416 1
416 98
416 506
505 416
505 416
134 416
134 505
435 134
435 134
435 505
504 435
504 435
169 504
213 504
503 169
503 213
186 435
186 503
186 503
1 186
503 1
503 186
1 503
276 1
276 503
502 186
502 276
260 502
499 260
499 276
499 502
501 499
501 499
15 499
15 501
15 501
1 15
501 1
501 15
1 501
63 1
63 15
63 501
500 63
500 63
24 500
402 500
499 24
499 63
155 499
161 155
161 499
498 161
498 161
212 402
212 498
286 498
497 212
497 212
283 286
283 497
294 283
294 283
294 497
496 294
496 294
40 496
403 40
403 294
403 496
495 403
495 403
30 495
411 495
494 30
494 403
90 494
200 90
200 494
493 200
493 200
248 411
248 493
326 493
492 248
492 248
115 326
115 492
115 492
1 115
492 1
492 115
1 492
273 1
273 492
491 115
491 273
359 273
359 491
434 359
434 491
490 359
490 434
101 434
101 490
158 490
489 101
489 101
24 158
24 489
315 24
315 24
315 489
488 315
488 315
233 315
233 488
233 488
1 233
488 1
488 233
1 488
361 1
361 233
361 488
487 361
487 361
136 361
136 487
136 487
1 136
487 1
487 136
1 487
434 1
434 487
486 136
486 434
151 486
386 486
485 151
485 386
21 434
21 485
121 21
121 485
484 21
484 121
347 121
347 484
347 484
1 347
484 1
484 347
1 484
403 484
483 1
483 347
325 403
325 483
467 483
482 325
482 325
244 467
244 482
394 244
394 244
394 482
481 394
481 394
431 394
431 481
431 481
1 431
481 1
481 431
1 481
444 1
444 431
444 481
480 444
480 444
115 480
436 115
436 444
436 480
479 436
479 436
348 436
348 479
435 348
435 479
478 348
478 435
229 435
229 478
229 478
1 229
478 1
478 229
1 478
437 1
437 229
437 478
477 437
477 437
75 477
198 477
476 75
476 198
360 476
426 476
475 360
475 426
269 437
269 475
284 269
284 269
284 475
474 284
474 284
310 474
423 474
473 284
473 310
176 423
176 473
285 176
285 473
472 176
472 285
87 285
87 472
87 472
1 87
472 1
472 87
1 472
459 1
459 87
459 472
471 459
471 459
86 471
87 471
470 86
470 87
108 459
108 470
281 470
469 108
469 108
141 281
141 469
141 469
1 141
469 1
469 141
1 469
390 469
468 1
468 141
302 390
302 468
302 468
1 302
468 1
468 302
1 468
393 1
393 468
467 302
467 393
14 467
447 14
447 467
466 393
466 447
22 466
209 22
209 447
209 466
465 209
465 209
231 209
231 465
342 231
342 231
342 465
464 342
464 342
197 342
197 464
197 464
1 197
464 1
464 197
1 464
200 464
463 1
463 197
257 200
257 463
257 463
1 257
463 1
463 257
1 463
305 463
462 1
462 257
294 462
375 462
461 294
461 305
126 461
242 461
460 126
460 242
250 375
250 460
407 250
407 460
459 250
459 407
13 459
357 13
357 459
458 357
458 357
110 458
453 458
457 110
457 407
149 457
402 457
456 149
456 402
374 453
374 456
374 456
1 374
456 1
456 374
1 456
449 1
449 456
455 374
455 449
80 449
80 455
85 455
454 80
454 80
218 85
218 454
218 454
1 218
454 1
454 218
1 454
442 1
442 454
453 218
453 442
21 453
88 453
452 21
452 88
277 442
277 452
315 277
315 452
451 277
451 315
27 451
266 451
450 27
450 266
207 315
207 450
207 450
1 207
450 1
450 207
1 450
412 1
412 207
412 450
449 412
449 412
99 412
99 449
122 99
122 99
122 449
448 122
448 122
87 122
87 448
87 448
1 87
448 1
448 87
1 448
251 1
251 87
251 448
447 251
447 251
183 447
270 183
270 447
446 251
446 270
319 270
319 446
319 446
1 319
446 1
446 319
1 446
443 1
443 319
443 446
445 443
445 443
43 443
43 445
48 43
48 445
444 43
444 48
17 48
17 444
204 17
204 444
443 17
443 204
26 204
26 443
26 443
1 26
443 1
443 26
1 443
420 1
420 443
442 26
442 420
358 442
440 358
440 442
441 420
441 440
84 441
158 441
440 84
2 440
221 2
221 440
439 158
439 221
131 221
131 439
131 439
1 131
439 1
439 131
1 439
305 1
305 131
305 439
438 305
438 305
350 305
350 438
350 438
1 350
438 1
438 350
1 438
374 1
374 438
437 350
437 374
71 437
122 437
436 71
436 122
149 374
149 436
254 149
254 436
435 149
435 254
223 254
223 435
223 435
1 223
435 1
435 223
1 435
243 1
243 435
434 223
434 243
60 434
416 60
416 243
416 434
433 416
433 416
255 433
319 255
319 433
432 319
432 319
68 432
233 68
233 432
431 233
431 233
34 431
357 431
430 34
430 357
122 430
371 122
371 416
371 430
429 371
429 371
26 371
26 429
223 26
223 429
428 26
428 223
66 223
66 428
377 428
427 66
427 66
98 377
98 427
266 427
426 98
426 98
69 426
160 69
160 426
425 160
425 160
331 266
331 425
331 425
1 331
425 1
425 331
1 425
362 1
362 425
424 331
424 362
151 362
151 424
197 424
423 151
423 151
60 197
60 423
134 423
422 60
422 60
36 134
36 422
36 422
1 36
422 1
422 36
1 422
328 1
328 36
328 422
421 328
421 328
165 328
165 421
165 421
1 165
421 1
421 165
1 421
310 1
310 421
420 165
420 310
86 310
86 420
230 420
419 86
419 86
185 419
327 185
327 419
418 230
418 327
224 327
224 418
393 418
417 224
417 224
68 417
249 68
249 393
249 417
416 249
416 249
63 249
63 416
263 63
263 416
415 63
415 263
78 415
182 415
414 78
414 182
297 414
329 414
413 263
413 297
59 413
301 59
301 329
301 413
412 301
412 301
198 301
198 412
208 198
208 198
208 412
411 208
411 208
32 208
32 411
32 411
1 32
411 1
411 32
1 411
224 411
410 1
410 32
140 224
140 410
140 410
1 140
410 1
410 140
1 410
295 1
295 140
295 410
409 295
409 295
225 295
225 409
225 409
1 225
409 1
409 225
1 409
318 1
318 409
408 225
408 318
318 408
318 408
1 318
408 1
408 318
1 408
402 1
402 318
402 408
407 402
407 402
241 402
241 407
250 241
250 241
250 407
406 250
406 250
10 250
10 406
260 406
405 10
405 10
3 260
3 405
16 405
404 3
404 3
54 16
54 404
54 404
1 54
404 1
404 54
1 404
55 1
55 54
55 404
403 55
403 55
83 403
329 55
329 403
402 83
402 329
34 329
34 402
238 402
401 34
401 34
224 401
300 401
400 224
400 238
142 400
207 142
207 300
207 400
399 207
399 207
30 207
30 399
318 30
318 399
398 30
398 318
188 318
188 398
245 188
245 398
397 188
397 245
57 397
324 57
324 397
396 245
396 324
172 324
172 396
204 172
204 396
395 172
395 204
128 204
128 395
128 395
1 128
395 1
395 128
1 395
261 395
394 1
394 128
198 261
198 394
356 394
393 198
393 198
10 356
10 393
10 393
1 10
393 1
393 10
1 393
281 1
281 10
281 393
392 281
392 281
11 281
11 392
11 392
1 11
392 1
392 11
1 392
169 1
169 392
391 11
391 169
14 391
169 14
169 391
390 169
390 169
284 169
284 390
284 390
1 284
390 1
390 284
1 390
337 1
337 284
337 390
389 337
389 337
57 337
57 389
117 57
117 57
117 389
388 117
388 117
129 388
195 117
195 388
387 129
387 195
254 195
254 387
254 387
1 254
387 1
387 254
1 387
370 1
370 387
386 254
386 370
223 386
326 223
326 370
326 386
385 326
385 326
83 326
83 385
154 83
154 385
384 83
384 154
93 384
252 93
252 154
252 384
383 252
383 252
220 252
220 383
220 383
1 220
383 1
383 220
1 383
277 1
277 220
277 383
382 277
382 277
281 277
281 382
340 281
340 382
381 281
381 340
53 381
60 381
380 53
380 60
170 340
170 380
170 380
1 170
380 1
380 170
1 380
236 1
236 170
236 380
379 236
379 236
116 236
116 379
255 116
255 116
255 379
378 255
378 255
129 255
129 378
129 378
1 129
378 1
378 129
1 378
241 1
241 129
241 378
377 241
377 241
3 241
3 377
201 3
201 377
376 3
376 201
196 201
196 376
196 376
1 196
376 1
376 196
1 376
326 376
375 1
375 196
139 375
264 139
264 375
374 264
374 264
101 326
101 374
293 374
373 101
373 101
216 373
292 216
292 293
292 373
372 292
372 292
120 292
120 372
120 372
1 120
372 1
372 120
1 372
264 1
264 120
264 372
371 264
371 264
117 371
367 117
367 371
370 264
370 367
74 367
74 370
74 370
1 74
370 1
370 74
1 370
255 1
255 370
369 74
369 255
161 369
240 161
240 369
368 240
368 240
248 255
248 368
267 248
267 248
267 368
367 267
367 267
159 267
159 367
159 367
1 159
367 1
367 159
1 367
269 367
366 1
366 159
159 269
159 366
315 159
315 159
315 366
365 315
365 315
147 315
147 365
147 365
1 147
365 1
365 147
1 365
149 1
149 147
149 365
364 149
364 149
165 149
165 364
178 165
178 165
178 364
363 178
363 178
30 178
30 363
279 363
362 30
362 30
116 279
116 362
116 362
1 116
362 1
362 116
1 362
162 1
162 116
162 362
361 162
361 162
234 162
234 361
234 361
1 234
361 1
361 234
1 361
294 1
294 234
294 361
360 294
360 294
246 360
326 246
326 294
326 360
359 326
359 326
50 359
342 50
342 359
358 326
358 342
19 342
19 358
19 358
1 19
358 1
358 19
1 358
298 1
298 19
298 358
357 298
357 298
165 298
165 357
165 357
1 165
357 1
357 165
1 357
289 1
289 357
356 165
356 289
218 356
287 218
287 356
355 287
355 287
265 289
265 355
265 355
1 265
355 1
355 265
1 355
280 1
280 355
354 265
354 280
39 354
247 39
247 354
353 247
353 247
25 280
25 353
25 353
1 25
353 1
353 25
1 353
201 1
201 25
201 353
352 201
352 201
140 352
215 140
215 352
351 201
351 215
237 215
237 351
237 351
1 237
351 1
351 237
1 351
310 1
310 351
350 237
350 310
17 310
17 350
35 17
35 17
35 350
349 35
349 35
251 349
256 35
256 349
348 251
348 256
47 256
47 348
47 348
1 47
348 1
348 47
1 348
165 348
347 1
347 47
306 347
334 347
346 165
346 306
207 334
207 346
255 207
255 207
255 346
345 255
345 255
163 345
215 345
344 163
344 215
89 255
89 344
89 344
1 89
344 1
344 89
1 344
310 1
310 344
343 89
343 310
76 343
236 76
236 343
342 236
342 236
9 310
9 342
9 342
1 9
342 1
342 9
1 342
223 1
223 9
223 342
341 223
341 223
282 223
282 341
282 341
1 282
341 1
341 282
1 341
290 1
290 341
340 282
340 290
225 290
225 340
225 340
1 225
340 1
340 225
1 340
273 1
273 225
273 340
339 273
339 273
68 339
268 339
338 68
338 268
169 273
169 338
169 338
1 169
338 1
338 169
1 338
197 338
337 1
337 169
100 337
244 100
244 337
336 197
336 244
177 244
177 336
177 336
1 177
336 1
336 177
1 336
313 1
313 336
335 177
335 313
261 313
261 335
268 261
268 261
268 335
334 268
334 268
33 334
44 334
333 33
333 44
101 333
285 101
285 268
285 333
332 285
332 285
109 332
175 332
331 109
331 175
223 331
229 223
229 331
330 229
330 229
125 285
125 330
154 125
154 330
329 125
329 154
71 154
71 329
71 329
1 71
329 1
329 71
1 329
142 1
142 71
142 329
328 142
328 142
205 142
205 328
296 205
296 328
327 205
327 296
10 296
10 327
56 10
56 10
56 327
326 56
326 56
163 326
186 326
325 56
325 163
183 186
183 325
183 325
1 183
325 1
325 183
1 325
194 325
324 1
324 183
255 194
255 324
289 255
289 255
289 324
323 289
323 289
17 289
17 323
17 323
1 17
323 1
323 17
1 323
280 1
280 323
322 17
322 280
122 280
122 322
122 322
1 122
322 1
322 122
1 322
202 1
202 322
321 122
321 202
3 202
3 321
3 321
1 3
321 1
321 3
1 321
60 1
60 3
60 321
320 60
320 60
101 320
160 60
160 101
160 320
319 160
319 160
33 319
136 33
136 160
136 319
318 136
318 136
109 136
109 318
177 109
177 109
177 318
317 177
317 177
18 177
18 317
137 18
137 18
137 317
316 137
316 137
198 137
198 316
292 198
292 198
292 316
315 292
315 292
64 315
116 64
116 315
314 116
314 116
82 292
82 314
82 314
1 82
314 1
314 82
1 314
120 1
120 82
120 314
313 120
313 120
21 120
21 313
21 313
1 21
313 1
313 21
1 313
297 313
312 1
312 21
6 297
6 312
300 6
300 6
300 312
311 300
311 300
249 300
249 311
249 311
1 249
311 1
311 249
1 311
286 1
286 249
286 311
310 286
310 286
124 310
144 310
309 124
309 144
148 309
153 148
153 286
153 309
308 153
308 153
106 153
106 308
106 308
1 106
308 1
308 106
1 308
225 1
225 106
225 308
307 225
307 225
129 225
129 307
129 307
1 129
307 1
307 129
1 307
172 1
172 307
306 129
306 172
291 172
291 306
291 306
1 291
306 1
306 291
1 306
304 1
304 291
304 306
305 304
305 304
81 304
81 305
281 305
304 81
304 81
156 281
156 304
156 304
1 156
304 1
304 156
1 304
206 1
206 304
303 156
303 206
30 303
69 30
69 206
69 303
302 69
302 69
160 69
160 302
216 302
301 160
301 160
91 216
91 301
91 301
1 91
301 1
301 91
1 301
249 1
249 91
249 301
300 249
300 249
194 300
290 194
290 300
299 249
299 290
21 299
271 21
271 290
271 299
298 271
298 271
87 271
87 298
87 298
1 87
298 1
298 87
1 298
115 1
115 87
115 298
297 115
297 115
43 115
43 297
43 297
1 43
297 1
297 43
1 297
95 1
95 43
95 297
296 95
296 95
216 95
216 296
216 296
1 216
296 1
296 216
1 296
292 296
295 1
295 216
135 292
135 295
135 295
1 135
295 1
295 135
1 295
292 1
292 295
294 135
294 292
128 292
128 294
251 128
251 128
251 294
293 251
293 251
39 293
273 39
273 293
292 251
292 273
185 273
185 292
220 185
220 292
291 185
291 220
11 291
51 291
290 11
290 51
2 220
2 290
266 2
266 290
289 2
289 266
131 266
131 289
131 289
1 131
289 1
289 131
1 289
165 289
288 1
288 131
12 165
12 288
12 288
1 12
288 1
288 12
1 288
257 1
257 12
257 288
287 257
287 257
27 257
27 287
112 27
112 27
112 287
286 112
286 112
19 112
19 286
19 286
1 19
286 1
286 19
1 286
176 1
176 286
285 19
285 176
120 285
217 120
217 176
217 285
284 217
284 217
249 284
257 284
283 217
283 249
55 257
55 283
55 283
1 55
283 1
283 55
1 283
132 1
132 283
282 55
282 132
103 132
103 282
226 103
226 282
281 103
281 226
194 281
243 194
243 281
280 226
280 243
183 280
187 280
279 183
279 187
90 279
174 90
174 243
174 279
278 174
278 174
149 174
149 278
149 278
1 149
278 1
278 149
1 278
275 1
275 278
277 149
277 275
10 275
10 277
10 277
1 10
277 1
277 10
1 277
170 1
170 10
170 277
276 170
276 170
29 170
29 276
182 29
182 29
182 276
275 182
275 182
50 182
50 275
50 275
1 50
275 1
275 50
1 275
195 275
274 1
274 50
18 274
133 274
273 18
273 133
30 273
63 273
272 30
272 63
29 195
29 272
29 272
1 29
272 1
272 29
1 272
83 272
271 1
271 29
9 83
9 271
9 271
1 9
271 1
271 9
1 271
235 1
235 9
235 271
270 235
270 235
205 235
205 270
233 205
233 270
269 205
269 233
238 269
244 269
268 233
268 238
185 268
236 268
267 185
267 236
80 244
80 267
92 267
266 80
266 80
65 92
65 266
65 266
1 65
266 1
266 65
1 266
248 266
265 1
265 65
123 248
123 265
123 265
1 123
265 1
265 123
1 265
150 1
150 265
264 123
264 150
71 264
167 71
167 264
263 150
263 167
49 167
49 263
49 263
1 49
263 1
263 49
1 263
98 263
262 1
262 49
41 98
41 262
41 262
1 41
262 1
262 41
1 262
55 262
261 1
261 41
209 261
249 261
260 55
260 209
98 260
101 98
101 260
259 101
259 101
73 249
73 259
256 73
256 73
256 259
258 256
258 256
150 258
224 150
224 258
257 224
257 224
174 256
174 257
174 257
1 174
257 1
257 174
1 257
187 1
187 174
187 257
256 187
256 187
116 187
116 256
116 256
1 116
256 1
256 116
1 256
194 1
194 116
194 256
255 194
255 194
158 255
248 255
254 158
254 194
12 254
137 12
137 248
137 254
253 137
253 137
107 137
107 253
248 107
248 253
252 107
252 248
6 252
233 6
233 252
251 233
251 233
140 248
140 251
140 251
1 140
251 1
251 140
1 251
176 1
176 251
250 140
250 176
219 176
219 250
229 219
229 219
229 250
249 229
249 229
146 229
146 249
146 249
1 146
249 1
249 146
1 249
213 1
213 146
213 249
248 213
248 213
173 213
173 248
173 248
1 173
248 1
248 173
1 248
204 1
204 173
204 248
247 204
247 204
90 204
90 247
225 90
225 247
246 90
246 225
5 225
5 246
5 246
1 5
246 1
246 5
1 246
211 246
245 1
245 5
87 245
207 87
207 211
207 245
244 207
244 207
52 207
52 244
52 244
1 52
244 1
244 52
1 244
164 1
164 52
164 244
243 164
243 164
21 243
68 21
68 243
242 68
242 68
166 242
182 164
182 166
182 242
241 182
241 182
46 182
46 241
46 241
1 46
241 1
241 46
1 241
144 1
144 46
144 241
240 144
240 144
181 144
181 240
232 181
232 240
239 181
239 232
102 232
102 239
102 239
1 102
239 1
239 102
1 239
139 1
139 239
238 102
238 139
125 238
219 125
219 139
219 238
237 219
237 219
56 237
202 237
236 56
236 202
169 236
195 169
195 219
195 236
235 195
235 195
18 195
18 235
23 235
234 18
234 18
93 23
93 234
192 93
192 234
233 93
233 192
99 233
110 233
232 99
232 110
110 192
110 232
119 232
231 110
231 110
7 119
7 231
192 7
192 7
192 231
230 192
230 192
92 192
92 230
92 230
1 92
230 1
230 92
1 230
132 1
132 92
132 230
229 132
229 132
131 132
131 229
169 131
169 131
169 229
228 169
228 169
42 228
47 228
227 42
227 47
104 227
226 227
226 104
24 169
24 226
24 226
1 24
226 1
226 24
1 226
134 1
134 226
225 24
225 134
4 225
99 225
224 4
224 99
29 134
29 224
29 224
1 29
224 1
224 29
1 224
92 224
223 1
223 29
214 92
214 223
214 223
1 214
223 1
223 214
1 223
217 223
222 1
222 214
20 217
20 222
20 222
1 20
222 1
222 20
1 222
130 222
221 1
221 20
8 130
8 221
8 221
1 8
221 1
221 8
1 221
141 1
141 8
141 221
220 141
220 141
72 141
72 220
72 220
1 72
220 1
220 72
1 220
132 1
132 72
132 220
219 132
219 132
22 132
22 219
22 219
1 22
219 1
219 22
1 219
109 219
218 1
218 22
129 109
129 218
217 129
217 218
55 129
55 217
55 217
1 55
217 1
217 55
1 217
208 217
216 1
216 55
2 208
2 216
2 216
1 2
216 1
216 2
1 216
46 216
215 1
215 2
86 46
86 215
187 215
214 86
214 86
78 187
78 214
78 214
1 78
214 1
214 78
1 214
99 214
213 1
213 78
161 213
173 99
173 161
173 213
212 173
212 173
20 173
20 212
30 20
30 20
30 212
211 30
211 30
82 211
149 211
210 30
210 82
61 210
126 210
209 61
209 126
2 149
2 209
193 2
193 209
208 2
208 193
51 208
82 51
82 208
207 82
207 82
66 193
66 207
180 66
180 207
206 66
206 180
60 180
60 206
60 206
1 60
206 1
206 60
1 206
183 206
205 1
205 60
49 183
49 205
49 205
1 49
205 1
205 49
1 205
65 205
204 1
204 49
126 65
126 204
176 126
176 204
203 126
203 176
93 203
123 203
202 93
202 123
70 176
70 202
98 70
98 202
201 70
201 98
8 98
8 201
8 201
1 8
201 1
201 8
1 201
70 1
70 201
200 8
200 70
101 200
116 200
199 70
199 101
144 116
144 199
144 199
1 144
199 1
199 144
1 199
177 199
198 1
198 144
46 177
46 198
46 198
1 46
198 1
198 46
1 198
105 198
197 1
197 46
43 105
43 197
43 197
1 43
197 1
197 43
1 197
65 1
65 43
65 197
196 65
196 65
65 196
86 65
86 65
86 196
195 86
195 86
143 195
166 195
194 86
194 143
71 166
71 194
71 194
1 71
194 1
194 71
1 194
75 1
75 194
193 71
193 75
119 193
151 75
151 193
192 119
192 151
92 192
140 192
191 92
191 140
54 191
148 54
148 151
148 191
190 148
190 148
51 190
158 51
158 190
189 148
189 158
76 158
76 189
76 189
1 76
189 1
189 76
1 189
165 189
188 1
188 76
57 165
57 188
129 57
129 57
129 188
187 129
187 129
90 129
90 187
126 90
126 90
126 187
186 126
186 126
81 186
143 81
143 186
185 126
185 143
58 185
174 185
184 58
184 143
26 184
27 26
27 174
27 184
183 27
183 27
2 27
2 183
49 2
49 2
49 183
182 49
182 49
92 49
92 182
156 92
156 182
181 92
181 156
18 156
18 181
18 181
1 18
181 1
181 18
1 181
44 1
44 18
44 181
180 44
180 44
5 44
5 180
146 5
146 180
179 5
179 146
50 146
50 179
110 50
110 179
178 50
178 110
52 178
175 178
177 52
177 110
87 177
153 87
153 177
176 153
176 153
19 176
74 19
74 176
175 74
121 74
121 175
121 175
1 121
175 1
175 121
1 175
155 1
155 121
155 175
174 155
174 155
15 155
15 174
15 174
1 15
174 1
174 15
1 174
27 174
173 1
173 15
39 173
88 27
88 173
172 39
172 88
75 172
94 75
94 172
171 88
171 94
75 94
75 171
149 171
170 75
170 75
33 170
79 170
169 33
169 79
17 169
96 17
96 169
168 96
168 96
50 168
62 50
62 168
167 62
167 62
13 149
13 167
69 13
69 167
166 13
166 69
2 69
2 166
91 2
91 2
91 166
165 91
165 91
22 91
22 165
22 165
1 22
165 1
165 22
1 165
106 1
106 165
164 22
164 106
82 164
149 164
163 82
163 106
24 149
24 163
24 163
1 24
163 1
163 24
1 163
124 163
162 1
162 24
38 124
38 162
38 162
1 38
162 1
162 38
1 162
63 162
161 1
161 38
36 161
61 161
160 36
160 61
153 160
153 160
159 63
159 153
26 153
26 159
26 159
1 26
159 1
159 26
1 159
126 159
158 1
158 26
95 158
133 95
133 126
133 158
157 133
157 133
96 157
105 157
156 96
156 105
62 133
62 156
114 156
155 62
155 62
2 114
2 155
57 155
154 2
154 2
10 154
89 10
89 57
89 154
153 89
153 89
110 89
110 153
110 153
1 110
153 1
153 110
1 153
134 1
134 110
134 153
152 134
152 134
60 134
60 152
60 152
1 60
152 1
152 60
1 152
64 152
151 1
151 60
98 64
98 151
125 98
125 151
150 98
150 125
12 125
12 150
12 150
1 12
150 1
150 12
1 150
137 1
137 150
149 12
149 137
115 137
115 149
115 149
1 115
149 1
149 115
1 149
133 1
133 149
148 115
148 133
138 133
138 148
138 148
1 138
148 1
148 138
1 148
147 1
147 138
147 148
1 147
83 1
83 147
96 83
96 83
96 147
146 96
146 96
74 96
74 146
122 146
145 74
145 74
98 122
98 145
98 145
1 98
145 1
145 98
1 145
118 1
118 98
118 145
144 118
144 118
57 118
57 144
68 57
68 57
68 144
143 68
143 68
60 143
64 143
142 60
142 64
100 68
100 142
100 142
1 100
142 1
142 100
1 142
104 142
141 1
141 100
6 141
104 6
104 141
140 104
140 104
12 104
12 140
12 140
1 12
140 1
140 12
1 140
52 140
139 1
139 12
32 52
32 139
32 139
1 32
139 1
139 32
1 139
40 1
40 139
138 32
138 40
46 40
46 138
46 138
1 46
138 1
138 46
1 138
89 138
137 1
137 46
109 89
109 137
132 137
136 109
136 109
30 132
30 136
74 136
135 30
135 30
53 74
53 135
53 135
1 53
135 1
135 53
1 135
124 1
124 53
124 135
134 124
134 124
14 134
31 14
31 134
133 31
133 31
60 133
65 60
65 133
132 65
132 65
63 124
63 132
63 132
1 63
132 1
132 63
1 132
97 1
97 132
131 63
131 97
22 131
119 22
119 97
119 131
130 119
130 119
49 130
105 49
105 119
105 130
129 105
129 105
18 105
18 129
59 18
59 18
59 129
128 59
128 59
5 59
5 128
73 5
73 128
127 5
127 73
56 73
56 127
88 127
126 56
126 56
24 88
24 126
24 126
1 24
126 1
126 24
1 126
75 1
75 126
125 24
125 75
21 75
21 125
21 125
1 21
125 1
125 21
1 125
115 1
115 21
115 125
124 115
124 115
26 124
74 26
74 115
74 124
123 74
123 74
5 74
5 123
90 123
122 5
122 5
49 122
75 49
75 90
75 122
121 75
121 75
24 121
57 24
57 121
120 57
120 57
11 120
19 11
19 75
19 120
119 19
119 19
68 19
68 119
68 119
1 68
119 1
119 68
1 119
93 119
118 1
118 68
54 93
54 118
97 54
97 118
117 54
117 97
78 117
93 78
93 117
116 93
116 93
6 116
23 6
23 116
115 23
115 23
3 97
3 115
3 115
1 3
115 1
115 3
1 115
27 115
114 1
114 3
41 114
68 27
68 41
68 114
113 68
113 68
53 68
53 113
62 53
62 113
112 53
112 62
83 62
83 112
83 112
1 83
112 1
112 83
1 112
107 1
107 83
107 112
111 107
111 107
64 107
64 111
69 111
110 64
110 64
12 69
12 110
12 110
1 12
110 1
110 12
1 110
24 110
109 1
109 12
5 24
5 109
23 5
23 5
23 109
108 23
108 23
43 108
83 23
83 43
83 108
107 83
107 83
5 107
102 5
102 107
106 83
106 102
65 102
65 106
105 65
105 106
1 105
73 1
73 65
73 105
104 73
104 73
51 104
53 51
53 104
103 53
103 53
19 103
91 19
91 103
102 73
102 91
33 91
33 102
33 102
1 33
102 1
102 33
1 102
65 102
101 1
101 33
2 101
97 2
97 101
100 65
100 97
47 97
47 100
47 100
1 47
100 1
100 47
1 100
81 100
99 1
99 47
24 81
24 99
49 24
49 99
98 24
98 49
9 49
9 98
57 98
97 9
97 9
73 57
73 97
73 97
1 73
97 1
97 73
1 97
88 1
88 97
96 73
96 88
33 88
33 96
33 96
1 33
96 1
96 33
1 96
93 96
95 1
95 33
21 93
21 95
64 95
94 21
94 21
51 64
51 94
67 51
67 51
67 94
93 67
93 67
10 67
10 93
10 93
1 10
93 1
93 10
1 93
67 1
67 10
67 93
92 67
92 67
64 67
64 92
90 64
90 92
91 64
91 90
25 91
50 91
90 25
21 50
21 90
21 90
1 21
90 1
90 21
1 90
69 1
69 21
69 90
89 69
89 69
16 69
16 89
16 89
1 16
89 1
89 16
1 89
76 89
88 1
88 16
39 76
39 88
39 88
1 39
88 1
88 39
1 88
58 1
58 88
87 39
87 58
15 87
20 15
20 87
86 20
86 20
38 86
83 86
85 38
85 58
15 85
45 85
84 15
84 45
8 83
8 84
8 84
1 8
84 1
84 8
1 84
63 1
63 8
63 84
83 63
83 63
20 83
42 20
42 83
82 42
82 42
57 82
76 82
81 57
81 63
57 81
65 57
65 81
80 65
80 65
14 76
14 80
14 80
1 14
80 1
80 14
1 80
25 1
25 80
79 14
79 25
40 25
40 79
40 79
1 40
79 1
79 40
1 79
76 1
76 79
78 40
78 76
22 78
30 78
77 22
77 30
13 76
13 77
13 77
1 13
77 1
77 13
1 77
20 1
20 13
20 77
76 20
76 20
57 20
57 76
61 57
61 76
75 57
75 61
11 61
11 75
19 11
19 75
74 11
74 19
20 19
20 74
20 74
1 20
74 1
74 20
1 74
45 1
45 74
73 20
73 45
27 45
27 73
39 27
39 73
72 27
72 39
15 39
15 72
36 72
71 15
71 15
27 36
27 71
27 71
1 27
71 1
71 27
1 71
31 71
70 1
70 27
15 70
22 15
22 31
22 70
69 22
69 22
25 22
25 69
34 25
34 25
34 69
68 34
68 34
17 34
17 68
17 68
1 17
68 1
68 17
1 68
63 1
63 68
67 17
67 63
36 67
58 36
58 63
58 67
66 58
66 58
19 58
19 66
19 66
1 19
66 1
66 19
1 66
29 1
29 66
65 19
65 29
12 65
23 12
23 29
23 65
64 23
64 23
3 23
3 64
3 64
1 3
64 1
64 3
1 64
24 64
63 1
63 3
25 63
52 63
62 24
62 25
31 62
38 31
38 62
61 38
61 38
30 52
30 61
30 61
1 30
61 1
61 30
1 61
41 1
41 61
60 30
60 41
6 41
6 60
26 6
26 6
26 60
59 26
59 26
15 26
15 59
19 15
19 59
58 15
58 19
14 19
14 58
21 58
57 14
57 14
34 21
34 57
34 57
1 34
57 1
57 34
1 57
40 1
40 34
40 57
56 40
56 40
9 40
9 56
23 56
55 9
55 9
15 55
19 55
54 15
54 19
6 54
38 6
38 54
53 23
53 38
18 53
27 53
52 18
52 27
27 38
27 52
27 52
1 27
52 1
52 27
1 52
42 1
42 52
51 27
51 42
1 42
1 51
1 51
2 1
51 2
51 1
2 51
44 1
44 51
50 2
50 44
8 44
8 50
8 50
1 8
50 1
50 8
1 50
10 1
10 8
10 50
49 10
49 10
14 10
14 49
29 14
29 49
48 14
48 29
14 29
14 48
14 48
1 14
48 1
48 14
1 48
45 1
45 14
45 48
47 45
47 45
36 47
44 47
46 36
46 44
1 46
13 1
13 45
13 46
45 13
45 13
23 45
44 13
44 23
44 45
1 44
14 1
14 44
14 44
1 14
44 1
44 14
1 44
19 44
43 1
43 14
1 19
1 43
16 43
42 1
42 1
10 42
38 42
41 10
41 16
10 38
10 41
39 10
39 10
39 41
40 39
40 39
16 40
16 40
39 16
17 39
23 16
23 39
38 17
38 23
16 23
16 38
29 16
29 16
29 38
37 29
37 29
3 29
3 37
3 37
1 3
37 1
37 3
1 37
22 1
22 3
22 37
36 22
36 22
23 36
26 36
35 22
35 23
21 35
34 21
34 35
19 34
29 19
29 34
33 26
33 29
8 29
8 33
8 33
1 8
33 1
33 8
1 33
16 33
32 1
32 8
11 16
11 32
23 11
23 11
23 32
31 23
31 23
25 23
25 31
28 25
28 25
28 31
30 28
30 28
13 30
21 13
21 28
21 30
29 21
29 21
12 21
12 29
22 29
28 12
28 12
5 22
5 28
5 28
1 5
28 1
28 5
1 28
20 1
20 5
20 28
27 20
27 20
15 27
21 15
21 20
21 27
26 21
26 21
7 21
7 26
19 7
19 26
25 7
25 19
1 19
1 25
1 25
24 1
24 1
9 1
9 24
10 24
23 9
23 9
11 23
19 10
19 23
22 11
22 19
12 19
12 22
12 22
1 12
22 1
22 12
1 22
13 22
21 1
21 12
9 13
9 21
9 21
1 9
21 1
21 9
1 21
11 21
20 1
20 9
1 20
7 1
7 20
19 7
19 7
3 11
3 19
14 3
14 3
14 19
18 14
18 14
6 14
6 18
6 18
1 6
18 1
18 6
1 18
15 18
17 1
17 6
5 15
5 17
5 17
1 5
17 1
17 5
1 17
12 1
12 5
12 17
16 12
16 12
13 16
15 16
15 12
2 13
2 15
7 2
7 15
14 2
14 7
2 14
3 2
3 7
3 14
13 3
13 3
1 3
1 13
1 13
2 1
13 2
13 1
2 13
1 2
1 13
12 1
12 1
4 1
4 12
4 12
1 4
12 1
12 4
1 12
8 1
8 4
8 12
11 8
11 8
2 8
2 11
8 2
8 11
10 2
10 8
3 8
3 10
3 10
1 3
10 1
10 3
1 10
9 10
9 1
6 3
6 9
7 6
7 6
7 9
8 7
8 7
5 7
5 8
6 5
6 5
6 8
7 6
7 6
4 6
4 7
5 4
5 4
5 7
6 5
6 5
2 6
5 2
5 6
1 5
1 5
1 5
2 1
5 2
5 1
2 5
3 1
3 5
4 2
4 3
2 3
2 4
3 2
3 4
1 2
1 3
1 3
2 1
3 2
3 1
2 3
2 1
2 3
1 2
1 2
1 2
