1000
280 723 882
692 942 964
82 812 852
19 358 579
164 208 343
279 297 789
473 541 625
495 561 991
2 282 836
22 118 557
90 691 974
7 171 323
545 572 728
406 431 451
348 650 966
312 450 972
507 694 785
128 251 466
833 839 991
184 399 610
199 365 726
143 213 652
276 490 532
637 676 722
77 406 853
341 457 534
140 596 686
514 677 732
80 224 808
399 537 993
66 247 913
174 613 687
102 422 751
493 627 1000
306 642 760
582 747 936
319 588 986
623 880 935
85 616 930
55 484 653
186 874 898
266 396 564
255 536 589
128 341 597
665 870 965
198 339 517
36 605 792
519 536 749
134 252 971
370 673 830
95 754 859
146 205 400
161 432 674
13 611 635
13 288 725
192 711 832
70 570 890
334 342 797
293 373 934
82 180 392
136 778 791
499 518 882
348 432 556
111 252 802
360 700 980
149 823 851
170 873 924
76 187 193
345 360 803
414 511 668
20 414 990
142 652 931
65 254 340
135 472 632
117 404 742
118 240 486
545 553 816
285 368 704
151 493 804
523 594 774
463 741 866
513 658 921
459 603 651
202 900 947
464 783 901
688 727 843
229 339 449
376 386 663
573 869 962
107 217 433
604 700 879
35 213 273
191 699 967
478 670 737
255 543 549
10 47 464
165 192 561
244 458 846
390 769 933
393 523 786
221 330 893
139 706 895
157 346 791
308 490 994
309 554 789
424 627 931
16 123 922
700 767 886
476 654 876
106 228 488
659 712 771
11 554 827
432 710 872
483 669 797
304 347 775
38 108 791
158 237 740
250 869 967
162 705 799
114 248 865
374 386 593
526 877 904
340 407 940
57 70 958
122 461 472
105 152 366
62 597 876
409 619 653
329 591 726
84 737 835
40 321 382
35 664 831
177 411 618
129 463 948
534 738 878
96 417 614
251 454 805
685 879 906
336 502 601
71 819 959
384 391 678
20 657 824
391 643 772
198 549 585
250 256 397
629 743 950
5 538 892
150 795 847
5 25 632
59 231 357
516 638 928
492 677 856
3 168 211
512 603 757
235 314 747
45 524 624
543 571 909
177 318 848
145 258 694
449 474 697
190 790 887
27 66 562
26 154 516
284 307 755
74 350 819
62 671 857
572 657 870
518 543 816
27 131 336
4 733 832
533 846 876
331 660 717
43 357 400
503 646 850
558 912 957
95 508 546
44 411 773
350 589 725
673 911 969
149 719 947
128 131 306
224 611 680
210 616 885
140 813 914
8 368 910
226 450 963
510 578 681
178 575 840
58 330 848
318 377 462
312 812 826
541 699 776
625 645 714
477 606 721
9 413 929
539 889 954
286 768 878
266 315 379
141 220 496
147 200 465
77 195 678
382 690 697
568 668 925
43 269 429
565 706 882
193 354 905
32 357 677
303 388 689
93 619 886
162 325 753
1 576 773
399 504 983
522 792 899
445 555 720
73 236 808
151 203 225
408 462 569
139 606 856
261 798 951
137 310 499
189 230 411
184 653 827
317 381 636
369 636 867
126 915 954
253 346 384
169 316 855
315 385 607
33 119 210
35 391 727
541 709 930
228 292 853
30 152 227
780 835 952
589 846 998
4 216 547
41 51 234
189 337 584
502 969 996
292 860 880
81 351 717
356 387 698
412 763 961
284 860 916
347 563 924
164 925 0
39 481 818
43 206 658
343 559 938
351 426 469
291 583 648
278 441 582
920 956 981
61 926 946
108 193 581
231 565 862
214 219 843
159 571 729
134 422 444
316 659 750
270 277 707
281 377 612
612 621 866
313 926 984
222 565 967
608 718 824
722 871 920
277 642 938
287 434 740
527 885 915
604 672 903
551 623 793
297 506 566
614 720 836
370 456 498
416 679 885
137 609 657
181 763 783
133 490 552
132 505 621
42 525 693
76 953 1000
107 346 362
434 580 943
423 686 857
212 806 815
141 538 682
241 491 542
289 883 937
359 404 564
21 211 398
433 696 899
125 832 983
349 445 756
71 236 897
146 708 886
255 325 994
319 415 515
656 658 932
566 943 959
155 285 760
485 572 802
345 401 873
173 234 492
88 163 686
367 771 939
223 225 316
424 440 532
1 291 531
209 478 487
54 129 577
566 656 891
199 600 774
7 122 126
68 702 813
85 481 647
251 296 985
509 633 654
364 581 805
449 450 811
82 870 912
383 852 922
507 839 965
630 890 944
210 430 842
436 568 927
69 380 679
160 190 883
20 708 838
461 735 968
352 394 575
15 696 749
83 497 778
310 816 892
277 282 290
600 646 911
622 655 776
271 311 807
620 647 698
112 143 877
715 794 798
171 186 809
179 194 197
573 738 893
183 868 0
287 662 957
246 315 561
36 245 887
114 256 633
91 573 640
355 806 814
236 328 712
77 227 905
481 507 963
222 279 415
239 404 580
15 221 495
599 601 950
37 207 944
23 746 909
30 34 197
276 805 917
18 525 562
350 879 989
5 539 981
124 228 864
136 592 852
42 395 482
378 530 670
135 542 582
353 863 868
586 602 680
65 713 820
106 479 938
47 140 393
101 237 770
259 705 817
57 402 859
108 179 752
4 51 233
442 772 867
420 435 854
137 776 943
278 461 947
17 123 156
719 720 928
9 733 981
413 522 821
317 502 955
380 475 562
427 675 979
90 420 828
529 693 848
470 725 800
409 616 979
56 145 785
181 280 479
48 387 800
333 418 858
24 438 861
109 514 880
509 837 888
63 203 295
13 439 454
14 36 746
52 590 786
351 453 889
509 537 828
560 598 817
71 311 696
663 908 993
32 714 975
155 199 917
305 742 968
704 973 989
87 198 286
343 663 917
205 410 500
172 176 371
727 817 965
385 630 908
160 674 954
180 331 851
34 544 724
352 595 598
147 179 355
89 362 671
419 736 933
457 550 961
353 556 986
67 298 374
272 588 801
581 610 765
392 814 834
301 394 755
127 373 998
16 167 878
218 643 940
91 354 950
437 482 669
33 477 651
8 775 871
364 398 730
67 527 798
536 840 842
364 396 421
275 358 491
216 717 746
56 338 858
32 841 932
45 732 894
121 782 966
218 741 764
2 93 354
799 845 904
3 68 206
19 215 624
117 428 729
138 403 662
453 528 995
59 161 252
203 388 919
214 638 736
38 174 359
327 377 410
14 192 955
451 951 998
485 650 899
384 703 992
248 486 695
159 779 781
229 505 618
267 484 593
163 214 605
86 511 595
196 322 778
283 628 877
144 705 927
245 353 620
127 644 694
67 473 936
258 263 939
78 326 600
246 494 940
365 881 884
294 378 773
531 644 780
30 299 697
68 913 919
41 183 664
29 178 262
304 764 825
243 286 681
58 483 896
12 538 745
63 238 675
349 593 806
504 590 777
99 426 865
116 164 256
348 629 790
682 898 960
226 777 932
6 245 553
301 366 392
29 127 243
204 226 826
72 264 488
109 209 476
361 652 864
88 172 429
205 309 881
103 132 419
53 305 799
257 352 847
153 459 860
110 609 890
592 955 995
41 48 389
300 800 838
113 421 744
479 611 971
362 563 712
80 194 605
320 728 847
172 407 617
105 734 927
295 320 468
393 777 795
182 282 302
436 661 711
249 299 574
279 765 999
116 493 859
287 388 656
94 420 797
273 407 864
120 488 941
86 619 695
216 607 987
521 639 900
168 544 648
323 375 609
294 375 828
37 713 952
200 452 972
84 184 689
166 601 809
217 414 874
148 383 884
212 504 641
212 327 462
540 559 808
95 823 958
313 334 466
386 821 945
569 621 796
21 51 754
80 267 751
328 468 845
141 365 381
334 683 716
61 64 810
367 496 631
260 262 437
75 822 988
340 749 862
54 577 871
92 796 962
49 175 470
508 651 926
47 396 843
29 70 690
46 735 982
355 475 743
149 649 970
157 482 683
501 551 629
38 154 489
204 224 371
614 744 884
110 274 918
25 125 428
241 533 596
367 626 996
265 443 599
49 863 984
113 363 408
11 235 376
111 398 460
16 448 537
438 476 734
15 69 405
271 756 930
586 622 978
23 196 857
213 506 771
165 206 436
60 854 976
102 634 888
98 303 920
102 115 138
130 444 845
341 613 633
10 347 874
441 489 916
590 855 942
452 655 762
283 520 716
733 974 982
634 835 922
220 707 783
58 157 165
478 747 919
173 445 603
125 268 867
676 825 906
383 695 737
691 732 990
72 646 676
101 197 578
464 635 915
48 704 891
242 526 766
131 454 471
103 949 988
263 584 730
372 373 946
243 673 709
171 610 788
254 311 724
3 376 748
72 323 339
194 274 941
52 94 721
2 820 822
186 650 701
195 257 972
92 124 284
176 516 904
103 826 978
312 524 807
439 546 731
253 519 821
380 501 833
307 802 815
39 564 752
460 517 839
794 903 911
269 289 548
426 501 985
133 757 975
402 484 585
232 739 889
270 409 425
106 471 588
121 408 952
626 923 986
113 208 743
344 506 542
787 789 933
265 553 849
305 513 715
300 787 804
324 804 893
31 437 527
280 308 627
521 625 875
98 496 762
181 765 829
612 714 939
467 503 545
121 239 766
81 293 322
6 406 715
275 748 907
187 291 671
60 770 840
18 688 753
17 233 249
79 135 637
57 390 996
260 535 837
500 960 973
92 518 923
33 97 238
579 718 942
50 925 964
14 217 812
73 182 465
150 837 888
166 225 758
458 473 841
505 723 935
112 156 909
64 241 661
298 474 628
395 635 767
622 896 946
522 668 801
272 830 969
551 829 895
147 342 681
99 453 861
201 220 494
12 578 872
529 637 709
321 427 713
87 97 472
152 456 563
169 498 948
219 730 853
620 779 781
332 675 794
158 178 455
202 579 902
119 667 944
231 303 741
337 702 982
442 599 775
402 448 649
385 491 556
175 486 901
232 660 956
110 644 672
98 122 759
604 754 755
28 167 711
584 595 918
91 150 547
555 726 956
787 809 891
230 249 558
55 63 64
78 403 689
65 820 913
209 465 468
238 739 895
474 617 841
144 358 770
86 875 960
662 708 902
731 875 957
546 782 844
195 469 511
558 591 745
418 811 912
100 155 703
293 568 716
73 177 587
333 359 830
188 369 735
204 237 448
499 535 632
410 758 836
415 428 692
187 324 513
7 429 487
263 483 729
69 190 492
89 759 984
515 585 863
302 372 823
148 443 641
99 290 667
139 431 738
360 412 992
75 693 834
54 628 683
330 550 833
319 466 722
42 615 761
270 703 793
11 471 834
533 586 923
168 262 654
630 762 769
56 246 336
60 666 819
244 477 811
258 524 577
23 274 803
12 626 977
307 403 993
153 576 576
335 643 963
321 510 850
299 557 557
567 752 790
314 503 914
242 786 844
79 180 645
394 520 825
21 96 649
100 374 810
535 822 997
6 267 423
148 211 941
104 405 736
269 615 856
53 261 707
130 784 976
202 371 575
660 768 935
784 801 988
75 332 418
84 215 309
223 439 756
185 281 807
259 424 949
329 413 803
328 608 757
26 183 532
247 400 699
66 87 682
53 331 569
101 271 989
169 508 865
779 782 903
455 750 854
497 907 951
37 446 515
333 494 906
240 648 961
389 548 679
18 892 968
207 349 814
260 510 674
170 201 910
338 766 900
129 314 356
26 417 910
45 182 552
93 370 457
381 397 764
416 451 560
10 46 215
608 667 937
8 273 897
624 636 844
302 698 987
443 788 964
185 292 615
61 90 427
27 366 990
320 512 914
326 690 977
105 222 992
618 838 948
325 440 602
587 758 818
118 387 548
104 706 921
146 337 525
124 416 718
201 452 974
389 587 669
296 455 971
417 739 973
49 227 850
112 931 983
19 475 639
52 200 594
55 655 999
166 447 666
170 253 559
85 268 459
235 598 678
24 28 560
25 318 639
162 240 607
50 313 530
120 489 929
232 264 470
31 570 784
469 827 962
191 278 570
242 322 539
100 345 638
34 447 761
435 583 740
310 793 953
338 344 645
327 401 571
529 531 574
74 167 230
111 442 869
419 528 815
28 431 905
62 434 855
31 104 390
702 748 977
185 750 774
395 425 883
405 731 768
142 250 975
94 567 873
422 661 687
44 760 829
544 979 997
647 665 680
119 512 721
130 196 526
175 294 759
244 642 976
233 290 688
710 887 997
123 143 412
361 921 958
329 440 602
530 597 934
1 83 219
159 552 745
276 480 796
363 497 813
234 433 918
109 161 959
126 308 985
458 547 744
114 188 684
107 751 818
78 500 868
275 685 0
207 369 901
76 115 288
136 441 467
22 723 980
218 447 953
22 116 949
120 591 851
163 742 934
268 664 907
430 523 995
156 379 446
361 549 937
142 368 701
189 780 785
176 324 966
254 363 849
221 265 382
480 574 631
480 670 710
153 430 435
517 623 761
332 528 945
174 567 831
158 795 810
446 640 772
191 520 767
248 301 423
463 606 724
134 160 999
498 894 970
208 264 634
44 132 257
145 188 862
289 580 858
902 924 936
239 687 691
115 344 460
266 379 554
81 259 763
283 304 897
297 444 781
144 272 631
97 247 300
317 583 685
88 296 397
659 672 866
894 908 994
154 306 326
59 987 1000
117 666 929
425 728 753
438 550 898
295 896 991
83 792 978
288 521 640
378 719 916
356 734 788
17 46 555
173 456 945
298 487 684
9 335 701
39 596 842
594 881 928
375 401 692
151 372 613
421 514 665
40 641 861
261 485 540
335 342 980
40 133 684
24 495 824
138 223 229
467 540 831
89 285 592
74 534 970
96 281 849
50 79 519
617 769 872
