1000
9 199 990
277 529 761
282 435 832
267 311 898
85 313 540
641 828 961
364 382 894
7 79 291
13 713 935
80 163 872
19 207 603
224 590 797
58 302 442
365 368 610
380 622 865
28 624 655
134 733 763
294 518 675
131 664 889
38 273 625
186 606 986
407 429 693
45 114 448
197 270 974
66 200 738
57 332 987
55 431 661
249 420 823
6 263 705
325 562 696
363 452 720
803 855 882
259 754 821
705 912 917
11 616 1000
109 779 896
358 471 845
36 103 210
127 505 746
336 676 849
37 86 390
205 288 414
7 921 950
21 607 772
310 859 979
25 650 955
89 234 580
124 501 590
450 472 777
676 722 880
242 299 433
350 556 745
705 825 963
127 316 601
398 466 769
692 728 810
4 79 453
71 189 528
715 912 914
138 216 401
247 504 951
262 318 823
274 760 948
356 773 958
126 271 378
26 670 774
946 955 970
258 535 540
99 841 931
87 360 508
24 118 765
53 800 804
52 327 408
20 35 792
26 473 548
33 458 912
321 442 752
493 909 980
501 605 710
535 803 918
311 631 666
177 645 685
67 437 545
419 707 799
687 858 954
261 665 670
159 208 524
229 752 902
682 775 811
10 70 956
47 176 260
115 478 550
128 633 904
374 688 993
480 589 770
319 436 890
106 187 818
189 494 731
94 516 537
352 810 851
228 294 325
480 532 696
139 193 785
257 805 918
160 281 595
189 328 712
2 461 902
81 554 732
245 298 764
749 876 931
507 543 853
469 774 794
426 675 992
154 211 484
75 550 886
373 562 749
119 897 944
317 335 723
12 398 582
304 790 991
418 629 871
185 491 551
65 425 837
219 536 751
78 478 593
174 653 709
62 148 197
276 302 913
108 680 954
498 618 896
236 551 973
238 556 919
72 369 513
552 556 974
217 583 667
229 817 891
273 591 969
112 281 418
559 596 600
49 159 632
178 387 819
810 917 973
360 377 678
202 744 980
142 903 972
227 353 811
23 508 934
333 606 697
180 734 865
306 332 648
278 605 884
347 412 947
109 385 618
329 414 846
15 653 992
290 742 831
533 538 959
76 273 775
101 179 875
23 49 370
357 861 924
126 159 863
219 246 406
93 700 910
5 124 303
493 504 681
165 320 428
467 484 728
182 527 684
438 510 899
110 380 723
164 390 453
349 362 564
152 433 972
422 744 755
30 404 650
191 385 621
22 537 601
178 303 700
111 256 629
84 164 229
489 719 966
64 72 870
48 146 801
209 427 850
42 278 706
755 958 980
376 400 486
222 244 529
192 526 671
239 410 642
130 171 297
311 721 946
367 856 977
85 349 555
13 334 994
197 333 943
26 409 878
403 783 939
552 581 726
150 185 831
84 161 856
365 685 918
8 485 735
102 460 463
44 643 805
480 726 813
129 517 608
78 345 784
118 173 677
91 123 839
506 579 869
371 627 911
328 588 766
395 785 879
101 651 678
70 799 942
635 715 868
150 575 842
241 948 977
435 750 982
89 361 827
424 568 778
237 344 761
174 234 519
476 546 667
16 212 651
228 641 729
47 248 432
192 283 892
85 161 164
308 411 711
130 188 261
153 312 508
583 713 751
49 356 512
92 305 495
451 526 776
115 791 921
120 379 670
243 302 483
718 782 925
289 454 660
145 500 620
685 923 968
250 840 999
87 299 840
307 400 935
75 232 897
119 679 981
430 477 684
171 188 879
156 421 603
166 386 575
381 394 624
397 574 941
33 542 953
114 750 959
279 466 686
295 406 562
506 704 758
176 182 524
634 753 851
130 470 703
56 252 548
402 482 628
30 66 444
689 833 956
415 473 720
362 712 784
167 392 732
18 518 615
149 297 834
180 216 570
274 925 995
410 538 663
254 466 592
436 763 838
238 753 849
74 173 300
128 162 905
366 637 928
266 668 896
105 136 660
665 719 959
348 442 704
173 357 633
19 353 821
384 528 791
162 250 283
64 644 768
195 309 374
498 553 717
675 907 956
27 369 824
123 417 456
58 319 903
198 498 623
35 489 952
513 641 674
266 271 635
124 731 996
240 517 592
126 183 530
214 389 812
31 417 612
96 923 974
260 747 988
38 928 994
146 274 571
1 633 915
309 512 856
144 503 953
441 630 786
223 962 996
11 103 765
88 371 590
352 584 743
54 361 377
184 791 897
511 970 986
296 343 593
582 748 943
437 452 885
97 259 926
106 559 656
69 405 863
40 325 517
786 886 981
58 530 879
272 479 948
375 521 853
626 797 889
388 399 491
243 788 859
447 481 839
69 261 564
669 756 960
278 447 704
538 648 788
269 295 571
579 591 657
61 84 256
716 800 827
118 475 570
139 544 594
155 552 720
304 374 721
31 399 490
396 659 785
611 794 967
28 895 1000
331 572 735
413 697 836
177 341 448
355 740 789
462 741 884
14 533 957
714 875 894
184 330 773
289 321 565
329 560 841
50 568 838
35 345 978
172 428 909
669 740 938
2 82 279
132 668 895
92 271 958
104 475 927
25 594 645
31 90 702
54 597 985
51 473 542
446 469 646
710 826 893
256 280 455
17 804 935
242 472 737
153 357 939
117 359 673
627 639 840
163 319 388
320 415 708
296 807 926
443 520 983
294 487 722
120 178 503
376 715 851
248 698 829
68 650 723
265 358 666
553 662 944
125 387 638
15 838 862
286 322 596
196 693 893
140 179 740
41 284 361
64 487 767
339 482 992
567 660 784
710 829 989
330 578 909
102 200 522
708 833 971
99 246 692
214 341 555
317 423 481
14 620 945
201 300 782
386 464 514
297 435 577
581 698 979
399 632 889
432 732 921
518 794 824
83 326 401
276 382 440
168 347 854
290 837 930
68 196 976
263 348 836
62 636 852
523 699 864
194 771 916
83 795 938
67 153 827
95 172 695
235 781 835
86 547 983
223 317 531
337 818 971
204 209 880
43 90 833
219 866 954
569 711 883
567 697 961
1 451 729
43 174 603
296 371 802
604 771 832
209 754 871
21 258 398
542 652 695
585 613 968
223 396 526
102 900 990
295 701 759
42 48 206
50 285 867
193 894 924
364 487 742
426 599 636
581 916 940
315 647 736
373 873 890
22 215 393
11 233 883
403 623 892
74 727 960
166 409 577
125 373 724
25 459 597
63 215 422
148 451 528
355 547 677
122 463 665
213 417 922
39 168 602
252 968 0
32 255 563
407 488 962
133 446 975
564 903 976
318 462 515
27 165 745
208 305 642
307 336 778
18 157 210
76 79 982
48 195 701
615 748 790
343 846 847
380 394 469
640 786 796
46 141 781
148 510 530
59 226 829
203 521 964
80 478 887
97 492 747
360 418 873
416 444 702
5 365 584
140 964 995
264 691 730
268 316 761
802 804 940
527 760 769
502 721 971
93 96 842
181 860 898
434 534 589
383 481 539
161 811 881
55 648 899
99 558 682
383 591 800
17 104 801
509 605 874
6 593 975
321 368 502
692 844 998
225 420 826
165 834 966
36 121 265
34 561 855
268 788 876
137 539 999
203 267 826
94 560 767
24 299 389
327 461 736
519 652 716
557 818 907
129 551 765
402 604 857
41 116 192
145 205 578
185 218 882
135 699 854
101 154 230
128 477 687
32 96 908
414 688 906
337 441 997
412 447 565
404 671 926
41 458 470
625 860 885
105 201 757
260 322 657
497 609 754
443 777 932
95 441 875
230 366 742
50 51 602
456 873 986
331 919 972
158 850 887
71 904 970
215 222 560
156 188 318
667 743 885
307 423 462
217 624 707
285 615 617
300 830 995
3 343 587
61 408 409
340 370 516
20 270 915
186 930 937
303 730 756
359 739 941
186 437 523
39 654 916
312 598 882
338 377 686
275 691 730
595 739 769
717 807 809
286 612 734
198 514 520
355 511 809
232 378 549
301 416 643
277 830 937
236 830 848
129 376 596
378 566 969
57 405 872
71 110 643
476 774 963
245 411 798
233 509 936
113 531 997
57 623 681
253 344 908
504 576 934
477 522 672
143 616 790
239 536 728
453 664 982
88 359 405
474 489 848
56 864 939
63 634 654
37 279 572
74 636 795
10 426 499
406 558 864
45 313 391
457 849 869
569 662 967
301 353 757
283 492 758
155 495 808
100 662 745
136 577 759
391 867 0
495 616 756
158 985 989
132 486 554
386 639 814
436 533 657
202 421 799
449 514 696
98 494 614
244 694 798
34 70 737
40 40 819
94 151 205
246 455 580
372 866 878
507 658 822
194 471 845
15 354 795
199 344 743
179 338 687
545 812 865
122 320 714
142 212 578
613 801 808
78 251 505
111 402 661
65 397 825
523 690 977
457 870 927
479 945 973
588 891 913
82 631 703
367 393 899
286 598 682
127 717 724
183 363 403
111 588 661
134 207 379
725 770 773
691 822 888
227 438 658
62 169 874
160 566 737
252 347 544
145 235 559
352 835 944
251 485 617
990 999 1000
29 104 793
243 689 975
114 306 881
73 602 722
10 190 460
87 452 619
348 806 966
392 683 831
125 640 922
91 430 554
60 557 843
93 213 218
46 586 782
80 342 467
595 672 910
339 385 985
21 337 456
644 812 998
354 658 807
563 783 871
224 519 815
369 404 571
143 280 835
455 573 908
152 449 946
314 637 862
19 419 758
268 328 680
510 534 900
140 656 929
287 370 525
326 364 828
73 642 822
346 351 644
395 708 744
284 335 431
230 699 823
341 400 793
156 669 813
733 762 764
6 304 724
176 772 988
234 440 844
141 389 493
310 796 978
120 254 780
182 525 617
67 203 330
123 410 936
427 475 843
496 703 775
497 606 923
257 649 925
257 454 809
36 37 741
43 113 293
576 586 821
383 607 781
332 509 945
131 445 688
505 601 672
291 468 543
496 880 987
55 824 940
277 334 949
163 172 249
324 547 895
121 911 942
45 315 434
143 270 979
433 446 725
285 429 902
292 342 500
175 236 597
171 858 876
269 566 952
177 226 468
142 654 666
4 220 731
408 439 778
121 655 934
150 198 323
308 351 381
356 541 881
323 532 727
306 450 647
242 366 592
282 653 890
288 434 787
131 629 792
170 738 834
27 108 814
72 334 714
231 638 780
266 287 942
75 190 976
194 645 854
187 570 783
228 735 984
221 893 938
264 753 859
183 393 673
413 465 951
201 324 608
28 292 314
133 407 712
483 736 857
105 764 906
464 549 700
301 445 458
170 427 950
351 779 845
718 841 933
222 634 863
13 573 716
115 180 964
322 465 631
333 438 816
90 122 432
372 683 757
30 199 989
134 491 750
390 401 706
109 181 932
574 656 949
497 690 866
350 391 476
139 587 861
103 579 762
367 749 861
534 673 965
206 313 500
73 217 803
8 60 814
147 191 947
211 416 842
524 632 887
61 626 659
155 499 679
280 415 461
486 515 614
132 707 738
190 395 928
83 604 793
68 315 969
470 808 997
546 659 905
86 507 915
81 210 249
208 397 557
496 587 891
292 558 929
184 553 652
220 532 767
312 503 846
479 541 847
531 920 967
425 468 813
81 368 825
805 820 910
340 490 698
77 963 978
169 748 917
141 443 529
154 253 718
346 663 776
694 817 949
24 310 492
53 513 947
112 231 515
202 440 640
16 298 599
499 506 693
29 144 904
1 421 867
167 248 607
262 680 933
204 240 847
424 628 877
8 200 589
335 635 677
424 599 937
7 450 474
613 619 649
38 275 941
663 668 943
412 828 901
77 276 287
358 583 987
44 88 860
82 488 614
213 241 349
100 719 762
147 460 770
98 539 573
117 429 655
472 676 983
76 232 621
113 689 766
293 345 681
733 852 869
22 384 646
136 207 611
3 221 664
463 567 709
259 543 701
175 787 817
20 135 852
170 585 957
138 206 598
622 649 957
137 220 900
167 802 806
379 574 901
225 363 843
12 77 459
60 454 706
247 619 768
44 293 884
69 608 877
53 138 216
484 544 868
34 610 734
269 338 392
467 490 961
241 585 639
372 546 927
9 191 563
187 525 806
725 913 933
422 483 674
231 527 702
17 168 425
346 548 988
878 892 965
289 331 350
245 396 789
119 158 678
362 752 922
107 329 610
233 886 929
52 267 998
265 565 777
225 494 741
137 638 751
52 375 797
264 336 932
419 905 991
169 637 993
820 858 924
9 149 726
439 569 584
541 600 729
247 339 747
110 430 572
683 837 981
107 305 465
224 423 772
540 671 914
42 251 953
594 620 674
162 237 746
18 146 898
116 160 768
235 411 464
237 262 920
135 535 848
89 98 298
95 218 792
413 625 780
2 32 622
133 340 930
612 628 931
16 152 471
59 626 857
226 727 850
255 575 862
568 609 621
204 420 561
459 488 618
100 250 382
253 394 984
709 872 906
3 181 485
439 550 651
47 272 627
195 381 952
144 255 779
97 431 711
149 428 502
314 537 993
354 686 771
868 920 950
116 151 600
166 760 836
4 763 870
387 796 962
157 281 755
290 630 815
254 342 482
324 820 883
853 911 965
238 239 874
457 816 914
326 684 815
112 284 713
449 521 844
211 214 511
92 580 630
240 576 994
39 59 819
212 282 308
46 375 951
108 193 520
175 221 474
56 244 536
33 448 936
291 679 789
66 323 522
91 117 609
327 759 996
445 694 919
5 157 991
151 832 888
65 647 955
263 444 611
54 309 746
384 646 690
561 739 839
107 275 816
23 516 766
258 288 501
549 586 695
196 545 798
51 316 855
272 888 0
106 388 901
147 227 907
63 512 776
14 582 984
787 877 960
12 29 555
