7931
1001 471
1001 612
119 995
119 1001
119 1001
1 119
1001 1
1001 119
1 1001
875 1
875 119
875 1001
1000 875
1000 875
748 1000
866 748
866 1000
999 866
999 866
358 875
358 999
358 999
1 358
999 1
999 358
1 999
410 1
410 358
410 999
998 410
998 410
465 410
465 998
465 998
1 465
998 1
998 465
1 998
599 1
599 465
599 998
997 599
997 599
794 599
794 997
794 997
1 794
997 1
997 794
1 997
853 1
853 794
853 997
996 853
996 853
97 853
97 996
97 996
1 97
996 1
996 97
1 996
326 1
326 97
326 996
995 326
995 326
331 326
331 995
331 995
1 331
995 1
995 331
1 995
945 1
945 995
994 331
994 945
374 945
374 994
374 994
1 374
994 1
994 374
1 994
548 1
548 994
993 374
993 548
397 548
397 993
397 993
1 397
993 1
993 397
1 993
422 1
422 993
992 397
992 422
577 992
768 422
768 992
991 577
991 768
68 768
68 991
68 991
1 68
991 1
991 68
1 991
444 1
444 991
990 68
990 444
147 444
147 990
147 990
1 147
990 1
990 147
1 990
160 1
160 147
160 990
989 160
989 160
899 160
899 989
899 989
1 899
989 1
989 899
1 989
916 1
916 899
916 989
988 916
988 916
518 916
518 988
938 988
987 518
987 518
289 938
289 987
289 987
1 289
987 1
987 289
1 987
861 1
861 987
986 289
986 861
319 861
319 986
319 986
1 319
986 1
986 319
1 986
373 1
373 319
373 986
985 373
985 373
29 373
29 985
423 29
423 29
423 985
984 423
984 423
123 423
123 984
123 984
1 123
984 1
984 123
1 984
638 1
638 123
638 984
983 638
983 638
624 638
624 983
953 624
953 983
982 624
982 953
165 953
165 982
165 982
1 165
982 1
982 165
1 982
495 1
495 165
495 982
981 495
981 495
719 495
719 981
769 719
769 981
980 719
980 769
73 769
73 980
524 73
524 73
524 980
979 524
979 524
211 524
211 979
211 979
1 211
979 1
979 211
1 979
669 1
669 211
669 979
978 669
978 669
25 669
25 978
25 978
1 25
978 1
978 25
1 978
267 1
267 978
977 25
977 267
8 977
721 8
721 267
721 977
976 721
976 721
76 721
76 976
76 976
1 76
976 1
976 76
1 976
257 1
257 76
257 976
975 257
975 257
265 257
265 975
265 975
1 265
975 1
975 265
1 975
598 1
598 265
598 975
974 598
974 598
733 598
733 974
733 974
1 733
974 1
974 733
1 974
866 1
866 733
866 974
973 866
973 866
129 866
129 973
129 973
1 129
973 1
973 129
1 973
751 1
751 973
972 129
972 751
487 751
487 972
487 972
1 487
972 1
972 487
1 972
672 1
672 487
672 972
971 672
971 672
227 672
227 971
634 227
634 971
970 227
970 634
470 634
470 970
470 970
1 470
970 1
970 470
1 970
568 1
568 470
568 970
969 568
969 568
303 568
303 969
303 969
1 303
969 1
969 303
1 969
837 1
837 969
968 303
968 837
237 837
237 968
237 968
1 237
968 1
968 237
1 968
369 1
369 237
369 968
967 369
967 369
114 369
114 967
795 114
795 114
795 967
966 795
966 795
619 795
619 966
619 966
1 619
966 1
966 619
1 966
684 1
684 966
965 619
965 684
138 684
138 965
138 965
1 138
965 1
965 138
1 965
829 1
829 138
829 965
964 829
964 829
418 829
418 964
691 418
691 418
691 964
963 691
963 691
605 691
605 963
605 963
1 605
963 1
963 605
1 963
640 1
640 605
640 963
962 640
962 640
132 640
132 962
132 962
1 132
962 1
962 132
1 962
279 1
279 132
279 962
961 279
961 279
111 961
332 961
960 111
960 279
726 332
726 960
726 960
1 726
960 1
960 726
1 960
763 1
763 960
959 726
959 763
277 763
277 959
277 959
1 277
959 1
959 277
1 959
705 1
705 959
958 277
958 705
156 705
156 958
156 958
1 156
958 1
958 156
1 958
421 1
421 156
421 958
957 421
957 421
480 421
480 957
953 480
953 957
956 480
956 953
141 953
141 956
394 141
394 956
955 141
955 394
57 394
57 955
57 955
1 57
955 1
955 57
1 955
738 1
738 57
738 955
954 738
954 738
254 738
254 954
254 954
1 254
954 1
954 254
1 954
462 1
462 254
462 954
953 462
953 462
529 462
529 953
923 529
923 529
923 953
952 923
952 923
218 952
881 952
951 218
951 881
629 923
629 951
678 629
678 629
678 951
950 678
950 678
685 678
685 950
685 950
1 685
950 1
950 685
1 950
764 950
949 1
949 685
273 764
273 949
273 949
1 273
949 1
949 273
1 949
910 1
910 949
948 273
948 910
325 910
325 948
325 948
1 325
948 1
948 325
1 948
492 1
492 325
492 948
947 492
947 492
313 492
313 947
313 947
1 313
947 1
947 313
1 947
833 1
833 947
946 313
946 833
292 833
292 946
292 946
1 292
946 1
946 292
1 946
482 1
482 946
945 292
945 482
91 482
91 945
91 945
1 91
945 1
945 91
1 945
229 1
229 91
229 945
944 229
944 229
739 229
739 944
911 739
911 739
911 944
943 911
943 911
560 911
560 943
560 943
1 560
943 1
943 560
1 943
863 1
863 560
863 943
942 863
942 863
126 942
864 942
941 126
941 863
590 864
590 941
590 941
1 590
941 1
941 590
1 941
824 1
824 941
940 590
940 824
610 824
610 940
610 940
1 610
940 1
940 610
1 940
852 1
852 610
852 940
939 852
939 852
358 852
358 939
358 939
1 358
939 1
939 358
1 939
464 1
464 939
938 358
938 464
434 464
434 938
434 938
1 434
938 1
938 434
1 938
837 1
837 434
837 938
937 837
937 837
223 837
223 937
363 223
363 937
936 223
936 363
472 363
472 936
492 472
492 936
935 472
935 492
489 492
489 935
736 489
736 935
934 489
934 736
489 736
489 934
489 934
1 489
934 1
934 489
1 934
634 1
634 934
933 489
933 634
227 634
227 933
227 933
1 227
933 1
933 227
1 933
831 1
831 227
831 933
932 831
932 831
306 932
574 306
574 932
931 574
931 574
474 831
474 931
474 931
1 474
931 1
931 474
1 931
765 1
765 474
765 931
930 765
930 765
107 765
107 930
107 930
1 107
930 1
930 107
1 930
367 1
367 107
367 930
929 367
929 367
354 367
354 929
354 929
1 354
929 1
929 354
1 929
762 1
762 354
762 929
928 762
928 762
429 762
429 928
429 928
1 429
928 1
928 429
1 928
546 1
546 429
546 928
927 546
927 546
47 546
47 927
47 927
1 47
927 1
927 47
1 927
222 1
222 47
222 927
926 222
926 222
532 222
532 926
532 926
1 532
926 1
926 532
1 926
867 1
867 926
925 532
925 867
224 867
224 925
224 925
1 224
925 1
925 224
1 925
921 1
921 925
924 224
924 921
430 921
430 924
430 924
1 430
924 1
924 430
1 924
656 1
656 924
923 430
923 656
43 923
770 923
922 43
922 656
272 770
272 922
272 922
1 272
922 1
922 272
1 922
480 1
480 272
480 922
921 480
921 480
281 480
281 921
290 281
290 281
290 921
920 290
920 290
346 920
371 290
371 920
919 346
919 371
186 371
186 919
186 919
1 186
919 1
919 186
1 919
450 1
450 186
450 919
918 450
918 450
5 918
768 918
917 5
917 450
12 768
12 917
12 917
1 12
917 1
917 12
1 917
680 1
680 12
680 917
916 680
916 680
336 916
524 916
915 336
915 524
667 680
667 915
779 667
779 915
914 667
914 779
171 779
171 914
171 914
1 171
914 1
914 171
1 914
584 1
584 914
913 171
913 584
61 584
61 913
61 913
1 61
913 1
913 61
1 913
877 1
877 61
877 913
912 877
912 877
743 877
743 912
815 743
815 912
911 743
911 815
204 815
204 911
658 204
658 911
910 204
910 658
1 658
1 910
1 910
2 1
910 2
910 1
2 910
887 1
887 2
887 910
909 887
909 887
279 909
819 279
819 909
908 819
908 819
653 887
653 908
822 653
822 653
822 908
907 822
907 822
84 822
84 907
84 907
1 84
907 1
907 84
1 907
686 1
686 907
906 84
906 686
497 686
497 906
497 906
1 497
906 1
906 497
1 906
760 1
760 497
760 906
905 760
905 760
73 760
73 905
73 905
1 73
905 1
905 73
1 905
901 1
901 73
901 905
904 901
904 901
520 901
520 904
520 904
1 520
904 1
904 520
1 904
871 1
871 520
871 904
903 871
903 871
515 871
515 903
515 903
1 515
903 1
903 515
1 903
874 1
874 515
874 903
902 874
902 874
392 874
392 902
392 902
1 392
902 1
902 392
1 902
517 902
901 1
901 392
124 901
235 901
900 124
900 235
459 517
459 900
587 459
587 459
587 900
899 587
899 587
562 587
562 899
690 562
690 899
898 562
898 690
173 690
173 898
270 173
270 173
270 898
897 270
897 270
117 270
117 897
117 897
1 117
897 1
897 117
1 897
250 1
250 117
250 897
896 250
896 250
109 250
109 896
109 896
1 109
896 1
896 109
1 896
586 1
586 109
586 896
895 586
895 586
243 586
243 895
243 895
1 243
895 1
895 243
1 895
361 1
361 243
361 895
894 361
894 361
198 894
626 894
893 198
893 361
693 626
693 893
693 893
1 693
893 1
893 693
1 893
825 1
825 693
825 893
892 825
892 825
378 825
378 892
378 892
1 378
892 1
892 378
1 892
510 1
510 378
510 892
891 510
891 510
138 891
753 138
753 510
753 891
890 753
890 753
175 753
175 890
175 890
1 175
890 1
890 175
1 890
410 890
889 1
889 175
650 410
650 889
650 889
1 650
889 1
889 650
1 889
730 889
888 1
888 650
97 730
97 888
757 97
757 97
757 888
887 757
887 757
161 887
452 887
886 161
886 452
626 757
626 886
626 886
1 626
886 1
886 626
1 886
779 1
779 626
779 886
885 779
885 779
220 779
220 885
220 885
1 220
885 1
885 220
1 885
851 1
851 885
884 220
884 851
168 851
168 884
168 884
1 168
884 1
884 168
1 884
673 884
883 1
883 168
341 673
341 883
341 883
1 341
883 1
883 341
1 883
735 1
735 341
735 883
882 735
882 735
518 735
518 882
518 882
1 518
882 1
882 518
1 882
622 1
622 518
622 882
881 622
881 622
168 622
168 881
369 881
880 168
880 168
72 369
72 880
72 880
1 72
880 1
880 72
1 880
828 1
828 72
828 880
879 828
879 828
327 828
327 879
327 879
1 327
879 1
879 327
1 879
337 1
337 327
337 879
878 337
878 337
206 337
206 878
206 878
1 206
878 1
878 206
1 878
849 1
849 206
849 878
877 849
877 849
228 877
439 877
876 228
876 439
670 849
670 876
670 876
1 670
876 1
876 670
1 876
793 1
793 876
875 670
875 793
338 875
461 875
874 338
874 461
49 874
545 49
545 874
873 545
873 545
240 793
240 873
649 873
872 240
872 240
271 649
271 872
271 872
1 271
872 1
872 271
1 872
835 1
835 271
835 872
871 835
871 835
357 835
357 871
714 871
870 357
870 357
15 714
15 870
765 15
765 15
765 870
869 765
869 765
60 765
60 869
60 869
1 60
869 1
869 60
1 869
168 869
868 1
868 60
750 168
750 868
750 868
1 750
868 1
868 750
1 868
770 1
770 750
770 868
867 770
867 770
74 770
74 867
74 867
1 74
867 1
867 74
1 867
563 1
563 74
563 867
866 563
866 563
386 563
386 866
575 866
865 386
865 386
33 575
33 865
33 865
1 33
865 1
865 33
1 865
325 1
325 865
864 33
864 325
205 864
468 205
468 864
863 325
863 468
536 863
767 863
862 468
862 536
284 767
284 862
611 284
611 284
611 862
861 611
861 611
178 611
178 861
178 861
1 178
861 1
861 178
1 861
458 1
458 178
458 861
860 458
860 458
17 458
17 860
699 17
699 17
699 860
859 699
859 699
337 699
337 859
715 859
858 337
858 337
588 715
588 858
588 858
1 588
858 1
858 588
1 858
715 1
715 858
857 588
857 715
158 715
158 857
158 857
1 158
857 1
857 158
1 857
481 1
481 158
481 857
856 481
856 481
49 481
49 856
379 49
379 856
855 49
855 379
381 379
381 855
381 855
1 381
855 1
855 381
1 855
524 1
524 855
854 381
854 524
546 524
546 854
620 546
620 546
620 854
853 620
853 620
545 620
545 853
846 853
852 545
852 545
130 846
130 852
153 852
851 130
851 130
469 153
469 851
469 851
1 469
851 1
851 469
1 851
671 1
671 851
850 469
850 671
107 850
643 107
643 671
643 850
849 643
849 643
506 849
662 849
848 506
848 643
37 662
37 848
37 848
1 37
848 1
848 37
1 848
392 1
392 848
847 37
847 392
119 847
821 119
821 392
821 847
846 821
846 821
152 821
152 846
538 152
538 152
538 846
845 538
845 538
276 845
693 845
844 276
844 538
20 693
20 844
20 844
1 20
844 1
844 20
1 844
309 1
309 20
309 844
843 309
843 309
446 309
446 843
635 446
635 446
635 843
842 635
842 635
8 635
8 842
8 842
1 8
842 1
842 8
1 842
43 1
43 8
43 842
841 43
841 43
223 43
223 841
223 841
1 223
841 1
841 223
1 841
838 1
838 223
838 841
840 838
840 838
118 838
118 840
695 118
695 840
839 118
839 695
204 695
204 839
204 839
1 204
839 1
839 204
1 839
793 1
793 204
793 839
838 793
838 793
210 838
467 838
837 210
837 467
177 837
588 837
836 177
836 588
62 793
62 836
62 836
1 62
836 1
836 62
1 836
770 1
770 836
835 62
835 770
376 770
376 835
521 835
834 376
834 376
311 521
311 834
311 834
1 311
834 1
834 311
1 834
439 1
439 311
439 834
833 439
833 439
612 833
660 439
660 612
660 833
832 660
832 660
602 832
798 602
798 832
831 660
831 798
69 831
110 831
830 69
830 110
144 798
144 830
144 830
1 144
830 1
830 144
1 830
618 1
618 144
618 830
829 618
829 618
171 618
171 829
171 829
1 171
829 1
829 171
1 829
277 829
828 1
828 171
204 828
204 277
204 828
827 204
827 204
71 204
71 827
71 827
1 71
827 1
827 71
1 827
523 1
523 71
523 827
826 523
826 523
495 523
495 826
621 495
621 826
825 495
825 621
123 621
123 825
817 123
817 123
817 825
824 817
824 817
114 817
114 824
114 824
1 114
824 1
824 114
1 824
533 1
533 824
823 114
823 533
487 533
487 823
703 487
703 487
703 823
822 703
822 703
120 822
624 822
821 120
821 624
36 821
283 821
820 36
820 283
562 703
562 820
562 820
1 562
820 1
820 562
1 820
574 820
819 1
819 562
104 574
104 819
699 819
818 104
818 104
108 699
108 818
108 818
1 108
818 1
818 108
1 818
808 1
808 108
808 818
817 808
817 808
52 817
477 817
816 52
816 477
432 816
588 432
588 816
815 588
815 588
331 808
331 815
641 331
641 331
641 815
814 641
814 641
234 641
234 814
569 234
569 234
569 814
813 569
813 569
57 813
520 813
812 57
812 520
320 569
320 812
320 812
1 320
812 1
812 320
1 812
360 1
360 320
360 812
811 360
811 360
732 360
732 811
732 811
1 732
811 1
811 732
1 811
764 1
764 811
810 732
810 764
710 764
710 810
710 810
1 710
810 1
810 710
1 810
722 1
722 710
722 810
809 722
809 722
87 722
87 809
478 87
478 87
478 809
808 478
808 478
494 478
494 808
494 808
1 494
808 1
808 494
1 808
578 1
578 808
807 494
807 578
41 578
41 807
431 41
431 41
431 807
806 431
806 431
226 431
226 806
452 806
805 226
805 226
264 452
264 805
540 805
804 264
804 264
391 540
391 804
391 804
1 391
804 1
804 391
1 804
422 1
422 391
422 804
803 422
803 422
418 422
418 803
418 803
1 418
803 1
803 418
1 803
427 1
427 418
427 803
802 427
802 427
664 427
664 802
755 664
755 802
801 664
801 755
368 755
368 801
368 801
1 368
801 1
801 368
1 801
615 1
615 368
615 801
800 615
800 615
188 800
368 800
799 188
799 368
377 615
377 799
682 377
682 799
798 377
798 682
347 682
347 798
347 798
1 347
798 1
798 347
1 798
609 1
609 347
609 798
797 609
797 609
343 609
343 797
343 797
1 343
797 1
797 343
1 797
561 1
561 343
561 797
796 561
796 561
262 796
722 796
795 262
795 561
514 722
514 795
702 795
794 514
794 514
470 794
737 470
737 794
793 702
793 737
220 737
220 793
220 793
1 220
793 1
793 220
1 793
540 793
792 1
792 220
663 540
663 792
663 792
1 663
792 1
792 663
1 792
692 1
692 663
692 792
791 692
791 692
12 692
12 791
12 791
1 12
791 1
791 12
1 791
765 1
765 791
790 12
790 765
504 765
504 790
688 504
688 790
789 504
789 688
194 688
194 789
194 789
1 194
789 1
789 194
1 789
644 1
644 194
644 789
788 644
788 644
38 644
38 788
316 38
316 788
787 38
787 316
103 316
103 787
103 787
1 103
787 1
787 103
1 787
346 1
346 103
346 787
786 346
786 346
52 346
52 786
52 786
1 52
786 1
786 52
1 786
586 1
586 52
586 786
785 586
785 586
544 586
544 785
544 785
1 544
785 1
785 544
1 785
711 1
711 544
711 785
784 711
784 711
256 711
256 784
620 784
783 256
783 256
36 620
36 783
36 783
1 36
783 1
783 36
1 783
153 1
153 36
153 783
782 153
782 153
172 153
172 782
578 782
781 172
781 172
17 578
17 781
17 781
1 17
781 1
781 17
1 781
649 1
649 17
649 781
780 649
780 649
176 649
176 780
176 780
1 176
780 1
780 176
1 780
267 1
267 176
267 780
779 267
779 267
382 267
382 779
616 382
616 779
778 382
778 616
372 616
372 778
435 372
435 778
777 372
777 435
148 435
148 777
148 777
1 148
777 1
777 148
1 777
197 1
197 777
776 148
776 197
396 197
396 776
543 396
543 776
775 396
775 543
92 543
92 775
92 775
1 92
775 1
775 92
1 775
239 1
239 92
239 775
774 239
774 239
9 239
9 774
9 774
1 9
774 1
774 9
1 774
196 1
196 9
196 774
773 196
773 196
189 196
189 773
189 773
1 189
773 1
773 189
1 773
553 1
553 773
772 189
772 553
242 553
242 772
242 772
1 242
772 1
772 242
1 772
610 1
610 242
610 772
771 610
771 610
693 610
693 771
742 693
742 771
770 693
770 742
1 742
1 770
1 770
2 1
770 2
770 1
2 770
498 770
769 1
769 2
578 498
578 769
578 769
1 578
769 1
769 578
1 769
607 1
607 578
607 769
768 607
768 607
224 768
412 224
412 768
767 412
767 412
284 607
284 767
284 767
1 284
767 1
767 284
1 767
542 1
542 284
542 767
766 542
766 542
241 766
753 241
753 766
765 542
765 753
234 765
645 234
645 765
764 645
764 645
16 753
16 764
16 764
1 16
764 1
764 16
1 764
352 1
352 16
352 764
763 352
763 352
284 763
411 284
411 352
411 763
762 411
762 411
311 411
311 762
311 762
1 311
762 1
762 311
1 762
749 762
761 1
761 311
304 749
304 761
647 304
647 304
647 761
760 647
760 647
333 647
333 760
607 333
607 333
607 760
759 607
759 607
560 759
598 560
598 759
758 598
758 598
101 607
101 758
101 758
1 101
758 1
758 101
1 758
228 1
228 101
228 758
757 228
757 228
511 757
640 228
640 511
640 757
756 640
756 640
426 640
426 756
426 756
1 426
756 1
756 426
1 756
628 1
628 426
628 756
755 628
755 628
115 628
115 755
115 755
1 115
755 1
755 115
1 755
249 1
249 115
249 755
754 249
754 249
283 249
283 754
283 754
1 283
754 1
754 283
1 754
301 1
301 283
301 754
753 301
753 301
290 301
290 753
290 753
1 290
753 1
753 290
1 753
300 753
752 1
752 290
133 300
133 752
133 752
1 133
752 1
752 133
1 752
183 1
183 752
751 133
751 183
295 183
295 751
295 751
1 295
751 1
751 295
1 751
477 1
477 295
477 751
750 477
750 477
357 477
357 750
670 750
749 357
749 357
19 670
19 749
19 749
1 19
749 1
749 19
1 749
719 1
719 19
719 749
748 719
748 719
42 719
42 748
333 748
747 42
747 42
3 333
3 747
3 747
1 3
747 1
747 3
1 747
672 1
672 747
746 3
746 672
51 672
51 746
51 746
1 51
746 1
746 51
1 746
379 1
379 51
379 746
745 379
745 379
150 379
150 745
150 745
1 150
745 1
745 150
1 745
662 1
662 745
744 150
744 662
669 662
669 744
741 744
743 669
743 669
64 741
64 743
64 743
1 64
743 1
743 64
1 743
236 1
236 743
742 64
742 236
232 236
232 742
232 742
1 232
742 1
742 232
1 742
672 1
672 232
672 742
741 672
741 672
201 672
201 741
201 741
1 201
741 1
741 201
1 741
219 1
219 201
219 741
740 219
740 219
517 219
517 740
727 517
727 517
727 740
739 727
739 727
343 739
578 343
578 727
578 739
738 578
738 578
29 578
29 738
367 738
737 29
737 29
145 367
145 737
145 737
1 145
737 1
737 145
1 737
634 1
634 145
634 737
736 634
736 634
82 634
82 736
82 736
1 82
736 1
736 82
1 736
355 1
355 82
355 736
735 355
735 355
149 355
149 735
306 735
734 149
734 149
192 306
192 734
252 192
252 192
252 734
733 252
733 252
199 733
380 733
732 199
732 252
64 380
64 732
410 732
731 64
731 64
451 410
451 731
558 451
558 451
558 731
730 558
730 558
174 558
174 730
201 174
201 174
201 730
729 201
729 201
593 201
593 729
593 729
1 593
729 1
729 593
1 729
682 1
682 593
682 729
728 682
728 682
23 682
23 728
23 728
1 23
728 1
728 23
1 728
604 1
604 23
604 728
727 604
727 604
437 604
437 727
437 727
1 437
727 1
727 437
1 727
606 1
606 437
606 727
726 606
726 606
40 726
605 40
605 726
725 605
725 605
10 606
10 725
383 10
383 10
383 725
724 383
724 383
2 383
2 724
2 724
1 2
724 1
724 2
1 724
579 1
579 2
579 724
723 579
723 579
27 579
27 723
27 723
1 27
723 1
723 27
1 723
507 1
507 27
507 723
722 507
722 507
526 507
526 722
526 722
1 526
722 1
722 526
1 722
670 1
670 722
721 526
721 670
459 670
459 721
708 721
720 459
720 459
39 708
39 720
636 720
719 39
719 39
136 636
136 719
523 136
523 719
718 136
718 523
26 523
26 718
150 26
150 718
717 26
717 150
505 150
505 717
505 717
1 505
717 1
717 505
1 717
509 1
509 505
509 717
716 509
716 509
568 509
568 716
591 568
591 716
715 568
715 591
435 591
435 715
435 715
1 435
715 1
715 435
1 715
440 1
440 435
440 715
714 440
714 440
38 440
38 714
38 714
1 38
714 1
714 38
1 714
517 1
517 38
517 714
713 517
713 517
104 517
104 713
104 713
1 104
713 1
713 104
1 713
712 1
712 104
712 713
1 712
275 1
275 712
553 712
711 275
711 275
383 553
383 711
383 711
1 383
711 1
711 383
1 711
523 1
523 383
523 711
710 523
710 523
168 710
516 168
516 710
709 516
709 516
185 523
185 709
477 185
477 185
477 709
708 477
708 477
211 477
211 708
296 211
296 211
296 708
707 296
707 296
83 296
83 707
83 707
1 83
707 1
707 83
1 707
428 1
428 83
428 707
706 428
706 428
169 428
169 706
169 706
1 169
706 1
706 169
1 706
262 1
262 706
705 169
705 262
240 262
240 705
240 705
1 240
705 1
705 240
1 705
388 1
388 240
388 705
704 388
704 388
45 388
45 704
45 704
1 45
704 1
704 45
1 704
204 1
204 704
703 45
703 204
171 204
171 703
171 703
1 171
703 1
703 171
1 703
217 1
217 703
702 171
702 217
47 217
47 702
225 47
225 702
701 47
701 225
91 225
91 701
262 91
262 91
262 701
700 262
700 262
29 262
29 700
29 700
1 29
700 1
700 29
1 700
512 1
512 29
512 700
699 512
699 512
166 699
589 699
698 166
698 512
253 589
253 698
253 698
1 253
698 1
698 253
1 698
554 1
554 253
554 698
697 554
697 554
82 697
408 82
408 697
696 408
696 408
547 554
547 696
547 696
1 547
696 1
696 547
1 696
562 1
562 547
562 696
695 562
695 562
399 562
399 695
684 399
684 695
694 399
694 684
215 684
215 694
215 694
1 215
694 1
694 215
1 694
427 1
427 694
693 215
693 427
152 427
152 693
461 693
692 152
692 152
244 461
244 692
360 692
691 244
691 244
59 691
450 59
450 360
450 691
690 450
690 450
37 690
249 37
249 690
689 249
689 249
398 450
398 689
398 689
1 398
689 1
689 398
1 689
496 1
496 398
496 689
688 496
688 496
170 496
170 688
488 170
488 688
687 170
687 488
498 488
498 687
498 687
1 498
687 1
687 498
1 687
519 1
519 498
519 687
686 519
686 519
11 519
11 686
11 686
1 11
686 1
686 11
1 686
288 1
288 11
288 686
685 288
685 288
333 288
333 685
413 685
684 333
684 333
145 684
174 145
174 413
174 684
683 174
683 174
615 683
625 174
625 683
682 615
682 625
39 682
504 39
504 625
504 682
681 504
681 504
133 504
133 681
295 133
295 681
680 133
680 295
32 295
32 680
478 32
478 32
478 680
679 478
679 478
84 478
84 679
84 679
1 84
679 1
679 84
1 679
363 679
678 1
678 84
94 678
215 94
215 363
215 678
677 215
677 215
228 215
228 677
228 677
1 228
677 1
677 228
1 677
291 1
291 677
676 228
676 291
44 291
44 676
44 676
1 44
676 1
676 44
1 676
444 1
444 44
444 676
675 444
675 444
401 444
401 675
401 675
1 401
675 1
675 401
1 675
584 1
584 675
674 401
674 584
105 674
572 105
572 584
572 674
673 572
673 572
10 572
10 673
10 673
1 10
673 1
673 10
1 673
491 1
491 10
491 673
672 491
672 491
187 491
187 672
619 187
619 187
619 672
671 619
671 619
164 619
164 671
164 671
1 164
671 1
671 164
1 671
502 1
502 164
502 671
670 502
670 502
503 502
503 670
541 503
541 670
669 503
669 541
405 669
592 405
592 669
668 541
668 592
394 592
394 668
394 668
1 394
668 1
668 394
1 668
463 1
463 394
463 668
667 463
667 463
271 463
271 667
341 271
341 271
341 667
666 341
666 341
286 341
286 666
286 666
1 286
666 1
666 286
1 666
578 666
665 1
665 286
70 578
70 665
70 665
1 70
665 1
665 70
1 665
247 1
247 70
247 665
664 247
664 247
90 247
90 664
90 664
1 90
664 1
664 90
1 664
602 1
602 90
602 664
663 602
663 602
32 602
32 663
32 663
1 32
663 1
663 32
1 663
80 1
80 663
662 32
662 80
23 80
23 662
258 23
258 23
258 662
661 258
661 258
241 258
241 661
241 661
1 241
661 1
661 241
1 661
335 1
335 241
335 661
660 335
660 335
22 660
397 22
397 660
659 335
659 397
119 397
119 659
119 659
1 119
659 1
659 119
1 659
448 659
658 1
658 119
371 448
371 658
636 371
636 658
657 371
657 636
100 636
100 657
100 657
1 100
657 1
657 100
1 657
318 1
318 100
318 657
656 318
656 318
244 318
244 656
244 656
1 244
656 1
656 244
1 656
530 1
530 244
530 656
655 530
655 530
265 530
265 655
471 265
471 265
471 655
654 471
654 471
105 471
105 654
105 654
1 105
654 1
654 105
1 654
529 654
653 1
653 105
127 529
127 653
127 653
1 127
653 1
653 127
1 653
424 1
424 127
424 653
652 424
652 424
146 424
146 652
146 652
1 146
652 1
652 146
1 652
599 1
599 652
651 146
651 599
497 599
497 651
571 497
571 651
650 497
650 571
177 650
189 650
649 177
649 189
403 649
614 649
648 403
648 571
180 614
180 648
180 648
1 180
648 1
648 180
1 648
637 1
637 180
637 648
647 637
647 637
107 637
107 647
188 647
646 107
646 107
39 188
39 646
39 646
1 39
646 1
646 39
1 646
54 1
54 39
54 646
645 54
645 54
396 54
396 645
396 645
1 396
645 1
645 396
1 645
574 1
574 396
574 645
644 574
644 574
358 574
358 644
358 644
1 358
644 1
644 358
1 644
488 644
643 1
643 358
392 488
392 643
392 643
1 392
643 1
643 392
1 643
516 1
516 643
642 392
642 516
214 516
214 642
571 642
641 214
641 214
154 641
484 154
484 641
640 484
640 484
222 640
420 640
639 222
639 420
425 571
425 639
425 639
1 425
639 1
639 425
1 639
567 639
638 1
638 425
146 638
326 146
326 638
637 326
637 326
415 637
505 415
505 567
505 637
636 505
636 505
125 505
125 636
125 636
1 125
636 1
636 125
1 636
209 1
209 125
209 636
635 209
635 209
597 209
597 635
597 635
1 597
635 1
635 597
1 635
598 1
598 597
598 635
634 598
634 598
528 634
542 528
542 598
542 634
633 542
633 542
468 542
468 633
468 633
1 468
633 1
633 468
1 633
616 1
616 633
632 468
632 616
296 632
548 296
548 632
631 548
631 548
159 616
159 631
398 159
398 631
630 159
630 398
1 398
1 630
189 630
629 1
629 1
155 189
155 629
155 629
1 155
629 1
629 155
1 629
395 1
395 155
395 629
628 395
628 395
16 628
332 628
627 16
627 332
111 395
111 627
111 627
1 111
627 1
627 111
1 627
604 1
604 111
604 627
626 604
626 604
240 604
240 626
341 240
341 626
625 240
625 341
163 341
163 625
407 163
407 625
624 163
624 407
99 407
99 624
99 624
1 99
624 1
624 99
1 624
522 1
522 99
522 624
623 522
623 522
328 522
328 623
328 623
1 328
623 1
623 328
1 623
522 1
522 623
622 328
622 522
259 622
570 622
621 259
621 522
189 570
189 621
257 189
257 621
620 189
620 257
433 257
433 620
526 433
526 620
619 433
619 526
81 526
81 619
148 619
618 81
618 81
153 148
153 618
194 153
194 153
194 618
617 194
617 194
96 194
96 617
278 96
278 96
278 617
616 278
616 278
254 278
254 616
412 254
412 254
412 616
615 412
615 412
469 615
546 412
546 615
614 469
614 546
270 546
270 614
551 270
551 270
551 614
613 551
613 551
347 613
489 347
489 551
489 613
612 489
612 489
346 489
346 612
437 346
437 346
437 612
611 437
611 437
143 437
143 611
570 143
570 611
610 143
610 570
64 570
64 610
64 610
1 64
610 1
610 64
1 610
115 1
115 64
115 610
609 115
609 115
350 115
350 609
431 350
431 609
608 350
608 431
230 431
230 608
281 230
281 608
607 230
607 281
366 607
368 281
368 366
368 607
606 368
606 368
266 368
266 606
401 266
401 606
605 266
605 401
412 401
412 605
476 605
604 412
604 412
251 476
251 604
251 604
1 251
604 1
604 251
1 604
477 604
603 1
603 251
260 477
260 603
341 603
602 260
602 260
87 341
87 602
191 602
601 87
601 87
280 191
280 601
280 601
1 280
601 1
601 280
1 601
461 1
461 280
461 601
600 461
600 461
41 461
41 600
41 600
1 41
600 1
600 41
1 600
440 1
440 600
599 41
599 440
294 440
294 599
507 599
598 294
598 294
203 507
203 598
245 203
245 203
245 598
597 245
597 245
173 245
173 597
402 597
596 173
596 173
206 596
317 206
317 402
317 596
595 317
595 317
148 595
592 595
594 148
594 317
191 592
191 594
191 594
1 191
594 1
594 191
1 594
511 594
593 1
593 191
412 511
412 593
412 593
1 412
593 1
593 412
1 593
502 1
502 593
592 412
592 502
251 502
251 592
534 251
534 592
591 251
591 534
61 534
61 591
166 61
166 591
590 61
590 166
19 166
19 590
317 19
317 590
589 19
589 317
26 317
26 589
26 589
1 26
589 1
589 26
1 589
583 1
583 26
583 589
588 583
588 583
153 583
153 588
311 588
587 153
587 153
237 311
237 587
341 587
586 237
586 237
436 341
436 586
511 586
585 436
585 436
226 511
226 585
226 585
1 226
585 1
585 226
1 585
346 1
346 226
346 585
584 346
584 346
58 346
58 584
58 584
1 58
584 1
584 58
1 584
552 1
552 58
552 584
583 552
583 552
256 583
503 256
503 552
503 583
582 503
582 503
65 582
577 65
577 582
581 503
581 577
208 577
208 581
208 581
1 208
581 1
581 208
1 581
527 1
527 208
527 581
580 527
580 527
131 527
131 580
131 580
1 131
580 1
580 131
1 580
252 1
252 580
579 131
579 252
455 579
499 579
578 252
578 455
363 499
363 578
413 578
577 363
577 363
251 413
251 577
251 577
1 251
577 1
577 251
1 577
534 1
534 577
576 251
576 534
356 534
356 576
356 576
1 356
576 1
576 356
1 576
467 1
467 356
467 576
575 467
575 467
298 467
298 575
298 575
1 298
575 1
575 298
1 575
491 1
491 575
574 298
574 491
108 574
421 574
573 108
573 421
107 573
293 573
572 107
572 293
310 572
504 310
504 491
504 572
571 504
571 504
160 504
160 571
538 571
570 160
570 160
328 570
548 570
569 328
569 538
328 548
328 569
328 569
1 328
569 1
569 328
1 569
400 569
568 1
568 328
8 400
8 568
8 568
1 8
568 1
568 8
1 568
189 1
189 8
189 568
567 189
567 189
21 189
21 567
21 567
1 21
567 1
567 21
1 567
564 1
564 21
564 567
566 564
566 564
173 566
381 173
381 566
565 381
565 381
179 564
179 565
272 565
564 179
564 179
275 272
275 564
276 564
563 275
563 275
85 563
341 563
562 85
562 276
385 562
539 562
561 341
561 385
164 539
164 561
164 561
1 164
561 1
561 164
1 561
270 1
270 561
560 164
560 270
382 560
416 270
416 382
416 560
559 416
559 416
352 559
412 559
558 352
558 412
139 416
139 558
139 558
1 139
558 1
558 139
1 558
272 1
272 139
272 558
557 272
557 272
135 272
135 557
135 557
1 135
557 1
557 135
1 557
220 557
556 1
556 135
248 220
248 556
248 556
1 248
556 1
556 248
1 556
479 1
479 248
479 556
555 479
555 479
272 555
350 272
350 555
554 350
554 350
422 479
422 554
422 554
1 422
554 1
554 422
1 554
439 554
553 1
553 422
178 553
465 178
465 553
552 439
552 465
202 552
312 552
551 202
551 312
338 465
338 551
381 338
381 551
550 338
550 381
52 550
353 52
353 381
353 550
549 353
549 353
211 353
211 549
228 549
548 211
548 211
363 228
363 548
363 548
1 363
548 1
548 363
1 548
451 1
451 363
451 548
547 451
547 451
62 451
62 547
476 62
476 62
476 547
546 476
546 476
109 476
109 546
227 546
545 109
545 109
386 227
386 545
386 545
1 386
545 1
545 386
1 545
533 1
533 545
544 386
544 533
254 544
402 254
402 544
543 402
543 402
308 533
308 543
308 543
1 308
543 1
543 308
1 543
482 543
542 1
542 308
133 482
133 542
133 542
1 133
542 1
542 133
1 542
359 1
359 133
359 542
541 359
541 359
143 541
367 143
367 541
540 359
540 367
399 367
399 540
399 540
1 399
540 1
540 399
1 540
529 1
529 399
529 540
539 529
539 529
176 529
176 539
491 539
538 176
538 176
92 491
92 538
92 538
1 92
538 1
538 92
1 538
323 538
537 1
537 92
291 323
291 537
433 291
433 291
433 537
536 433
536 433
39 433
39 536
154 39
154 536
535 39
535 154
15 535
472 15
472 154
472 535
534 472
534 472
93 472
93 534
93 534
1 93
534 1
534 93
1 534
281 1
281 93
281 534
533 281
533 281
159 281
159 533
159 533
1 159
533 1
533 159
1 533
216 1
216 159
216 533
532 216
532 216
169 216
169 532
169 532
1 169
532 1
532 169
1 532
344 532
531 1
531 169
122 344
122 531
122 531
1 122
531 1
531 122
1 531
145 531
530 1
530 122
103 530
522 103
522 530
529 145
529 522
154 522
154 529
307 154
307 154
307 529
528 307
528 307
180 528
266 180
266 307
266 528
527 266
527 266
209 527
222 209
222 266
222 527
526 222
526 222
103 222
103 526
103 526
1 103
526 1
526 103
1 526
496 526
525 1
525 103
47 496
47 525
152 47
152 525
524 47
524 152
281 152
281 524
298 281
298 281
298 524
523 298
523 298
50 523
464 523
522 50
522 298
82 464
82 522
82 522
1 82
522 1
522 82
1 522
462 1
462 82
462 522
521 462
521 462
296 462
296 521
490 296
490 296
490 521
520 490
520 490
215 490
215 520
215 520
1 215
520 1
520 215
1 520
507 1
507 215
507 520
519 507
519 507
338 507
338 519
497 338
497 519
518 338
518 497
299 518
313 518
517 299
517 313
108 517
251 517
516 108
516 251
133 497
133 516
167 133
167 133
167 516
515 167
515 167
240 515
448 167
448 515
514 240
514 448
56 448
56 514
56 514
1 56
514 1
514 56
1 514
163 1
163 514
513 56
513 163
77 163
77 513
77 513
1 77
513 1
513 77
1 513
243 513
512 1
512 77
176 243
176 512
176 512
1 176
512 1
512 176
1 512
382 512
511 1
511 176
383 511
502 382
502 383
502 511
510 502
510 502
32 502
32 510
398 510
509 32
509 32
84 398
84 509
84 509
1 84
509 1
509 84
1 509
467 1
467 84
467 509
508 467
508 467
69 467
69 508
69 508
1 69
508 1
508 69
1 508
407 1
407 69
407 508
507 407
507 407
19 507
38 19
38 407
38 507
506 38
506 38
202 38
202 506
231 202
231 506
505 202
505 231
263 505
389 505
504 231
504 263
103 389
103 504
103 504
1 103
504 1
504 103
1 504
280 1
280 103
280 504
503 280
503 280
137 503
264 137
264 503
502 264
502 264
20 280
20 502
20 502
1 20
502 1
502 20
1 502
141 1
141 502
501 20
501 141
56 501
273 56
273 141
273 501
500 273
500 273
169 273
169 500
264 500
499 169
499 169
91 264
91 499
441 499
498 91
498 91
383 441
383 498
383 498
1 383
498 1
498 383
1 498
416 1
416 383
416 498
497 416
497 416
261 497
272 497
496 261
496 272
209 496
267 209
267 416
267 496
495 267
495 267
381 267
381 495
490 495
494 381
494 381
38 490
38 494
38 494
1 38
494 1
494 38
1 494
83 1
83 38
83 494
493 83
493 83
70 83
70 493
143 70
143 70
143 493
492 143
492 143
36 143
36 492
160 492
491 36
491 36
216 491
482 491
490 160
490 216
293 482
293 490
393 293
393 293
393 490
489 393
489 393
370 393
370 489
370 489
1 370
489 1
489 370
1 489
378 489
488 1
488 370
127 378
127 488
466 127
466 127
466 488
487 466
487 466
271 466
271 487
271 487
1 271
487 1
487 271
1 487
382 1
382 487
486 271
486 382
441 486
467 486
485 382
485 441
15 467
15 485
15 485
1 15
485 1
485 15
1 485
171 1
171 485
484 15
484 171
270 171
270 484
322 270
322 484
483 270
483 322
74 322
74 483
74 483
1 74
483 1
483 74
1 483
386 1
386 74
386 483
482 386
482 386
184 386
184 482
184 482
1 184
482 1
482 184
1 482
186 482
481 1
481 184
41 186
41 481
275 41
275 481
480 41
480 275
231 275
231 480
377 231
377 480
479 231
479 377
324 479
439 479
478 324
478 377
121 478
443 478
477 121
477 439
289 477
430 289
430 443
430 477
476 430
476 430
293 430
293 476
371 476
475 293
475 293
206 371
206 475
206 475
1 206
475 1
475 206
1 475
450 1
450 206
450 475
474 450
474 450
43 450
43 474
454 43
454 474
473 43
473 454
22 454
22 473
22 473
1 22
473 1
473 22
1 473
450 1
450 22
450 473
472 450
472 450
25 472
250 25
250 450
250 472
471 250
471 250
49 250
49 471
72 49
72 49
72 471
470 72
470 72
242 72
242 470
284 470
469 242
469 242
156 469
423 469
468 156
468 284
52 468
465 52
465 468
467 423
467 465
89 465
89 467
89 467
1 89
467 1
467 89
1 467
234 467
466 1
466 89
114 234
114 466
114 466
1 114
466 1
466 114
1 466
305 1
305 466
465 114
465 305
136 465
331 465
464 136
464 305
46 331
46 464
46 464
1 46
464 1
464 46
1 464
371 1
371 46
371 464
463 371
463 371
267 463
461 267
461 371
461 463
462 461
462 461
33 461
33 462
33 462
1 33
462 1
462 33
1 462
381 1
381 462
461 33
461 381
93 461
94 461
460 93
460 94
199 381
199 460
199 460
1 199
460 1
460 199
1 460
304 1
304 460
459 199
459 304
35 304
35 459
35 459
1 35
459 1
459 35
1 459
316 1
316 35
316 459
458 316
458 316
212 458
244 212
244 458
457 244
457 244
116 316
116 457
116 457
1 116
457 1
457 116
1 457
394 457
456 1
456 116
137 456
341 137
341 456
455 341
455 341
200 394
200 455
414 200
414 200
414 455
454 414
454 414
90 454
113 90
113 414
113 454
453 113
453 113
7 113
7 453
7 453
1 7
453 1
453 7
1 453
231 453
452 1
452 7
41 231
41 452
103 41
103 452
451 41
451 103
338 103
338 451
428 338
428 451
450 338
450 428
58 450
292 58
292 428
292 450
449 292
449 292
114 292
114 449
114 449
1 114
449 1
449 114
1 449
260 1
260 114
260 449
448 260
448 260
205 260
205 448
205 448
1 205
448 1
448 205
1 448
405 1
405 205
405 448
447 405
447 405
315 405
315 447
315 447
1 315
447 1
447 315
1 447
432 1
432 315
432 447
446 432
446 432
60 446
416 446
445 60
445 416
58 445
76 445
444 58
444 76
123 432
123 444
123 444
1 123
444 1
444 123
1 444
430 1
430 444
443 123
443 430
185 430
185 443
185 443
1 185
443 1
443 185
1 443
434 1
434 443
442 185
442 434
307 434
307 442
422 307
422 442
441 307
441 422
322 422
322 441
322 441
1 322
441 1
441 322
1 441
385 1
385 322
385 441
440 385
440 385
156 440
355 440
439 156
439 355
94 385
94 439
94 439
1 94
439 1
439 94
1 439
348 1
348 439
438 94
438 348
325 348
325 438
402 325
402 325
402 438
437 402
437 402
199 437
396 199
396 402
396 437
436 396
436 396
124 396
124 436
124 436
1 124
436 1
436 124
1 436
163 1
163 124
163 436
435 163
435 163
49 435
344 49
344 435
434 163
434 344
164 434
319 434
433 164
433 319
11 344
11 433
17 433
432 11
432 11
175 17
175 432
175 432
1 175
432 1
432 175
1 432
386 432
431 1
431 175
204 386
204 431
231 431
430 204
430 204
232 231
232 430
275 232
275 430
429 232
429 275
10 275
10 429
10 429
1 10
429 1
429 10
1 429
129 429
428 1
428 10
277 428
363 428
427 129
427 277
280 427
282 427
426 280
426 282
153 363
153 426
153 426
1 153
426 1
426 153
1 426
167 426
425 1
425 153
345 167
345 425
370 345
370 425
424 345
424 370
1 370
1 424
332 424
423 1
423 1
67 332
67 423
331 423
422 67
422 67
210 422
229 422
421 210
421 229
187 331
187 421
187 421
1 187
421 1
421 187
1 421
258 421
420 1
420 187
72 258
72 420
222 420
419 72
419 72
128 222
128 419
128 419
1 128
419 1
419 128
1 419
392 1
392 419
418 128
418 392
164 392
164 418
179 164
179 418
417 164
417 179
18 179
18 417
139 417
416 18
416 18
47 139
47 416
47 416
1 47
416 1
416 47
1 416
278 1
278 47
278 416
415 278
415 278
334 278
334 415
349 334
349 415
414 334
414 349
60 414
411 60
411 349
411 414
413 411
413 411
141 413
306 413
412 141
412 306
223 412
368 412
411 223
348 368
348 411
354 348
354 411
410 348
410 354
238 410
378 238
378 354
378 410
409 378
409 378
118 378
118 409
118 409
1 118
409 1
409 118
1 409
315 409
408 1
408 118
305 315
305 408
305 408
1 305
408 1
408 305
1 408
369 1
369 408
407 305
407 369
70 369
70 407
352 407
406 70
406 70
333 406
384 406
405 333
405 352
190 384
190 405
238 190
238 405
404 190
404 238
296 238
296 404
296 404
1 296
404 1
404 296
1 404
320 404
403 1
403 296
79 403
376 79
376 320
376 403
402 376
402 376
169 376
169 402
169 402
1 169
402 1
402 169
1 402
270 1
270 169
270 402
401 270
401 270
219 270
219 401
219 401
1 219
401 1
401 219
1 401
328 401
400 1
400 219
183 328
183 400
183 400
1 183
400 1
400 183
1 400
291 1
291 183
291 400
399 291
399 291
7 399
113 399
398 7
398 113
205 291
205 398
260 205
260 398
397 205
397 260
205 260
205 397
205 397
1 205
397 1
397 205
1 397
227 1
227 205
227 397
396 227
396 227
66 396
112 66
112 396
395 112
395 112
235 395
329 227
329 395
394 235
394 329
114 329
114 394
145 114
145 114
145 394
393 145
393 145
2 145
2 393
2 393
1 2
393 1
393 2
1 393
351 393
392 1
392 2
135 351
135 392
235 135
235 135
235 392
391 235
391 235
61 235
61 391
61 391
1 61
391 1
391 61
1 391
206 1
206 391
390 61
390 206
225 390
371 206
371 225
371 390
389 371
389 371
188 371
188 389
188 389
1 188
389 1
389 188
1 389
228 389
388 1
388 188
260 388
364 388
387 228
387 260
18 364
18 387
18 387
1 18
387 1
387 18
1 387
101 1
101 387
386 18
386 101
251 101
251 386
251 386
1 251
386 1
386 251
1 386
352 1
352 386
385 251
385 352
247 385
268 385
384 247
384 268
133 384
308 384
383 133
383 308
40 383
295 40
295 352
295 383
382 295
382 295
213 295
213 382
374 213
374 213
374 382
381 374
381 374
221 381
317 221
317 374
317 381
380 317
380 317
234 317
234 380
234 380
1 234
380 1
380 234
1 380
370 1
370 234
370 380
379 370
379 370
116 379
187 116
187 370
187 379
378 187
378 187
189 187
189 378
189 378
1 189
378 1
378 189
1 378
336 1
336 378
377 189
377 336
115 336
115 377
115 377
1 115
377 1
377 115
1 377
180 1
180 377
376 115
376 180
194 180
194 376
194 376
1 194
376 1
376 194
1 376
342 376
375 1
375 194
22 375
141 375
374 22
374 141
46 374
101 374
373 46
373 101
133 342
133 373
133 373
1 133
373 1
373 133
1 373
351 1
351 133
351 373
372 351
372 351
306 351
306 372
306 372
1 306
372 1
372 306
1 372
349 1
349 306
349 372
371 349
371 349
18 349
18 371
57 371
370 18
370 18
27 370
340 27
340 370
369 57
369 340
10 369
321 10
321 340
321 369
368 321
368 321
226 321
226 368
226 368
1 226
368 1
368 226
1 368
284 368
367 1
367 226
138 367
156 138
156 284
156 367
366 156
366 156
176 156
176 366
176 366
1 176
366 1
366 176
1 366
338 1
338 176
338 366
365 338
365 338
194 338
194 365
194 365
1 194
365 1
365 194
1 365
275 1
275 365
364 194
364 275
74 275
74 364
299 74
299 74
299 364
363 299
363 299
284 299
284 363
292 284
292 284
292 363
362 292
362 292
154 292
154 362
154 362
1 154
362 1
362 154
1 362
299 1
299 154
299 362
361 299
361 299
12 361
279 12
279 299
279 361
360 279
360 279
227 279
227 360
227 360
1 227
360 1
360 227
1 360
249 1
249 360
359 227
359 249
17 249
17 359
17 359
1 17
359 1
359 17
1 359
45 359
358 1
358 17
56 45
56 358
56 358
1 56
358 1
358 56
1 358
241 1
241 56
241 358
357 241
357 241
62 357
248 62
248 241
248 357
356 248
356 248
70 248
70 356
70 356
1 70
356 1
356 70
1 356
309 1
309 356
355 70
355 309
133 309
133 355
133 355
1 133
355 1
355 133
1 355
319 1
319 133
319 355
354 319
354 319
206 354
259 206
259 319
259 354
353 259
353 259
10 353
187 353
352 10
352 187
3 352
32 3
32 352
351 32
351 32
160 259
160 351
160 351
1 160
351 1
351 160
1 351
318 351
350 1
350 160
194 318
194 350
194 350
1 194
350 1
350 194
1 350
234 1
234 194
234 350
349 234
349 234
161 234
161 349
191 161
191 161
191 349
348 191
348 191
120 191
120 348
120 348
1 120
348 1
348 120
1 348
262 1
262 348
347 120
347 262
25 262
25 347
25 347
1 25
347 1
347 25
1 347
108 1
108 347
346 25
346 108
10 346
164 10
164 346
345 108
345 164
71 164
71 345
210 71
210 71
210 345
344 210
344 210
82 210
82 344
82 344
1 82
344 1
344 82
1 344
239 1
239 82
239 344
343 239
343 239
11 343
84 11
84 239
84 343
342 84
342 84
36 342
212 36
212 342
341 84
341 212
168 341
182 341
340 168
340 182
157 212
157 340
276 157
276 340
339 157
339 276
151 276
151 339
151 339
1 151
339 1
339 151
1 339
186 1
186 339
338 151
338 186
78 186
78 338
190 338
337 78
337 78
41 337
276 337
336 41
336 190
129 336
276 336
335 129
335 276
253 276
253 335
253 335
1 253
335 1
335 253
1 335
258 1
258 253
258 335
334 258
334 258
10 258
10 334
257 10
257 334
333 10
333 257
115 257
115 333
294 333
332 115
332 115
183 294
183 332
326 332
331 183
331 183
17 326
17 331
17 331
1 17
331 1
331 17
1 331
135 1
135 17
135 331
330 135
330 135
13 135
13 330
13 330
1 13
330 1
330 13
1 330
297 1
297 13
297 330
329 297
329 297
295 297
295 329
314 329
328 295
328 295
186 328
231 186
231 328
327 231
327 231
180 314
180 327
180 327
1 180
327 1
327 180
1 327
191 327
326 1
326 180
129 191
129 326
129 326
1 129
326 1
326 129
1 326
323 1
323 129
323 326
325 323
325 323
17 325
207 17
207 325
324 207
324 207
38 324
189 38
189 324
323 189
64 323
229 64
229 323
322 189
322 229
139 322
174 322
321 139
321 174
255 229
255 321
307 321
320 255
320 255
28 307
28 320
28 320
1 28
320 1
320 28
1 320
270 1
270 320
319 28
319 270
257 319
296 257
296 270
296 319
318 296
318 296
184 296
184 318
310 184
310 184
310 318
317 310
317 310
182 310
182 317
285 182
285 317
316 182
316 285
96 316
297 96
297 316
315 285
315 297
108 297
108 315
304 108
304 315
314 108
314 304
92 314
232 314
313 92
313 232
81 304
81 313
308 81
308 313
312 81
312 308
153 308
153 312
153 312
1 153
312 1
312 153
1 312
180 1
180 312
311 153
311 180
108 180
108 311
191 311
310 108
310 108
2 191
2 310
196 310
309 2
309 2
104 309
185 104
185 309
308 185
308 185
3 308
235 3
235 196
235 308
307 235
307 235
95 235
95 307
187 95
187 95
187 307
306 187
306 187
59 306
95 306
305 59
305 95
185 187
185 305
216 185
216 305
304 185
304 216
65 216
65 304
65 304
1 65
304 1
304 65
1 304
162 1
162 65
162 304
303 162
303 162
84 303
171 84
171 303
302 162
302 171
48 171
48 302
48 302
1 48
302 1
302 48
1 302
165 1
165 302
301 48
301 165
219 165
219 301
250 301
300 219
300 219
49 250
49 300
219 49
219 300
299 49
299 219
8 299
75 299
298 8
298 75
1 219
1 298
139 1
139 1
139 298
297 139
297 139
230 139
230 297
246 230
246 230
246 297
296 246
296 246
128 246
128 296
128 296
1 128
296 1
296 128
1 296
237 296
295 1
295 128
112 237
112 295
112 295
1 112
295 1
295 112
1 295
151 295
294 1
294 112
179 294
258 151
258 179
258 294
293 258
293 258
130 258
130 293
130 293
1 130
293 1
293 130
1 293
281 293
292 1
292 130
69 281
69 292
235 69
235 292
291 69
291 235
44 235
44 291
44 291
1 44
291 1
291 44
1 291
100 1
100 44
100 291
290 100
290 100
25 100
25 290
25 290
1 25
290 1
290 25
1 290
218 1
218 25
218 290
289 218
289 218
191 218
191 289
197 191
197 289
288 191
288 197
133 197
133 288
186 133
186 288
287 133
287 186
41 186
41 287
71 287
286 41
286 41
107 71
107 286
262 107
262 107
262 286
285 262
285 262
86 262
86 285
205 86
205 285
284 86
284 205
16 205
16 284
16 284
1 16
284 1
284 16
1 284
225 284
283 1
283 16
117 225
117 283
211 117
211 283
282 117
282 211
103 211
103 282
133 103
133 282
281 103
281 133
198 281
261 281
280 133
280 198
128 261
128 280
128 280
1 128
280 1
280 128
1 280
191 1
191 280
279 128
279 191
8 279
247 279
278 8
278 191
84 247
84 278
137 84
137 278
277 84
277 137
154 277
234 137
234 154
234 277
276 234
276 234
138 276
161 276
275 138
275 161
63 234
63 275
63 275
1 63
275 1
275 63
1 275
184 275
274 1
274 63
149 184
149 274
149 274
1 149
274 1
274 149
1 274
189 1
189 274
273 149
273 189
55 273
250 55
250 189
250 273
272 250
272 250
237 272
239 272
271 237
271 239
53 271
227 53
227 271
270 227
270 227
98 250
98 270
236 98
236 270
269 98
269 236
159 236
159 269
159 269
1 159
269 1
269 159
1 269
268 269
268 1
78 159
78 268
253 268
267 78
267 78
151 253
151 267
151 267
1 151
267 1
267 151
1 267
220 267
266 1
266 151
142 266
183 266
265 142
265 183
50 265
52 50
52 220
52 265
264 52
264 52
192 52
192 264
192 264
1 192
264 1
264 192
1 264
233 1
233 192
233 264
263 233
263 233
178 263
196 178
196 263
262 196
262 196
28 233
28 262
167 28
167 262
261 28
261 167
212 167
212 261
212 261
1 212
261 1
261 212
1 261
234 1
234 261
260 212
260 234
44 260
142 44
142 234
142 260
259 142
259 142
187 142
187 259
242 259
258 187
258 187
114 258
180 114
180 242
180 258
257 180
257 180
19 180
19 257
124 19
124 257
256 19
256 124
206 256
215 256
255 124
255 206
70 255
84 255
254 70
254 84
171 215
171 254
250 254
253 171
253 171
132 253
233 132
233 253
252 233
252 233
126 252
245 126
245 250
245 252
251 245
251 245
6 245
6 251
6 251
1 6
251 1
251 6
1 251
49 1
49 251
250 6
250 49
110 49
110 250
110 250
1 110
250 1
250 110
1 250
182 250
249 1
249 110
29 182
29 249
29 249
1 29
249 1
249 29
1 249
180 249
248 1
248 29
78 180
78 248
174 248
247 78
247 78
52 174
52 247
204 52
204 247
246 52
246 204
40 204
40 246
50 40
50 40
50 246
245 50
245 50
22 245
69 22
69 50
69 245
244 69
244 69
152 244
190 244
243 69
243 152
180 243
213 180
213 243
242 190
242 213
99 242
130 242
241 99
241 130
121 213
121 241
213 121
213 241
240 121
240 213
30 240
102 240
239 30
239 102
146 213
146 239
210 146
210 146
210 239
238 210
238 210
60 238
127 238
237 60
237 127
19 237
39 19
39 237
236 39
236 39
140 210
140 236
140 236
1 140
236 1
236 140
1 236
147 236
235 1
235 140
74 147
74 235
74 235
1 74
235 1
235 74
1 235
118 235
234 1
234 74
174 234
192 234
233 118
233 174
50 233
97 50
97 192
97 233
232 97
232 97
142 232
227 232
231 97
231 142
5 227
5 231
5 231
1 5
231 1
231 5
1 231
195 1
195 5
195 231
230 195
230 195
190 195
190 230
190 230
1 190
230 1
230 190
1 230
215 1
215 190
215 230
229 215
229 215
39 215
39 229
51 39
51 39
51 229
228 51
228 51
89 51
89 228
89 228
1 89
228 1
228 89
1 228
111 1
111 89
111 228
227 111
227 111
113 111
113 227
113 227
1 113
227 1
227 113
1 227
160 227
226 1
226 113
37 160
37 226
37 226
1 37
226 1
226 37
1 226
149 226
225 1
225 37
126 149
126 225
126 225
1 126
225 1
225 126
1 225
163 1
163 126
163 225
224 163
224 163
146 163
146 224
146 224
1 146
224 1
224 146
1 224
196 224
223 1
223 146
4 223
26 4
26 196
26 223
222 26
222 26
40 26
40 222
72 40
72 40
72 222
221 72
221 72
1 221
3 1
3 221
220 3
220 3
118 72
118 220
118 220
1 118
220 1
220 118
1 220
198 1
198 220
219 118
219 198
120 198
120 219
201 219
218 120
218 120
52 218
87 52
87 218
217 87
217 87
90 201
90 217
211 217
216 90
216 90
19 211
19 216
19 216
1 19
216 1
216 19
1 216
204 1
204 216
215 19
215 204
16 204
16 215
49 16
49 215
214 16
214 49
106 49
106 214
164 106
164 214
213 106
213 164
67 213
70 213
212 67
212 70
86 164
86 212
86 212
1 86
212 1
212 86
1 212
142 212
211 1
211 86
25 142
25 211
25 211
1 25
211 1
211 25
1 211
113 1
113 25
113 211
210 113
210 113
84 113
84 210
115 210
209 84
209 84
2 115
2 209
2 209
1 2
209 1
209 2
1 209
89 209
208 1
208 2
115 89
115 208
168 208
207 115
207 115
95 168
95 207
95 207
1 95
207 1
207 95
1 207
102 1
102 95
102 207
206 102
206 102
115 206
124 102
124 206
205 115
205 124
34 124
34 205
59 34
59 205
204 34
204 59
175 204
178 59
178 175
178 204
203 178
203 178
14 178
14 203
14 203
1 14
203 1
203 14
1 203
118 203
202 1
202 14
14 118
14 202
14 202
1 14
202 1
202 14
1 202
181 1
181 14
181 202
201 181
201 181
18 181
18 201
18 201
1 18
201 1
201 18
1 201
200 1
200 201
107 200
134 18
134 107
134 200
199 134
199 134
76 134
76 199
76 199
1 76
199 1
199 76
1 199
101 199
198 1
198 76
66 101
66 198
66 198
1 66
198 1
198 66
1 198
75 1
75 66
75 198
197 75
197 75
24 75
24 197
24 197
1 24
197 1
197 24
1 197
92 1
92 24
92 197
196 92
196 92
48 92
48 196
48 196
1 48
196 1
196 48
1 196
71 1
71 48
71 196
195 71
195 71
84 71
84 195
90 84
90 84
90 195
194 90
194 90
99 194
188 90
188 194
193 99
193 188
4 188
4 193
81 4
81 4
81 193
192 81
192 81
68 81
68 192
80 68
80 68
80 192
191 80
191 80
102 80
102 191
102 191
1 102
191 1
191 102
1 191
145 1
145 191
190 102
190 145
136 190
183 190
189 136
189 145
63 183
63 189
63 189
1 63
189 1
189 63
1 189
104 189
188 1
188 63
88 104
88 188
175 88
175 88
175 188
187 175
187 175
26 175
26 187
109 26
109 187
186 26
186 109
43 186
139 43
139 186
185 109
185 139
1 139
1 185
17 1
17 1
17 185
184 17
184 17
21 17
21 184
148 21
148 184
183 21
183 148
9 148
9 183
9 183
1 9
183 1
183 9
1 183
78 1
78 183
182 9
182 78
6 182
147 182
181 6
181 78
57 181
58 181
180 57
180 58
61 180
143 61
143 147
143 180
179 143
179 143
32 143
32 179
141 32
141 32
141 179
178 141
178 141
36 141
36 178
36 178
1 36
178 1
178 36
1 178
44 1
44 36
44 178
177 44
177 44
1 44
1 177
1 177
2 1
177 2
177 1
2 177
121 177
176 1
176 2
88 176
144 88
144 176
175 121
175 144
36 144
36 175
36 175
1 36
175 1
175 36
1 175
68 1
68 36
68 175
174 68
174 68
25 68
25 174
25 174
1 25
174 1
174 25
1 174
33 174
173 1
173 25
5 173
168 5
168 33
168 173
172 168
172 168
14 172
118 172
171 14
171 118
34 168
34 171
131 34
131 34
131 171
170 131
170 131
120 131
120 170
120 170
1 120
170 1
170 120
1 170
126 170
169 1
169 120
34 126
34 169
39 34
39 34
39 169
168 39
168 39
8 168
122 8
122 168
167 39
167 122
31 122
31 167
31 167
1 31
167 1
167 31
1 167
35 1
35 31
35 167
166 35
166 35
51 166
78 35
78 51
78 166
165 78
165 78
53 78
53 165
104 53
104 165
164 53
164 104
27 104
27 164
27 164
1 27
164 1
164 27
1 164
43 1
43 27
43 164
163 43
163 43
11 163
148 11
148 163
162 43
162 148
52 148
52 162
52 162
1 52
162 1
162 52
1 162
84 1
84 162
161 52
161 84
108 161
109 84
109 161
160 108
160 109
94 109
94 160
136 94
136 160
159 94
159 136
48 159
155 48
155 136
155 159
158 155
158 155
2 155
2 158
2 158
1 2
158 1
158 2
1 158
93 1
93 2
93 158
157 93
157 93
90 93
90 157
129 90
129 90
129 157
156 129
156 129
39 129
39 156
39 156
1 39
156 1
156 39
1 156
69 156
155 1
155 39
8 69
8 155
57 8
57 155
154 8
154 57
24 154
125 24
125 154
153 57
153 125
99 125
99 153
99 153
1 99
153 1
153 99
1 153
112 1
112 153
152 99
152 112
69 152
116 152
151 69
151 112
140 116
140 151
140 151
1 140
151 1
151 140
1 151
143 151
150 1
150 140
78 143
78 150
101 78
101 78
101 150
149 101
149 101
28 101
28 149
50 149
148 28
148 28
11 50
11 148
142 11
142 11
142 148
147 142
147 142
55 142
55 147
55 147
1 55
147 1
147 55
1 147
119 1
119 147
146 55
146 119
12 146
130 12
130 119
130 146
145 130
145 130
132 130
132 145
132 145
1 132
145 1
145 132
1 145
137 145
144 1
144 132
48 137
48 144
48 144
1 48
144 1
144 48
1 144
99 144
143 1
143 48
108 143
132 143
142 99
142 108
20 132
20 142
20 142
1 20
142 1
142 20
1 142
92 1
92 20
92 142
141 92
141 92
89 141
97 89
97 141
140 92
140 97
7 97
7 140
7 140
1 7
140 1
140 7
1 140
73 1
73 140
139 7
139 73
38 73
38 139
124 38
124 139
138 38
138 124
67 124
67 138
67 138
1 67
138 1
138 67
1 138
125 138
137 1
137 67
20 125
20 137
39 137
136 20
136 20
18 39
18 136
18 136
1 18
136 1
136 18
1 136
88 1
88 18
88 136
135 88
135 88
58 135
81 58
81 135
134 81
134 81
17 134
57 17
57 88
57 134
133 57
133 57
44 133
92 44
92 133
132 57
132 92
27 92
27 132
118 27
118 132
131 27
131 118
90 131
123 90
123 118
123 131
130 123
130 123
63 123
63 130
70 130
129 63
129 63
79 70
79 129
112 129
128 79
128 79
17 128
65 17
65 128
127 65
127 65
59 112
59 127
90 59
90 127
126 59
126 90
32 90
32 126
32 126
1 32
126 1
126 32
1 126
114 1
114 126
125 32
125 114
42 114
42 125
42 125
1 42
125 1
125 42
1 125
92 1
92 42
92 125
124 92
124 92
90 124
123 124
123 90
55 92
55 123
67 123
122 55
122 55
86 67
86 122
86 122
1 86
122 1
122 86
1 122
90 1
90 86
90 122
121 90
121 90
83 90
83 121
116 121
120 83
120 83
68 116
68 120
82 120
119 68
119 68
45 82
45 119
73 45
73 45
73 119
118 73
118 73
7 73
7 118
40 7
40 118
117 7
117 40
71 40
71 117
74 117
116 71
116 71
26 116
83 26
83 116
115 74
115 83
79 83
79 115
109 79
109 79
109 115
114 109
114 109
24 109
24 114
24 114
1 24
114 1
114 24
1 114
65 1
65 24
65 114
113 65
113 65
80 65
80 113
80 113
1 80
113 1
113 80
1 113
94 1
94 80
94 113
112 94
112 94
30 94
30 112
30 112
1 30
112 1
112 30
1 112
52 1
52 30
52 112
111 52
111 52
28 52
28 111
28 111
1 28
111 1
111 28
1 111
37 111
110 1
110 28
96 110
104 37
104 96
104 110
109 104
109 104
20 104
20 109
86 109
108 20
108 20
67 108
75 67
75 108
107 75
107 75
49 107
101 49
101 86
101 107
106 101
106 101
58 101
58 106
98 58
98 58
98 106
105 98
105 98
65 98
65 105
86 65
86 105
104 65
104 86
28 86
28 104
28 104
1 28
104 1
104 28
1 104
77 104
103 1
103 28
18 103
97 103
102 18
102 77
13 102
96 13
96 97
96 102
101 96
101 96
3 101
6 3
6 96
6 101
100 6
100 6
4 100
50 100
99 4
99 6
25 50
25 99
25 99
1 25
99 1
99 25
1 99
95 99
98 1
98 25
5 95
5 98
5 98
1 5
98 1
98 5
1 98
38 1
38 98
97 5
97 38
16 97
45 16
45 38
45 97
96 45
96 45
30 45
30 96
30 96
1 30
96 1
96 30
1 96
82 1
82 30
82 96
95 82
95 82
4 95
59 95
94 4
94 59
44 82
44 94
44 94
1 44
94 1
94 44
1 94
46 1
46 94
93 44
93 46
13 93
55 93
92 13
92 46
71 55
71 92
78 71
78 71
78 92
91 78
91 78
30 78
30 91
30 91
1 30
91 1
91 30
1 91
53 91
90 1
90 30
20 53
20 90
20 90
1 20
90 1
90 20
1 90
51 1
51 20
51 90
89 51
89 51
12 51
12 89
33 12
33 12
33 89
88 33
88 33
41 88
77 33
77 88
87 41
87 77
17 87
38 17
38 87
86 38
86 38
24 77
24 86
24 86
1 24
86 1
86 24
1 86
28 1
28 86
85 24
85 28
40 28
40 85
50 40
50 85
84 40
84 50
63 50
63 84
63 84
1 63
84 1
84 63
1 84
69 84
83 1
83 63
11 83
69 11
69 83
82 69
82 69
15 69
15 82
15 82
1 15
82 1
82 15
1 82
80 1
80 82
81 15
81 80
15 81
17 81
80 15
6 17
6 80
6 80
1 6
80 1
80 6
1 80
27 80
79 1
79 6
2 27
2 79
2 79
1 2
79 1
79 2
1 79
48 1
48 79
78 2
78 48
61 48
61 78
61 78
1 61
78 1
78 61
1 78
71 1
71 78
77 61
77 71
26 77
45 26
45 71
45 77
76 45
76 45
21 45
21 76
21 76
1 21
76 1
76 21
1 76
33 76
75 1
75 21
24 75
71 24
71 75
74 33
74 71
17 74
38 74
73 17
73 38
1 71
1 73
61 1
61 73
72 1
72 61
17 61
17 72
59 17
59 72
71 17
71 59
27 71
63 27
63 59
63 71
70 63
70 63
37 70
48 37
48 70
69 48
69 48
48 63
48 69
48 69
1 48
69 1
69 48
1 69
60 1
60 48
60 69
68 60
68 60
20 60
20 68
49 20
49 68
67 20
67 49
4 49
4 67
4 67
1 4
67 1
67 4
1 67
32 1
32 67
66 4
66 32
37 32
37 66
57 37
57 37
57 66
65 57
65 57
9 57
9 65
9 65
1 9
65 1
65 9
1 65
17 65
64 1
64 9
1 17
1 64
1 64
2 1
64 2
64 1
2 64
52 64
63 1
63 2
14 63
32 14
32 52
32 63
62 32
62 32
9 32
9 62
9 62
1 9
62 1
62 9
1 62
52 62
61 1
61 9
2 52
2 61
21 2
21 2
21 61
60 21
60 21
4 21
4 60
4 60
1 4
60 1
60 4
1 60
44 60
59 1
59 4
8 59
11 8
11 59
58 11
58 11
11 44
11 58
44 11
44 11
44 58
57 44
57 44
52 44
52 57
54 57
56 52
56 52
25 54
25 56
25 56
1 25
56 1
56 25
1 56
38 1
38 25
38 56
55 38
55 38
16 55
17 16
17 55
54 17
54 17
27 38
27 54
27 54
1 27
54 1
54 27
1 54
28 1
28 27
28 54
53 28
53 28
30 28
30 53
30 53
1 30
53 1
53 30
1 53
34 1
34 30
34 53
52 34
52 34
35 34
35 52
43 35
43 52
51 35
51 43
4 43
4 51
4 51
1 4
51 1
51 4
1 51
40 1
40 51
50 4
50 40
6 50
29 6
29 50
49 29
49 29
3 49
30 3
30 40
30 49
48 30
48 30
20 30
20 48
27 20
27 48
47 20
47 27
26 27
26 47
26 47
1 26
47 1
47 26
1 47
29 1
29 26
29 47
46 29
46 29
18 46
20 46
45 18
45 20
10 29
10 45
10 45
1 10
45 1
45 10
1 45
39 1
39 10
39 45
44 39
44 39
14 39
14 44
14 44
1 14
44 1
44 14
1 44
31 1
31 14
31 44
43 31
43 31
7 43
16 7
16 31
16 43
42 16
42 16
8 42
16 42
41 8
41 16
6 16
6 41
26 6
26 41
40 6
40 26
28 26
28 40
28 40
1 28
40 1
40 28
1 40
32 1
32 28
32 40
39 32
39 32
10 32
10 39
37 10
37 39
38 10
38 37
6 38
26 38
37 6
20 37
35 20
35 26
35 37
36 35
36 35
26 35
26 36
26 36
1 26
36 1
36 26
1 36
28 36
35 1
35 26
5 28
5 35
27 5
27 35
34 5
34 27
2 34
21 2
21 34
33 21
33 21
14 27
14 33
14 33
1 14
33 1
33 14
1 33
30 33
32 1
32 14
11 32
15 32
31 11
31 15
14 30
14 31
19 14
19 31
30 14
30 19
12 19
12 30
18 30
29 12
29 12
7 29
17 7
17 29
28 17
28 17
4 18
4 28
26 4
26 28
27 4
27 26
20 27
21 27
26 20
15 21
15 26
17 26
25 15
25 15
23 17
23 25
24 23
24 23
24 25
1 24
9 24
17 24
23 1
23 9
6 23
11 6
11 23
22 11
22 11
16 22
18 22
21 16
21 17
17 18
17 21
17 21
1 17
21 1
21 17
1 21
20 1
20 21
3 20
9 20
19 3
19 9
6 17
6 19
6 19
18 6
18 6
13 18
17 6
17 18
5 17
10 5
10 13
10 17
16 10
16 10
2 10
2 16
3 2
3 16
15 2
15 3
1 15
13 1
13 15
14 3
14 13
3 13
3 14
3 14
1 3
14 1
14 3
1 14
12 1
12 14
13 3
13 12
6 12
6 13
9 6
9 13
12 6
12 9
6 9
6 12
6 12
1 6
12 1
12 6
1 12
9 1
9 6
9 12
11 9
11 9
3 11
3 11
10 3
10 3
7 10
8 7
8 9
8 10
9 8
9 8
2 8
2 9
2 9
1 2
9 1
9 2
1 9
4 1
4 2
4 9
8 4
8 4
3 4
3 8
6 8
7 3
7 3
1 6
1 7
1 7
2 1
7 2
7 1
2 7
6 1
6 7
4 2
4 6
4 6
5 4
5 4
1 4
1 5
1 5
2 1
5 2
5 1
2 5
3 1
3 2
3 5
4 3
4 3
1 3
1 4
1 4
2 1
4 2
4 1
2 4
3 1
3 2
3 4
1 3
1 3
1 3
2 1
3 2
3 1
2 3
2 1
2 3
1 2
1 2
1 2
