1000
68 593 795
15 23 349
694 764 941
457 782 985
2 56 947
172 193 965
113 209 671
481 833 863
136 222 254
252 290 565
338 467 684
630 817 847
285 326 584
66 543 952
26 422 956
59 101 750
18 297 884
32 908 965
41 960 997
7 543 745
9 105 108
421 453 544
55 194 549
344 677 709
417 419 683
638 769 897
68 221 431
118 215 969
296 298 752
477 487 944
195 754 838
159 807 966
50 95 172
367 798 992
132 376 409
527 586 884
484 554 674
463 560 740
335 467 503
392 414 501
28 830 851
249 338 544
200 546 989
356 398 855
83 142 844
99 664 746
76 313 546
226 309 971
415 621 895
87 120 213
322 522 781
199 297 492
369 740 791
44 430 603
4 850 865
244 797 856
516 574 647
54 566 696
349 507 706
245 749 880
302 673 804
47 165 232
455 860 930
86 737 923
3 19 153
227 724 886
16 83 823
9 352 501
523 609 844
252 489 497
117 268 754
34 650 983
429 642 755
294 581 837
6 208 932
331 506 986
45 242 881
782 974 975
196 379 518
22 170 447
432 530 543
149 383 836
268 424 531
13 413 880
177 827 886
168 732 952
273 317 868
177 266 693
72 93 790
182 523 834
134 551 595
27 336 574
147 155 793
134 262 373
495 667 819
227 271 391
328 769 888
34 316 857
328 611 925
318 439 743
800 835 919
174 597 603
618 627 764
312 785 809
142 375 547
18 141 777
505 838 940
31 261 846
97 228 649
248 433 659
38 159 900
266 836 938
30 572 964
420 664 809
160 385 573
42 617 714
719 829 936
274 366 937
65 325 419
368 501 770
158 173 884
78 291 778
116 662 948
442 576 916
321 340 996
77 402 756
191 337 425
469 873 948
448 756 951
349 590 610
128 202 572
120 583 585
162 784 822
201 589 668
160 213 255
329 447 549
176 345 459
615 764 893
7 29 594
242 599 849
380 682 688
612 826 933
282 479 558
23 41 738
55 265 270
195 747 796
143 839 1000
454 483 568
590 925 973
279 562 924
70 190 756
175 333 929
51 426 851
575 601 866
208 251 328
93 183 934
82 369 947
263 459 979
256 849 898
112 449 724
210 455 620
86 295 593
398 433 553
537 790 883
690 781 999
181 525 704
267 285 843
51 692 703
382 678 765
598 695 840
67 467 917
494 595 773
436 796 988
71 324 640
14 820 981
545 560 591
461 703 790
482 695 935
132 231 413
364 502 749
231 817 991
100 572 855
108 265 879
241 584 873
400 431 597
1 558 675
327 861 922
37 689 983
289 415 802
624 828 923
256 416 698
173 405 495
90 295 994
70 555 830
406 428 647
52 401 627
90 385 671
284 407 571
309 581 909
109 491 637
158 189 343
59 287 306
211 749 825
824 825 956
323 587 911
345 351 691
6 330 682
127 362 468
21 127 892
28 574 916
206 487 962
206 630 799
74 83 748
101 237 452
692 732 993
77 378 666
548 675 784
75 301 751
639 938 995
573 606 695
552 856 971
267 327 721
37 614 969
336 359 488
31 861 938
60 655 829
271 736 779
33 381 486
270 402 707
515 680 736
202 463 893
115 525 857
131 705 964
175 330 758
350 416 917
583 700 711
575 711 716
98 130 772
140 197 514
205 837 954
160 230 512
80 114 725
137 540 750
470 590 636
163 600 921
594 666 702
526 726 976
229 832 919
390 626 771
182 936 968
227 526 581
49 262 966
412 616 676
454 463 882
156 162 853
58 757 952
612 769 856
121 286 387
169 539 623
284 439 521
157 191 744
151 428 620
43 194 620
355 437 445
408 559 653
474 563 703
18 66 862
382 553 898
371 541 634
125 430 532
500 528 730
96 244 680
483 486 972
404 757 950
22 445 868
158 567 970
32 155 461
163 212 958
425 643 906
542 640 751
292 450 950
403 652 881
229 645 791
81 288 466
393 808 845
515 673 814
475 822 875
112 203 962
636 696 940
737 800 865
93 272 897
205 255 715
152 424 889
434 576 815
254 648 839
165 271 995
111 628 900
418 613 819
39 54 301
148 554 687
149 174 708
29 350 710
351 687 701
332 405 976
57 529 718
238 420 794
262 519 726
400 466 956
211 408 713
116 362 786
186 859 931
109 507 812
253 657 700
209 733 747
189 421 685
384 558 722
263 308 712
257 578 582
542 750 874
183 668 698
629 772 803
577 609 625
257 364 569
521 720 851
161 293 848
245 290 949
191 488 977
488 587 957
370 557 592
295 623 672
142 246 521
218 838 963
490 890 910
20 327 652
740 811 876
91 173 293
310 503 982
84 496 524
599 770 845
133 296 607
278 718 901
123 474 564
842 933 955
42 230 444
74 278 647
278 874 891
217 882 914
216 478 520
43 315 776
10 102 409
668 741 777
135 241 862
792 846 988
307 778 780
42 71 693
192 631 872
685 864 928
24 322 745
166 797 944
538 805 988
145 156 382
343 451 870
205 453 841
452 532 589
237 440 491
333 658 787
446 760 801
554 663 834
187 510 862
185 306 577
72 444 969
43 107 940
374 883 929
465 508 512
226 723 974
109 124 907
321 657 665
2 89 522
313 395 941
6 64 248
570 691 744
141 466 989
284 700 831
260 783 841
383 529 665
124 273 489
294 702 831
269 712 1000
125 135 998
40 264 899
244 311 537
601 688 998
502 948 961
19 592 648
92 506 556
75 359 840
110 436 586
241 570 614
515 930 978
741 775 923
130 379 484
45 318 632
223 377 846
243 294 603
669 811 826
63 462 676
5 231 566
218 324 974
275 375 815
29 534 651
134 715 850
314 863 932
14 245 566
145 412 707
70 114 954
94 333 805
416 768 0
258 452 794
302 713 770
347 500 971
499 545 735
423 509 669
472 796 991
108 514 591
77 363 372
360 520 916
85 197 258
297 493 641
152 562 799
220 859 905
389 748 855
137 234 261
201 403 492
538 578 899
286 881 913
99 216 442
100 374 953
354 495 813
166 266 662
457 890 957
1 146 359
74 638 783
346 361 854
39 663 976
311 476 765
85 896 937
39 639 774
96 423 709
193 363 580
236 596 608
8 277 987
35 372 761
258 650 944
20 26 945
92 460 922
165 773 886
144 238 367
204 644 961
62 224 849
476 482 686
157 639 843
460 534 765
200 519 920
10 200 299
170 181 963
133 674 876
78 138 220
44 720 736
378 617 671
228 259 526
806 888 973
350 527 853
478 757 995
48 169 793
80 296 717
282 743 786
210 279 567
178 689 733
540 807 859
301 535 538
325 360 480
10 393 726
36 743 753
8 563 929
392 459 806
96 438 676
487 542 729
149 555 779
273 351 942
335 870 885
24 696 738
367 686 723
154 239 365
21 724 801
674 817 873
510 721 758
155 193 591
162 615 895
239 739 852
605 615 730
138 309 353
16 27 115
121 216 768
215 597 618
94 692 957
135 233 303
25 119 809
233 253 347
534 825 975
57 711 985
462 640 999
79 634 727
198 435 716
437 681 712
81 303 869
147 390 798
53 665 955
399 592 622
3 192 396
276 734 759
577 800 814
281 766 805
199 358 773
637 642 807
219 654 872
12 366 697
286 315 917
384 646 656
60 341 493
107 641 752
3 215 637
289 963 978
342 377 850
52 316 991
443 912 972
528 633 660
156 401 818
885 913 975
340 535 918
267 414 984
762 819 984
91 381 870
195 378 446
178 298 967
250 504 762
151 198 207
219 560 767
343 393 564
252 288 425
157 238 557
339 388 921
209 254 605
184 490 513
11 75 482
69 450 517
235 311 646
105 559 993
312 426 498
81 491 511
331 346 996
283 285 901
128 228 876
139 541 958
772 847 981
449 947 967
299 632 733
290 399 761
242 697 794
524 889 926
417 546 635
631 661 986
473 533 667
104 171 479
371 386 758
190 220 504
188 600 739
118 548 880
239 355 373
98 102 530
485 734 763
270 464 822
132 795 854
48 84 110
348 517 555
68 616 905
288 485 802
113 628 660
289 579 662
50 403 760
131 556 710
120 486 789
386 655 728
168 578 775
373 427 871
58 345 759
446 654 786
338 810 903
643 761 895
49 117 427
61 214 483
251 386 434
472 717 915
11 608 715
95 624 877
354 633 915
229 651 872
315 437 913
498 747 977
183 337 847
518 909 0
12 23 342
15 159 606
35 48 61
400 788 903
447 788 986
247 906 960
69 484 785
490 504 731
103 334 531
217 398 939
138 176 623
307 503 661
384 473 968
250 829 904
660 684 955
112 201 792
202 478 852
221 607 946
175 197 669
106 611 802
17 185 751
207 557 943
308 585 827
336 442 801
64 84 719
63 563 573
272 635 968
103 237 272
465 480 818
136 579 911
122 268 699
111 129 858
411 460 649
269 939 941
525 782 0
76 422 930
561 727 892
151 246 728
389 609 804
565 848 879
22 352 690
148 922 926
204 494 832
121 601 979
240 473 813
2 509 679
123 571 936
95 492 714
24 803 877
204 234 778
410 500 716
214 454 865
337 567 821
280 514 687
36 222 774
429 547 987
9 148 869
548 852 906
300 568 914
508 651 879
62 307 983
280 677 815
4 30 397
73 471 474
365 717 928
111 139 354
47 248 480
319 448 728
380 390 826
179 318 652
308 432 588
145 222 987
164 190 625
485 797 967
277 339 980
417 636 644
38 704 860
564 753 842
291 519 633
13 496 964
391 844 898
276 498 845
225 300 433
80 539 604
56 410 890
7 395 678
596 610 946
517 580 787
746 787 958
51 110 960
8 481 867
329 464 701
234 435 705
58 232 527
212 535 702
735 868 899
368 618 812
477 784 810
15 418 942
426 721 885
435 441 653
65 99 1000
171 536 735
226 388 656
468 553 878
441 768 789
217 451 942
423 632 776
545 556 771
143 353 360
150 497 953
37 611 927
233 287 738
276 304 887
50 394 411
314 450 935
82 264 804
323 443 626
154 225 679
150 605 610
153 444 871
414 599 871
79 776 908
292 334 791
344 659 907
224 339 421
128 347 854
269 833 833
38 332 341
146 330 760
589 598 697
497 643 840
808 866 962
64 181 357
104 368 431
250 600 677
67 754 904
509 624 935
124 340 407
16 332 448
92 188 293
331 520 561
179 550 993
40 910 932
167 550 629
19 127 642
52 302 889
443 654 741
153 723 835
219 371 841
346 402 631
249 410 931
187 304 670
326 617 867
257 376 997
53 355 918
65 436 857
25 104 996
198 221 320
46 510 795
34 537 798
5 541 559
79 658 774
320 511 793
5 117 924
613 622 688
505 705 839
78 125 471
298 536 863
709 720 812
105 820 891
164 353 536
362 828 888
33 317 394
334 602 659
313 370 806
608 722 739
377 387 737
387 704 820
470 604 961
88 875 905
291 579 664
300 524 698
73 186 830
26 171 434
323 457 511
420 602 878
140 186 312
87 189 997
412 708 920
116 235 965
122 507 679
118 356 725
146 729 753
163 506 691
17 429 982
12 87 953
114 243 970
405 649 685
1 650 933
274 280 780
140 533 909
44 86 730
30 126 627
324 438 684
103 415 902
476 528 848
766 831 860
621 638 918
335 694 783
56 196 814
251 326 622
46 516 680
180 277 742
408 451 734
513 513 582
57 240 629
21 348 731
232 281 673
119 518 931
811 821 959
167 539 808
462 634 672
247 282 641
82 174 576
119 246 392
375 428 767
388 496 708
836 864 977
214 419 663
489 552 752
131 432 780
62 106 666
167 396 681
89 494 771
14 154 604
287 767 867
224 322 990
126 152 970
129 469 547
441 816 892
394 512 619
180 281 904
97 470 789
54 458 998
475 523 584
303 606 645
27 792 816
508 598 945
625 877 924
265 630 719
236 645 939
319 370 648
713 875 951
479 551 706
11 123 182
76 192 588
63 914 994
113 218 583
106 401 469
453 477 529
33 701 912
188 314 992
88 422 612
445 580 586
531 894 896
672 908 992
571 729 951
107 725 762
602 707 827
28 259 946
561 585 910
32 49 305
759 781 894
133 369 706
260 274 305
194 530 911
13 236 861
766 779 920
223 344 816
4 126 212
130 161 646
144 247 427
299 628 928
678 897 900
329 540 907
283 562 699
348 406 878
235 799 902
139 532 882
25 283 342
404 657 874
178 455 655
61 166 199
141 310 430
164 208 253
206 644 937
755 864 887
364 404 670
169 381 616
675 902 999
71 499 593
102 179 259
59 689 788
100 385 594
180 653 891
147 626 934
47 223 396
316 927 943
397 464 853
456 748 954
143 203 458
101 438 722
533 575 686
275 693 843
361 471 835
544 570 744
89 177 990
60 225 658
710 777 985
522 596 813
275 383 397
196 264 395
440 465 903
73 380 418
379 683 980
20 211 411
203 763 803
569 619 896
184 755 945
456 731 959
249 356 834
46 399 407
263 304 502
115 775 926
325 614 832
661 949 982
36 306 682
893 901 979
122 310 357
90 391 406
72 468 588
35 449 732
210 389 949
365 821 950
481 714 858
91 358 569
260 439 621
358 607 690
45 187 424
493 824 990
568 818 943
55 376 499
17 670 746
66 549 727
409 550 828
53 150 742
317 516 837
372 472 984
742 866 959
207 357 745
184 461 683
144 292 352
67 718 973
88 619 823
320 842 981
321 456 551
31 261 894
366 699 915
230 927 978
595 694 912
136 458 823
69 305 363
85 869 972
161 170 582
168 213 341
667 785 989
98 440 635
361 505 994
565 681 810
475 887 934
40 172 921
129 243 279
413 919 980
97 587 883
185 319 656
613 824 966
94 137 255
763 858 925
176 256 552
41 240 374
