7775
1001 417
1001 610
19 645
19 1001
19 1001
1 19
1001 1
1001 19
1 1001
144 1
144 1001
1000 19
1000 144
137 144
137 1000
137 1000
1 137
1000 1
1000 137
1 1000
621 1
621 1000
999 137
999 621
580 999
938 580
938 999
998 621
998 938
416 938
416 998
416 998
1 416
998 1
998 416
1 998
505 1
505 416
505 998
997 505
997 505
298 505
298 997
776 298
776 298
776 997
996 776
996 776
370 776
370 996
370 996
1 370
996 1
996 370
1 996
631 1
631 996
995 370
995 631
109 631
109 995
109 995
1 109
995 1
995 109
1 995
854 1
854 109
854 995
994 854
994 854
84 854
84 994
179 994
993 84
993 84
642 179
642 993
850 642
850 642
850 993
992 850
992 850
390 850
390 992
390 992
1 390
992 1
992 390
1 992
754 1
754 390
754 992
991 754
991 754
287 754
287 991
287 991
1 287
991 1
991 287
1 991
856 1
856 287
856 991
990 856
990 856
10 990
650 10
650 856
650 990
989 650
989 650
443 650
443 989
926 443
926 443
926 989
988 926
988 926
238 926
238 988
238 988
1 238
988 1
988 238
1 988
579 1
579 238
579 988
987 579
987 579
95 579
95 987
572 987
986 95
986 95
86 572
86 986
86 986
1 86
986 1
986 86
1 986
593 1
593 86
593 986
985 593
985 593
325 593
325 985
325 985
1 325
985 1
985 325
1 985
892 1
892 985
984 325
984 892
427 892
427 984
427 984
1 427
984 1
984 427
1 984
446 1
446 427
446 984
983 446
983 446
555 446
555 983
555 983
1 555
983 1
983 555
1 983
617 1
617 555
617 983
982 617
982 617
9 617
9 982
9 982
1 9
982 1
982 9
1 982
640 1
640 9
640 982
981 640
981 640
91 981
172 91
172 981
980 172
980 172
241 640
241 980
344 241
344 980
979 241
979 344
118 344
118 979
526 118
526 979
978 118
978 526
108 526
108 978
108 978
1 108
978 1
978 108
1 978
225 1
225 108
225 978
977 225
977 225
125 225
125 977
125 977
1 125
977 1
977 125
1 977
377 1
377 125
377 977
976 377
976 377
769 976
774 377
774 769
774 976
975 774
975 774
791 774
791 975
791 975
1 791
975 1
975 791
1 975
874 1
874 791
874 975
974 874
974 874
171 874
171 974
171 974
1 171
974 1
974 171
1 974
747 1
747 171
747 974
973 747
973 747
457 747
457 973
457 973
1 457
973 1
973 457
1 973
893 1
893 457
893 973
972 893
972 893
553 893
553 972
553 972
1 553
972 1
972 553
1 972
940 1
940 553
940 972
971 940
971 940
546 971
632 546
632 940
632 971
970 632
970 632
824 970
967 970
969 632
969 824
425 969
452 425
452 969
968 452
968 452
87 967
87 968
784 87
784 968
967 87
967 784
517 784
517 967
517 967
1 517
967 1
967 517
1 967
766 1
766 517
766 967
966 766
966 766
35 966
350 966
965 35
965 350
14 766
14 965
14 965
1 14
965 1
965 14
1 965
267 1
267 965
964 14
964 267
631 267
631 964
631 964
1 631
964 1
964 631
1 964
806 1
806 631
806 964
963 806
963 806
23 806
23 963
23 963
1 23
963 1
963 23
1 963
145 1
145 23
145 963
962 145
962 145
148 962
669 145
669 962
961 148
961 669
428 669
428 961
529 961
960 428
960 428
77 529
77 960
77 960
1 77
960 1
960 77
1 960
402 1
402 77
402 960
959 402
959 402
523 402
523 959
957 523
957 959
958 523
958 957
384 957
384 958
384 958
1 384
958 1
958 384
1 958
886 1
886 384
886 958
957 886
957 886
336 886
336 957
336 957
1 336
957 1
957 336
1 957
542 1
542 336
542 957
956 542
956 542
8 542
8 956
8 956
1 8
956 1
956 8
1 956
701 1
701 956
955 8
955 701
493 955
675 493
675 701
675 955
954 675
954 675
161 675
161 954
161 954
1 161
954 1
954 161
1 954
477 1
477 161
477 954
953 477
953 477
452 477
452 953
452 953
1 452
953 1
953 452
1 953
613 1
613 452
613 953
952 613
952 613
89 613
89 952
89 952
1 89
952 1
952 89
1 952
371 1
371 89
371 952
951 371
951 371
193 371
193 951
193 951
1 193
951 1
951 193
1 951
197 1
197 193
197 951
950 197
950 197
641 197
641 950
641 950
1 641
950 1
950 641
1 950
802 1
802 641
802 950
949 802
949 802
138 949
231 949
948 138
948 231
483 802
483 948
483 948
1 483
948 1
948 483
1 948
665 1
665 483
665 948
947 665
947 665
571 665
571 947
622 947
946 571
946 571
119 622
119 946
481 119
481 119
481 946
945 481
945 481
232 481
232 945
232 945
1 232
945 1
945 232
1 945
502 945
944 1
944 232
158 502
158 944
158 944
1 158
944 1
944 158
1 944
317 1
317 158
317 944
943 317
943 317
770 317
770 943
770 943
1 770
943 1
943 770
1 943
823 1
823 770
823 943
942 823
942 823
42 823
42 942
42 942
1 42
942 1
942 42
1 942
762 1
762 42
762 942
941 762
941 762
225 762
225 941
921 225
921 225
921 941
940 921
940 921
20 940
358 940
939 20
939 358
323 939
523 323
523 939
938 523
938 523
288 921
288 938
922 288
922 938
937 288
937 922
334 922
334 937
334 937
1 334
937 1
937 334
1 937
454 1
454 334
454 937
936 454
936 454
79 454
79 936
401 79
401 936
935 79
935 401
674 401
674 935
674 935
1 674
935 1
935 674
1 935
794 1
794 674
794 935
934 794
934 794
365 794
365 934
926 365
926 934
933 365
933 926
79 926
79 933
79 933
1 79
933 1
933 79
1 933
821 1
821 933
932 79
932 821
409 821
409 932
409 932
1 409
932 1
932 409
1 932
925 1
925 409
925 932
931 925
931 925
51 925
51 931
378 931
930 51
930 51
302 930
590 930
929 302
929 378
226 590
226 929
226 929
1 226
929 1
929 226
1 929
529 1
529 226
529 929
928 529
928 529
378 529
378 928
845 378
845 378
845 928
927 845
927 845
22 927
823 927
926 22
926 823
570 926
637 570
637 926
925 637
925 637
438 925
655 925
924 438
924 655
572 845
572 924
812 572
812 924
923 572
923 812
16 812
16 923
214 16
214 16
214 923
922 214
922 214
147 214
147 922
147 922
1 147
922 1
922 147
1 922
720 1
720 147
720 922
921 720
921 720
329 720
329 921
550 921
920 329
920 329
79 920
673 920
919 79
919 550
98 673
98 919
534 98
534 919
918 98
918 534
62 534
62 918
62 918
1 62
918 1
918 62
1 918
677 1
677 62
677 918
917 677
917 677
93 677
93 917
93 917
1 93
917 1
917 93
1 917
516 1
516 93
516 917
916 516
916 516
824 516
824 916
824 916
1 824
916 1
916 824
1 916
853 1
853 824
853 916
915 853
915 853
182 853
182 915
182 915
1 182
915 1
915 182
1 915
437 1
437 182
437 915
914 437
914 437
16 437
16 914
16 914
1 16
914 1
914 16
1 914
202 1
202 16
202 914
913 202
913 202
238 913
350 202
350 913
912 238
912 350
174 350
174 912
174 912
1 174
912 1
912 174
1 912
355 1
355 912
911 174
911 355
186 911
217 186
217 911
910 217
910 217
259 355
259 910
259 910
1 259
910 1
910 259
1 910
474 1
474 910
909 259
909 474
180 474
180 909
180 909
1 180
909 1
909 180
1 909
323 1
323 909
908 180
908 323
73 908
553 908
907 73
907 323
211 553
211 907
211 907
1 211
907 1
907 211
1 907
212 1
212 211
212 907
906 212
906 212
683 212
683 906
683 906
1 683
906 1
906 683
1 906
782 1
782 683
782 906
905 782
905 782
106 782
106 905
382 106
382 106
382 905
904 382
904 382
89 382
89 904
89 904
1 89
904 1
904 89
1 904
600 1
600 89
600 904
903 600
903 600
478 600
478 903
478 903
1 478
903 1
903 478
1 903
544 1
544 478
544 903
902 544
902 544
274 544
274 902
274 902
1 274
902 1
902 274
1 902
474 1
474 902
901 274
901 474
507 474
507 901
507 901
1 507
901 1
901 507
1 901
768 1
768 507
768 901
900 768
900 768
563 768
563 900
563 900
1 563
900 1
900 563
1 900
676 1
676 900
899 563
899 676
556 676
556 899
556 899
1 556
899 1
899 556
1 899
801 1
801 899
898 556
898 801
584 801
584 898
584 898
1 584
898 1
898 584
1 898
828 1
828 898
897 584
897 828
474 828
474 897
561 474
561 474
561 897
896 561
896 561
136 561
136 896
136 896
1 136
896 1
896 136
1 896
702 1
702 136
702 896
895 702
895 702
169 702
169 895
696 895
894 169
894 169
464 894
566 464
566 696
566 894
893 566
893 566
25 893
454 25
454 893
892 454
892 454
238 566
238 892
401 238
401 238
401 892
891 401
891 401
55 401
55 891
55 891
1 55
891 1
891 55
1 891
673 1
673 55
673 891
890 673
890 673
403 673
403 890
403 890
1 403
890 1
890 403
1 890
534 1
534 890
889 403
889 534
522 534
522 889
818 522
818 522
818 889
888 818
888 818
84 818
84 888
84 888
1 84
888 1
888 84
1 888
690 1
690 84
690 888
887 690
887 690
23 690
23 887
263 23
263 887
886 23
886 263
363 886
760 886
885 263
885 363
340 760
340 885
340 885
1 340
885 1
885 340
1 885
466 1
466 340
466 885
884 466
884 466
520 884
595 884
883 466
883 520
18 595
18 883
18 883
1 18
883 1
883 18
1 883
277 1
277 18
277 883
882 277
882 277
647 277
647 882
647 882
1 647
882 1
882 647
1 882
752 882
881 1
881 647
41 752
41 881
41 881
1 41
881 1
881 41
1 881
210 1
210 41
210 881
880 210
880 210
785 210
785 880
797 785
797 880
879 785
879 797
372 797
372 879
530 372
530 372
530 879
878 530
878 530
198 878
657 198
657 878
877 530
877 657
330 877
833 877
876 330
876 657
83 876
619 876
875 83
875 619
264 875
275 264
275 875
874 275
874 275
149 874
471 874
873 149
873 471
576 833
576 873
576 873
1 576
873 1
873 576
1 873
751 1
751 873
872 576
872 751
228 751
228 872
228 872
1 228
872 1
872 228
1 872
784 1
784 228
784 872
871 784
871 784
22 784
22 871
363 22
363 871
870 22
870 363
630 363
630 870
630 870
1 630
870 1
870 630
1 870
843 1
843 870
869 630
869 843
7 843
7 869
7 869
1 7
869 1
869 7
1 869
587 1
587 7
587 869
868 587
868 587
406 587
406 868
406 868
1 406
868 1
868 406
1 868
636 1
636 406
636 868
867 636
867 636
47 636
47 867
47 867
1 47
867 1
867 47
1 867
646 1
646 47
646 867
866 646
866 646
554 646
554 866
554 866
1 554
866 1
866 554
1 866
603 1
603 554
603 866
865 603
865 603
143 603
143 865
573 865
864 143
864 143
309 864
419 309
419 864
863 419
863 419
678 573
678 863
678 863
1 678
863 1
863 678
1 863
776 1
776 863
862 678
862 776
450 776
450 862
450 862
1 450
862 1
862 450
1 862
818 1
818 862
861 450
861 818
183 818
183 861
690 861
860 183
860 183
212 860
322 860
859 212
859 322
374 690
374 859
670 374
670 374
670 859
858 670
858 670
92 670
92 858
92 858
1 92
858 1
858 92
1 858
502 1
502 858
857 92
857 502
506 857
515 502
515 857
856 506
856 515
597 515
597 856
708 856
855 597
855 597
58 708
58 855
58 855
1 58
855 1
855 58
1 855
299 1
299 855
854 58
854 299
454 299
454 854
454 854
1 454
854 1
854 454
1 854
685 854
853 1
853 454
139 853
246 139
246 685
246 853
852 246
852 246
87 246
87 852
725 87
725 852
851 87
851 725
711 725
711 851
716 711
716 711
716 851
850 716
850 716
245 850
551 850
849 245
849 551
401 716
401 849
814 401
814 849
848 401
848 814
459 814
459 848
736 459
736 459
736 848
847 736
847 736
16 847
723 16
723 847
846 723
846 723
175 736
175 846
175 846
1 175
846 1
846 175
1 846
413 1
413 175
413 846
845 413
845 413
261 845
381 845
844 261
844 381
755 413
755 844
755 844
1 755
844 1
844 755
1 844
832 1
832 755
832 844
843 832
843 832
459 832
459 843
459 843
1 459
843 1
843 459
1 843
671 1
671 459
671 843
842 671
842 671
233 671
233 842
233 842
1 233
842 1
842 233
1 842
590 1
590 233
590 842
841 590
841 590
70 590
70 841
386 841
840 70
840 70
89 840
662 89
662 386
662 840
839 662
839 662
82 839
112 82
112 839
838 112
838 112
551 662
551 838
714 551
714 838
837 551
837 714
105 714
105 837
409 105
409 837
836 105
836 409
507 409
507 836
830 507
830 507
830 836
835 830
835 830
157 830
157 835
157 835
1 157
835 1
835 157
1 835
727 1
727 157
727 835
834 727
834 727
457 834
616 457
616 727
616 834
833 616
833 616
406 616
406 833
511 406
511 406
511 833
832 511
832 511
469 832
641 469
641 511
641 832
831 641
831 641
335 641
335 831
405 335
405 831
830 335
830 405
124 405
124 830
294 124
294 830
829 124
829 294
84 294
84 829
84 829
1 84
829 1
829 84
1 829
704 1
704 829
828 84
828 704
209 704
209 828
209 828
1 209
828 1
828 209
1 828
494 1
494 209
494 828
827 494
827 494
305 494
305 827
305 827
1 305
827 1
827 305
1 827
510 1
510 305
510 827
826 510
826 510
510 826
566 510
566 510
566 826
825 566
825 566
265 566
265 825
265 825
1 265
825 1
825 265
1 825
309 1
309 825
824 265
824 309
34 309
34 824
771 824
823 34
823 34
90 823
368 823
822 90
822 368
155 771
155 822
601 155
601 155
601 822
821 601
821 601
5 601
5 821
695 5
695 5
695 821
820 695
820 695
39 695
39 820
39 820
1 39
820 1
820 39
1 820
490 1
490 39
490 820
819 490
819 490
49 490
49 819
211 49
211 49
211 819
818 211
818 211
108 818
187 108
187 818
817 187
817 187
445 211
445 817
460 445
460 445
460 817
816 460
816 460
619 460
619 816
619 816
1 619
816 1
816 619
1 816
638 1
638 619
638 816
815 638
815 638
174 638
174 815
408 174
408 815
814 174
814 408
55 814
113 55
113 408
113 814
813 113
813 113
54 113
54 813
54 813
1 54
813 1
813 54
1 813
468 1
468 54
468 813
812 468
812 468
239 468
239 812
239 812
1 239
812 1
812 239
1 812
798 1
798 239
798 812
811 798
811 798
118 798
118 811
118 811
1 118
811 1
811 118
1 811
384 811
810 1
810 118
186 384
186 810
186 810
1 186
810 1
810 186
1 810
441 1
441 186
441 810
809 441
809 441
192 441
192 809
304 192
304 809
808 192
808 304
242 304
242 808
415 242
415 808
807 242
807 415
526 415
526 807
526 807
1 526
807 1
807 526
1 807
611 1
611 526
611 807
806 611
806 611
350 611
350 806
421 350
421 350
421 806
805 421
805 421
245 421
245 805
245 805
1 245
805 1
805 245
1 805
278 1
278 245
278 805
804 278
804 278
186 804
740 186
740 278
740 804
803 740
803 740
28 740
28 803
28 803
1 28
803 1
803 28
1 803
577 1
577 28
577 803
802 577
802 577
58 577
58 802
58 802
1 58
802 1
802 58
1 802
654 802
801 1
801 58
123 654
123 801
123 801
1 123
801 1
801 123
1 801
310 1
310 123
310 801
800 310
800 310
253 310
253 800
253 800
1 253
800 1
800 253
1 800
414 1
414 800
799 253
799 414
50 414
50 799
50 799
1 50
799 1
799 50
1 799
415 1
415 799
798 50
798 415
354 798
671 354
671 415
671 798
797 671
797 671
114 671
114 797
114 797
1 114
797 1
797 114
1 797
306 1
306 797
796 114
796 306
205 306
205 796
205 796
1 205
796 1
796 205
1 796
728 1
728 205
728 796
795 728
795 728
15 728
15 795
15 795
1 15
795 1
795 15
1 795
334 795
794 1
794 15
515 794
614 794
793 334
793 515
669 614
669 793
669 793
1 669
793 1
793 669
1 793
693 1
693 793
792 669
792 693
122 693
122 792
689 122
689 122
689 792
791 689
791 689
385 791
517 385
517 791
790 517
790 517
109 790
244 109
244 689
244 790
789 244
789 244
258 789
788 244
788 789
403 258
403 788
533 403
533 788
787 403
787 533
554 787
776 787
786 533
786 554
47 776
47 786
379 47
379 47
379 786
785 379
785 379
619 379
619 785
734 619
734 785
784 619
784 734
305 734
305 784
385 305
385 784
783 305
783 385
123 783
208 123
208 783
782 208
782 208
54 385
54 782
270 54
270 782
781 54
781 270
21 270
21 781
557 21
557 21
557 781
780 557
780 557
24 780
448 780
779 24
779 448
29 557
29 779
478 779
778 29
778 29
122 478
122 778
122 778
1 122
778 1
778 122
1 778
467 1
467 122
467 778
777 467
777 467
107 467
107 777
107 777
1 107
777 1
777 107
1 777
650 1
650 777
776 107
776 650
528 776
551 528
551 776
775 551
775 551
407 650
407 775
407 775
1 407
775 1
775 407
1 775
772 1
772 407
772 775
774 772
774 772
67 774
617 67
617 772
617 774
773 617
773 617
512 617
512 773
512 773
1 512
773 1
773 512
1 773
733 1
733 512
733 773
772 733
772 733
430 772
585 772
771 430
771 585
72 733
72 771
72 771
1 72
771 1
771 72
1 771
98 1
98 72
98 771
770 98
770 98
388 98
388 770
514 770
769 388
769 388
513 514
513 769
513 769
1 513
769 1
769 513
1 769
546 1
546 769
768 513
768 546
254 768
347 254
347 768
767 347
767 347
119 546
119 767
119 767
1 119
767 1
767 119
1 767
712 1
712 119
712 767
766 712
766 712
190 712
190 766
385 190
385 766
765 190
765 385
318 385
318 765
318 765
1 318
765 1
765 318
1 765
323 1
323 318
323 765
764 323
764 323
13 323
13 764
368 764
763 13
763 13
369 368
369 763
369 763
1 369
763 1
763 369
1 763
428 763
762 1
762 369
632 428
632 762
632 762
1 632
762 1
762 632
1 762
641 1
641 632
641 762
761 641
761 641
443 641
443 761
443 761
1 443
761 1
761 443
1 761
560 1
560 761
760 443
760 560
525 560
525 760
525 760
1 525
760 1
760 525
1 760
547 1
547 525
547 760
759 547
759 547
65 759
731 65
731 547
731 759
758 731
758 731
205 758
535 205
535 731
535 758
757 535
757 535
196 535
196 757
196 757
1 196
757 1
757 196
1 757
534 1
534 196
534 757
756 534
756 534
65 534
65 756
394 65
394 65
394 756
755 394
755 394
58 394
58 755
650 755
754 58
754 58
156 754
677 156
677 650
677 754
753 677
753 677
202 677
202 753
680 202
680 202
680 753
752 680
752 680
76 680
76 752
76 752
1 76
752 1
752 76
1 752
560 1
560 76
560 752
751 560
751 560
395 560
395 751
395 751
1 395
751 1
751 395
1 751
455 1
455 395
455 751
750 455
750 455
67 455
67 750
67 750
1 67
750 1
750 67
1 750
502 1
502 67
502 750
749 502
749 502
376 502
376 749
386 376
386 376
386 749
748 386
748 386
422 386
422 748
656 422
656 748
747 422
747 656
68 656
68 747
651 68
651 747
746 68
746 651
545 651
545 746
545 746
1 545
746 1
746 545
1 746
624 1
624 545
624 746
745 624
745 624
409 745
573 409
573 624
573 745
744 573
744 573
380 573
380 744
635 380
635 380
635 744
743 635
743 635
285 635
285 743
459 285
459 285
459 743
742 459
742 459
590 742
721 459
721 742
741 590
741 721
134 721
134 741
364 741
740 134
740 134
304 740
671 304
671 740
739 364
739 671
111 671
111 739
111 739
1 111
739 1
739 111
1 739
687 1
687 111
687 739
738 687
738 687
388 687
388 738
388 738
1 388
738 1
738 388
1 738
644 1
644 388
644 738
737 644
737 644
131 644
131 737
131 737
1 131
737 1
737 131
1 737
562 1
562 131
562 737
736 562
736 562
161 562
161 736
161 736
1 161
736 1
736 161
1 736
323 1
323 161
323 736
735 323
735 323
24 323
24 735
24 735
1 24
735 1
735 24
1 735
673 1
673 735
734 24
734 673
281 673
281 734
281 734
1 281
734 1
734 281
1 734
656 1
656 734
733 281
733 656
288 656
288 733
597 733
732 288
732 288
40 597
40 732
540 40
540 732
731 40
731 540
351 540
351 731
400 351
400 351
400 731
730 400
730 400
228 730
721 228
721 400
721 730
729 721
729 721
493 721
493 729
493 729
1 493
729 1
729 493
1 729
723 729
728 1
728 493
155 723
155 728
294 155
294 155
294 728
727 294
727 294
372 727
614 727
726 294
726 372
412 614
412 726
412 726
1 412
726 1
726 412
1 726
471 726
725 1
725 412
33 471
33 725
33 725
1 33
725 1
725 33
1 725
589 1
589 33
589 725
724 589
724 589
520 589
520 724
520 724
1 520
724 1
724 520
1 724
692 1
692 520
692 724
723 692
723 692
506 692
506 723
508 506
508 506
508 723
722 508
722 508
188 508
188 722
188 722
1 188
722 1
722 188
1 722
223 1
223 188
223 722
721 223
721 223
422 223
422 721
483 422
483 422
483 721
720 483
720 483
553 720
635 483
635 553
635 720
719 635
719 635
176 635
176 719
176 719
1 176
719 1
719 176
1 719
350 719
718 1
718 176
422 350
422 718
422 718
1 422
718 1
718 422
1 718
448 1
448 718
717 422
717 448
347 448
347 717
347 717
1 347
717 1
717 347
1 717
620 1
620 347
620 717
716 620
716 620
434 716
706 716
715 434
715 620
123 715
613 123
613 715
714 613
714 613
48 706
48 714
48 714
1 48
714 1
714 48
1 714
375 1
375 48
375 714
713 375
713 375
493 713
624 713
712 375
712 493
256 712
413 256
413 624
413 712
711 413
711 413
513 413
513 711
703 513
703 711
710 513
710 703
153 703
153 710
558 153
558 710
709 153
709 558
2 558
2 709
2 709
1 2
709 1
709 2
1 709
612 1
612 2
612 709
708 612
708 612
30 612
30 708
30 708
1 30
708 1
708 30
1 708
673 1
673 708
707 30
707 673
120 673
120 707
120 707
1 120
707 1
707 120
1 707
624 1
624 707
706 120
706 624
350 624
350 706
375 350
375 350
375 706
705 375
705 375
245 705
401 245
401 375
401 705
704 401
704 401
256 401
256 704
256 704
1 256
704 1
704 256
1 704
595 1
595 256
595 704
703 595
703 595
432 595
432 703
660 432
660 703
702 432
702 660
297 702
671 702
701 297
701 660
451 671
451 701
451 701
1 451
701 1
701 451
1 701
484 1
484 451
484 701
700 484
700 484
153 484
153 700
153 700
1 153
700 1
700 153
1 700
168 1
168 153
168 700
699 168
699 168
14 699
46 699
698 14
698 46
446 698
584 168
584 698
697 446
697 584
450 584
450 697
637 697
696 450
696 450
20 637
20 696
20 696
1 20
696 1
696 20
1 696
139 1
139 20
139 696
695 139
695 139
384 139
384 695
442 695
694 384
694 384
242 442
242 694
242 694
1 242
694 1
694 242
1 694
475 1
475 242
475 694
693 475
693 475
223 475
223 693
529 693
692 223
692 223
574 529
574 692
592 574
592 574
592 692
691 592
691 592
96 691
371 96
371 691
690 371
690 371
108 592
108 690
108 690
1 108
690 1
690 108
1 690
306 690
689 1
689 108
15 306
15 689
107 689
688 15
688 15
342 688
548 688
687 107
687 342
8 548
8 687
342 687
686 8
686 8
25 342
25 686
25 686
1 25
686 1
686 25
1 686
570 1
570 25
570 686
685 570
685 570
309 570
309 685
451 309
451 685
684 309
684 451
580 451
580 684
580 684
1 580
684 1
684 580
1 684
586 1
586 684
683 580
683 586
429 683
676 429
676 683
682 586
682 676
361 676
361 682
361 682
1 361
682 1
682 361
1 682
414 1
414 361
414 682
681 414
681 414
158 681
633 158
633 414
633 681
680 633
680 633
324 680
595 324
595 633
595 680
679 595
679 595
141 595
141 679
141 679
1 141
679 1
679 141
1 679
238 679
678 1
678 141
292 678
411 238
411 678
677 292
677 411
21 411
21 677
215 677
676 21
676 21
297 215
297 676
297 676
1 297
676 1
676 297
1 676
642 1
642 297
642 676
675 642
675 642
326 675
665 326
665 675
674 642
674 665
212 674
517 212
517 665
517 674
673 517
673 517
412 673
670 412
670 517
670 673
672 670
672 670
415 670
415 672
664 415
664 415
664 672
671 664
671 664
289 671
467 671
670 289
670 467
124 664
124 670
601 124
601 124
601 670
669 601
669 601
200 601
200 669
559 200
559 669
668 200
668 559
28 668
217 28
217 559
217 668
667 217
667 217
21 217
21 667
21 667
1 21
667 1
667 21
1 667
68 1
68 21
68 667
666 68
666 68
73 68
73 666
73 666
1 73
666 1
666 73
1 666
631 666
665 1
665 73
23 631
23 665
23 665
1 23
665 1
665 23
1 665
337 665
664 1
664 23
68 337
68 664
68 664
1 68
664 1
664 68
1 664
586 664
663 1
663 68
127 586
127 663
609 127
609 663
662 127
662 609
327 662
608 662
661 327
661 608
5 661
42 661
660 5
660 42
458 609
458 660
458 660
1 458
660 1
660 458
1 660
653 1
653 458
653 660
659 653
659 653
358 653
358 659
358 659
1 358
659 1
659 358
1 659
491 1
491 358
491 659
658 491
658 491
33 491
33 658
604 33
604 33
604 658
657 604
657 604
342 604
342 657
342 657
1 342
657 1
657 342
1 657
646 1
646 657
656 342
656 646
5 646
5 656
5 656
1 5
656 1
656 5
1 656
378 1
378 5
378 656
655 378
655 378
494 378
494 655
610 655
654 494
654 494
258 610
258 654
258 654
1 258
654 1
654 258
1 654
503 1
503 258
503 654
653 503
653 503
33 503
33 653
183 653
652 33
652 33
217 183
217 652
300 217
300 217
300 652
651 300
651 300
80 300
80 651
80 651
1 80
651 1
651 80
1 651
275 1
275 80
275 651
650 275
650 275
96 650
587 96
587 275
587 650
649 587
649 587
431 587
431 649
431 649
1 431
649 1
649 431
1 649
642 1
642 649
648 431
648 642
262 642
262 648
262 648
1 262
648 1
648 262
1 648
546 1
546 262
546 648
647 546
647 546
177 546
177 647
177 647
1 177
647 1
647 177
1 647
510 647
646 1
646 177
90 510
90 646
90 646
1 90
646 1
646 90
1 646
250 1
250 90
250 646
645 250
645 250
166 250
166 645
232 166
232 645
644 166
644 232
407 232
407 644
407 644
1 407
644 1
644 407
1 644
582 644
643 1
643 407
87 582
87 643
342 643
642 87
642 87
23 342
23 642
87 23
87 642
641 23
641 87
356 87
356 641
571 356
571 356
571 641
640 571
640 571
40 640
576 640
639 40
639 571
306 639
374 306
374 576
374 639
638 374
638 374
11 638
625 11
625 638
637 374
637 625
54 625
54 637
54 637
1 54
637 1
637 54
1 637
291 1
291 637
636 54
636 291
414 291
414 636
414 636
1 414
636 1
636 414
1 636
613 1
613 414
613 636
635 613
635 613
5 635
249 635
634 5
634 249
92 613
92 634
224 92
224 92
224 634
633 224
633 224
326 633
615 633
632 224
632 326
525 615
525 632
525 632
1 525
632 1
632 525
1 632
563 1
563 525
563 632
631 563
631 563
352 631
368 631
630 352
630 368
11 630
343 630
629 11
629 343
152 563
152 629
152 629
1 152
629 1
629 152
1 629
234 1
234 152
234 629
628 234
628 234
27 234
27 628
107 628
627 27
627 27
131 107
131 627
231 131
231 131
231 627
626 231
626 231
160 231
160 626
160 626
1 160
626 1
626 160
1 626
288 1
288 160
288 626
625 288
625 288
406 288
406 625
406 625
1 406
625 1
625 406
1 625
536 625
624 1
624 406
185 536
185 624
234 624
623 185
623 185
316 234
316 623
316 623
1 316
623 1
623 316
1 623
528 1
528 316
528 623
622 528
622 528
285 528
285 622
354 285
354 285
354 622
621 354
621 354
122 621
501 122
501 354
501 621
620 501
620 501
89 620
290 620
619 89
619 290
513 619
538 501
538 513
538 619
618 538
618 538
333 538
333 618
333 618
1 333
618 1
618 333
1 618
553 1
553 618
617 333
617 553
232 553
232 617
232 617
1 232
617 1
617 232
1 617
447 617
616 1
616 232
403 616
499 403
499 616
615 447
615 499
136 499
136 615
300 615
614 136
614 136
185 300
185 614
185 614
1 185
614 1
614 185
1 614
308 1
308 185
308 614
613 308
613 308
424 613
497 613
612 308
612 424
289 497
289 612
358 612
611 289
611 289
292 611
561 611
610 292
610 358
507 610
604 610
609 507
609 561
156 604
156 609
320 156
320 156
320 609
608 320
608 320
153 320
153 608
520 608
607 153
607 153
349 520
349 607
527 349
527 607
606 349
606 527
248 527
248 606
248 606
1 248
606 1
606 248
1 606
283 1
283 248
283 606
605 283
605 283
438 283
438 605
438 605
1 438
605 1
605 438
1 605
556 1
556 438
556 605
604 556
604 556
50 604
466 50
466 556
466 604
603 466
603 466
59 603
263 603
602 59
602 263
423 466
423 602
423 602
1 423
602 1
602 423
1 602
516 602
601 1
601 423
46 516
46 601
114 46
114 601
600 46
600 114
226 114
226 600
574 600
599 226
599 226
252 574
252 599
252 599
1 252
599 1
599 252
1 599
589 599
598 1
598 252
279 589
279 598
459 279
459 598
597 279
597 459
11 459
11 597
11 597
1 11
597 1
597 11
1 597
42 1
42 597
596 11
596 42
367 42
367 596
367 596
1 367
596 1
596 367
1 596
543 596
595 1
595 367
142 543
142 595
335 142
335 595
594 142
594 335
94 594
578 594
593 94
593 335
385 593
510 385
510 578
510 593
592 510
592 510
159 592
268 592
591 159
591 268
50 510
50 591
132 50
132 50
132 591
590 132
590 132
372 132
372 590
557 590
589 372
589 372
58 589
180 589
588 58
588 180
189 557
189 588
189 588
1 189
588 1
588 189
1 588
532 1
532 189
532 588
587 532
587 532
61 587
84 61
84 532
84 587
586 84
586 84
284 84
284 586
549 284
549 586
585 284
585 549
1 549
1 585
1 585
2 1
585 2
585 1
2 585
27 1
27 2
27 585
584 27
584 27
6 584
451 6
451 27
451 584
583 451
583 451
452 583
474 451
474 452
474 583
582 474
582 474
35 474
35 582
35 582
1 35
582 1
582 35
1 582
179 1
179 35
179 582
581 179
581 179
77 179
77 581
77 581
1 77
581 1
581 77
1 581
229 1
229 77
229 581
580 229
580 229
185 229
185 580
407 185
407 185
407 580
579 407
579 407
43 579
106 43
106 579
578 106
578 106
493 407
493 578
499 493
499 493
499 578
577 499
577 499
15 577
278 15
278 499
278 577
576 278
576 278
405 576
426 576
575 278
575 405
84 426
84 575
151 84
151 575
574 84
574 151
76 574
269 76
269 151
269 574
573 269
573 269
197 269
197 573
197 573
1 197
573 1
573 197
1 573
483 1
483 573
572 197
572 483
300 572
378 300
378 572
571 378
571 378
246 483
246 571
371 246
371 571
570 246
570 371
7 371
7 570
7 570
1 7
570 1
570 7
1 570
216 570
569 1
569 7
338 569
515 569
568 216
568 338
77 515
77 568
140 77
140 77
140 568
567 140
567 140
10 140
10 567
326 10
326 567
566 10
566 326
229 326
229 566
520 229
520 566
565 229
565 520
160 520
160 565
477 160
477 565
564 160
564 477
321 477
321 564
365 321
365 564
563 321
563 365
228 365
228 563
228 563
1 228
563 1
563 228
1 563
325 1
325 563
562 228
562 325
160 562
377 160
377 325
377 562
561 377
561 377
323 377
323 561
323 561
1 323
561 1
561 323
1 561
502 561
560 1
560 323
268 560
273 268
273 560
559 273
559 273
284 502
284 559
284 559
1 284
559 1
559 284
1 559
515 1
515 284
515 559
558 515
558 515
104 515
104 558
104 558
1 104
558 1
558 104
1 558
118 1
118 104
118 558
557 118
557 118
30 557
312 557
556 30
556 118
160 556
180 160
180 312
180 556
555 180
555 180
337 555
344 555
554 180
554 337
63 554
399 63
399 554
553 344
553 399
226 399
226 553
335 226
335 553
552 226
552 335
7 335
7 552
314 7
314 7
314 552
551 314
551 314
371 314
371 551
511 371
511 371
511 551
550 511
550 511
261 511
261 550
261 550
1 261
550 1
550 261
1 550
461 1
461 261
461 550
549 461
549 461
10 461
10 549
10 549
1 10
549 1
549 10
1 549
70 1
70 10
70 549
548 70
548 70
201 548
362 70
362 201
362 548
547 362
547 362
101 362
101 547
443 101
443 547
546 101
546 443
202 443
202 546
202 546
1 202
546 1
546 202
1 546
470 1
470 546
545 202
545 470
217 470
217 545
217 545
1 217
545 1
545 217
1 545
299 545
544 1
544 217
319 544
346 299
346 544
543 319
543 346
31 346
31 543
31 543
1 31
543 1
543 31
1 543
146 1
146 31
146 543
542 146
542 146
77 146
77 542
77 542
1 77
542 1
542 77
1 542
354 1
354 542
541 77
541 354
300 354
300 541
300 541
1 300
541 1
541 300
1 541
379 1
379 300
379 541
540 379
540 379
167 379
167 540
167 540
1 167
540 1
540 167
1 540
222 1
222 167
222 540
539 222
539 222
125 222
125 539
502 125
502 539
538 125
538 502
136 502
136 538
136 538
1 136
538 1
538 136
1 538
369 538
537 1
537 136
255 369
255 537
255 537
1 255
537 1
537 255
1 537
361 1
361 537
536 255
536 361
187 536
271 187
271 536
535 271
535 271
293 535
335 535
534 293
534 335
73 361
73 534
524 73
524 534
533 73
533 524
245 524
245 533
245 533
1 245
533 1
533 245
1 533
274 533
532 1
532 245
44 532
175 44
175 274
175 532
531 175
531 175
65 175
65 531
65 531
1 65
531 1
531 65
1 531
519 1
519 65
519 531
530 519
530 519
129 530
143 129
143 530
529 143
529 143
148 529
524 529
528 148
528 519
25 524
25 528
202 25
202 25
202 528
527 202
527 202
258 202
258 527
435 258
435 258
435 527
526 435
526 435
92 526
396 92
396 526
525 396
525 396
195 435
195 525
262 195
262 525
524 195
524 262
175 262
175 524
175 524
1 175
524 1
524 175
1 524
252 1
252 175
252 524
523 252
523 252
52 252
52 523
52 523
1 52
523 1
523 52
1 523
382 1
382 52
382 523
522 382
522 382
155 522
265 522
521 155
521 265
322 382
322 521
322 521
1 322
521 1
521 322
1 521
450 1
450 322
450 521
520 450
520 450
186 520
367 186
367 520
519 367
519 367
149 519
246 519
518 149
518 246
140 450
140 518
317 140
317 518
517 140
517 317
39 317
39 517
39 517
1 39
517 1
517 39
1 517
339 1
339 517
516 39
516 339
288 339
288 516
288 516
1 288
516 1
516 288
1 516
299 516
515 1
515 288
59 299
59 515
59 515
1 59
515 1
515 59
1 515
130 1
130 59
130 515
514 130
514 130
153 514
264 130
264 514
513 153
513 264
175 264
175 513
175 513
1 175
513 1
513 175
1 513
381 513
512 1
512 175
265 381
265 512
411 512
511 265
511 265
172 511
508 172
508 411
508 511
510 508
510 508
33 510
67 33
67 508
67 510
509 67
509 67
410 67
410 509
462 410
462 509
508 410
508 462
336 462
336 508
336 508
1 336
508 1
508 336
1 508
446 1
446 508
507 336
507 446
60 446
60 507
203 60
203 507
506 60
506 203
352 203
352 506
352 506
1 352
506 1
506 352
1 506
389 1
389 506
505 352
505 389
32 505
84 505
504 32
504 84
28 389
28 504
175 28
175 504
503 28
503 175
177 503
246 175
246 177
246 503
502 246
502 246
198 246
198 502
317 198
317 198
317 502
501 317
501 317
163 501
268 163
268 501
500 268
500 268
226 500
400 226
400 500
499 317
499 400
58 400
58 499
58 499
1 58
499 1
499 58
1 499
446 499
498 1
498 58
133 446
133 498
133 498
1 133
498 1
498 133
1 498
255 1
255 498
497 133
497 255
18 497
93 18
93 497
496 93
496 93
98 255
98 496
369 98
369 496
495 98
495 369
37 495
340 495
494 37
494 340
321 369
321 494
321 494
1 321
494 1
494 321
1 494
401 494
493 1
493 321
120 401
120 493
279 493
492 120
492 120
34 279
34 492
34 492
1 34
492 1
492 34
1 492
475 492
491 1
491 34
116 491
146 116
146 491
490 146
490 146
14 475
14 490
14 490
1 14
490 1
490 14
1 490
222 1
222 14
222 490
489 222
489 222
87 222
87 489
87 489
1 87
489 1
489 87
1 489
376 489
488 1
488 87
82 376
82 488
82 488
1 82
488 1
488 82
1 488
301 1
301 82
301 488
487 301
487 301
30 301
30 487
49 487
486 30
486 30
272 49
272 486
272 486
1 272
486 1
486 272
1 486
448 1
448 272
448 486
485 448
485 448
40 448
40 485
40 485
1 40
485 1
485 40
1 485
105 485
484 1
484 40
19 105
19 484
457 484
483 19
483 19
175 483
262 483
482 175
482 262
350 457
350 482
350 482
1 350
482 1
482 350
1 482
464 1
464 350
464 482
481 464
481 464
33 464
33 481
228 33
228 33
228 481
480 228
480 228
218 228
218 480
454 218
454 218
454 480
479 454
479 454
243 454
243 479
377 243
377 479
478 243
478 377
148 377
148 478
273 148
273 148
273 478
477 273
477 273
86 273
86 477
215 86
215 477
476 86
476 215
143 215
143 476
143 476
1 143
476 1
476 143
1 476
294 1
294 476
475 143
475 294
285 475
432 285
432 475
474 294
474 432
277 474
401 277
401 432
401 474
473 401
473 401
35 401
35 473
35 473
1 35
473 1
473 35
1 473
348 1
348 473
472 35
472 348
235 348
235 472
235 472
1 235
472 1
472 235
1 472
302 1
302 472
471 235
471 302
73 471
448 73
448 302
448 471
470 448
470 448
107 470
109 107
109 470
469 109
469 109
216 448
216 469
346 216
346 469
468 216
468 346
319 346
319 468
454 468
467 319
467 319
147 454
147 467
295 467
466 147
466 147
186 295
186 466
316 186
316 466
465 186
465 316
80 316
80 465
226 80
226 465
464 80
464 226
347 226
347 464
403 347
403 347
403 464
463 403
463 403
43 403
43 463
43 463
1 43
463 1
463 43
1 463
350 463
462 1
462 43
185 350
185 462
395 462
461 185
461 185
63 461
172 63
172 461
460 172
460 172
152 395
152 460
152 460
1 152
460 1
460 152
1 460
355 1
355 460
459 152
459 355
92 459
170 459
458 92
458 170
90 355
90 458
90 458
1 90
458 1
458 90
1 458
224 458
457 1
457 90
111 224
111 457
111 457
1 111
457 1
457 111
1 457
182 1
182 111
182 457
456 182
456 182
62 182
62 456
296 62
296 62
296 456
455 296
455 296
129 296
129 455
129 455
1 129
455 1
455 129
1 455
141 455
454 1
454 129
311 141
311 454
430 311
430 454
453 311
453 430
218 453
418 218
418 430
418 453
452 418
452 418
68 452
276 68
276 452
451 276
451 276
40 451
397 40
397 418
397 451
450 397
450 397
142 450
293 450
449 142
449 293
6 397
6 449
255 6
255 449
448 6
448 255
37 255
37 448
368 37
368 37
368 448
447 368
447 368
299 368
299 447
299 447
1 299
447 1
447 299
1 447
444 1
444 299
444 447
446 444
446 444
293 446
425 293
425 446
445 425
445 425
391 444
391 445
438 445
444 391
444 391
179 438
179 444
179 444
1 179
444 1
444 179
1 444
287 1
287 444
443 179
443 287
18 287
18 443
18 443
1 18
443 1
443 18
1 443
161 1
161 18
161 443
442 161
442 161
213 161
213 442
213 442
1 213
442 1
442 213
1 442
345 1
345 213
345 442
441 345
441 345
315 441
357 315
357 345
357 441
440 357
440 357
4 357
4 440
4 440
1 4
440 1
440 4
1 440
306 1
306 440
439 4
439 306
52 439
359 52
359 306
359 439
438 359
438 359
53 438
290 438
437 53
437 290
34 359
34 437
34 437
1 34
437 1
437 34
1 437
246 1
246 34
246 437
436 246
436 246
46 246
46 436
46 436
1 46
436 1
436 46
1 436
119 436
435 1
435 46
2 119
2 435
144 2
144 2
144 435
434 144
434 144
228 144
228 434
228 434
1 228
434 1
434 228
1 434
360 1
360 228
360 434
433 360
433 360
134 360
134 433
134 433
1 134
433 1
433 134
1 433
231 1
231 433
432 134
432 231
243 231
243 432
243 432
1 243
432 1
432 243
1 432
252 1
252 243
252 432
431 252
431 252
341 252
341 431
354 431
430 341
430 341
107 354
107 430
107 430
1 107
430 1
430 107
1 430
405 430
429 1
429 107
127 429
293 127
293 405
293 429
428 293
428 293
17 293
17 428
52 17
52 428
427 17
427 52
1 427
186 1
186 427
426 52
426 186
62 186
62 426
62 426
1 62
426 1
426 62
1 426
177 1
177 62
177 426
425 177
425 177
126 177
126 425
126 425
1 126
425 1
425 126
1 425
216 1
216 126
216 425
424 216
424 216
183 216
183 424
183 424
1 183
424 1
424 183
1 424
270 424
423 1
423 183
144 270
144 423
144 423
1 144
423 1
423 144
1 423
300 423
422 1
422 144
229 300
229 422
336 229
336 229
336 422
421 336
421 336
206 421
381 206
381 421
420 336
420 381
203 381
203 420
232 203
232 420
419 203
419 232
61 232
61 419
61 419
1 61
419 1
419 61
1 419
271 419
418 1
418 61
252 418
400 252
400 418
417 271
417 400
191 400
191 417
235 191
235 417
416 191
416 235
90 235
90 416
90 416
1 90
416 1
416 90
1 416
330 1
330 416
415 90
415 330
151 330
151 415
151 415
1 151
415 1
415 151
1 415
194 1
194 151
194 415
414 194
414 194
26 414
367 26
367 194
367 414
413 367
413 367
80 367
80 413
80 413
1 80
413 1
413 80
1 413
400 1
400 413
412 80
412 400
204 412
248 204
248 400
248 412
411 248
411 248
91 248
91 411
91 411
1 91
411 1
411 91
1 411
94 1
94 91
94 411
410 94
410 94
20 410
302 20
302 94
302 410
409 302
409 302
155 409
286 409
408 155
408 286
332 302
332 408
332 408
1 332
408 1
408 332
1 408
371 408
407 1
407 332
352 407
354 352
354 407
406 354
406 354
116 406
339 116
339 371
339 406
405 339
405 339
152 405
386 405
404 152
404 339
92 386
92 404
92 404
1 92
404 1
404 92
1 404
304 1
304 404
403 92
403 304
292 403
310 292
310 304
310 403
402 310
402 310
21 402
165 21
165 310
165 402
401 165
401 165
62 165
62 401
219 401
400 62
400 62
27 219
27 400
175 27
175 27
175 400
399 175
399 175
230 175
230 399
230 399
1 230
399 1
399 230
1 399
286 1
286 230
286 399
398 286
398 286
184 286
184 398
184 398
1 184
398 1
398 184
1 398
352 1
352 398
397 184
397 352
211 352
211 397
211 397
1 211
397 1
397 211
1 397
278 1
278 211
278 397
396 278
396 278
218 278
218 396
218 396
1 218
396 1
396 218
1 396
337 396
395 1
395 218
222 395
349 395
394 222
394 337
259 349
259 394
384 394
393 259
393 259
158 384
158 393
158 393
1 158
393 1
393 158
1 393
312 393
392 1
392 158
154 312
154 392
255 392
391 154
391 154
56 255
56 391
56 391
1 56
391 1
391 56
1 391
272 1
272 391
390 56
390 272
159 390
367 159
367 390
389 272
389 367
29 389
270 29
270 367
270 389
388 270
388 270
63 270
63 388
382 63
382 388
387 63
387 382
74 382
74 387
74 387
1 74
387 1
387 74
1 387
339 387
386 1
386 74
35 339
35 386
35 386
1 35
386 1
386 35
1 386
178 386
385 1
385 35
82 178
82 385
124 385
384 82
384 82
176 384
322 384
383 124
383 176
198 322
198 383
198 383
1 198
383 1
383 198
1 383
260 1
260 198
260 383
382 260
382 260
63 382
124 382
381 63
381 124
256 260
256 381
256 381
1 256
381 1
381 256
1 381
286 1
286 381
380 256
380 286
75 286
75 380
75 380
1 75
380 1
380 75
1 380
207 1
207 75
207 380
379 207
379 207
51 379
208 51
208 379
378 207
378 208
154 208
154 378
154 378
1 154
378 1
378 154
1 378
237 1
237 154
237 378
377 237
377 237
318 377
345 377
376 237
376 318
200 345
200 376
200 376
1 200
376 1
376 200
1 376
312 1
312 200
312 376
375 312
375 312
242 312
242 375
242 375
1 242
375 1
375 242
1 375
260 1
260 375
374 242
374 260
21 374
354 374
373 21
373 260
129 354
129 373
129 373
1 129
373 1
373 129
1 373
271 373
372 1
372 129
263 271
263 372
263 372
1 263
372 1
372 263
1 372
349 1
349 263
349 372
371 349
371 349
195 349
195 371
195 371
1 195
371 1
371 195
1 371
222 371
370 1
370 195
328 370
357 222
357 328
357 370
369 357
369 357
8 357
8 369
170 369
368 8
368 8
38 170
38 368
176 38
176 368
367 38
367 176
28 176
28 367
28 367
1 28
367 1
367 28
1 367
168 1
168 28
168 367
366 168
366 168
152 168
152 366
235 152
235 366
365 152
365 235
53 365
167 53
167 235
167 365
364 167
364 167
16 167
16 364
341 16
341 364
363 16
363 341
240 341
240 363
240 363
1 240
363 1
363 240
1 363
292 1
292 240
292 363
362 292
362 292
241 292
241 362
322 241
322 241
322 362
361 322
361 322
16 361
118 16
118 322
118 361
360 118
360 118
107 118
107 360
107 360
1 107
360 1
360 107
1 360
359 360
359 1
100 107
100 359
100 359
1 100
359 1
359 100
1 359
179 359
358 1
358 100
62 179
62 358
356 358
357 62
357 62
21 357
153 21
153 356
153 357
356 153
356 153
65 356
291 65
291 356
355 153
355 291
116 291
116 355
116 355
1 116
355 1
355 116
1 355
344 1
344 116
344 355
354 344
354 344
135 354
240 354
353 135
353 240
140 353
231 140
231 344
231 353
352 231
352 231
41 231
41 352
41 352
1 41
352 1
352 41
1 352
234 1
234 41
234 352
351 234
351 234
152 351
156 351
350 152
350 156
61 234
61 350
61 350
1 61
350 1
350 61
1 350
222 1
222 61
222 350
349 222
349 222
33 222
33 349
33 349
1 33
349 1
349 33
1 349
185 1
185 349
348 33
348 185
202 348
246 185
246 348
347 202
347 246
89 246
89 347
89 347
1 89
347 1
347 89
1 347
111 1
111 89
111 347
346 111
346 111
213 346
341 111
341 213
341 346
345 341
345 341
95 341
95 345
95 345
1 95
345 1
345 95
1 345
100 1
100 95
100 345
344 100
344 100
32 100
32 344
73 32
73 344
343 32
343 73
15 73
15 343
325 343
342 15
342 15
137 325
137 342
137 342
1 137
342 1
342 137
1 342
167 342
341 1
341 137
129 341
294 129
294 167
294 341
340 294
340 294
55 340
285 55
285 340
339 285
339 285
83 294
83 339
293 83
293 339
338 83
338 293
256 338
276 338
337 256
337 276
51 337
197 51
197 337
336 197
336 197
68 336
192 336
335 68
335 192
53 293
53 335
170 335
334 53
334 53
141 334
154 141
154 334
333 154
333 154
196 170
196 333
196 333
1 196
333 1
333 196
1 333
325 1
325 333
332 196
332 325
187 325
187 332
223 187
223 332
331 187
331 223
45 223
45 331
105 45
105 45
105 331
330 105
330 105
162 105
162 330
193 162
193 330
329 162
329 193
180 329
203 329
328 180
328 193
92 203
92 328
327 92
327 328
127 92
127 327
127 327
1 127
327 1
327 127
1 327
261 1
261 327
326 127
326 261
44 326
60 44
60 261
60 326
325 60
325 60
226 60
226 325
234 226
234 226
234 325
324 234
324 234
187 324
256 187
256 234
256 324
323 256
323 256
163 323
205 323
322 163
322 205
23 322
29 23
29 322
321 29
321 29
84 321
102 84
102 321
320 102
320 102
124 320
271 124
271 256
271 320
319 271
319 271
280 271
280 319
280 319
1 280
319 1
319 280
1 319
301 1
301 319
318 280
318 301
6 301
6 318
214 318
317 6
317 6
67 214
67 317
67 317
1 67
317 1
317 67
1 317
78 317
316 1
316 67
107 316
215 78
215 316
315 107
315 215
201 215
201 315
245 201
245 201
245 315
314 245
314 245
71 245
71 314
71 314
1 71
314 1
314 71
1 314
175 1
175 71
175 314
313 175
313 175
44 313
212 44
212 175
212 313
312 212
312 212
103 212
103 312
256 312
311 103
311 103
239 311
262 239
262 256
262 311
310 262
310 262
182 262
182 310
248 310
309 182
309 182
203 248
203 309
203 309
1 203
309 1
309 203
1 309
214 1
214 309
308 203
308 214
204 308
275 204
275 308
307 214
307 275
91 307
264 307
306 91
306 264
152 275
152 306
265 306
305 152
305 152
5 305
42 305
304 5
304 42
15 265
15 304
296 15
296 304
303 15
303 296
61 303
206 61
206 303
302 206
302 206
151 296
151 302
252 151
252 151
252 302
301 252
301 252
6 252
6 301
26 301
300 6
300 6
48 26
48 300
199 48
199 48
199 300
299 199
299 199
122 299
229 122
229 199
229 299
298 229
298 229
246 298
288 298
297 229
297 246
48 288
48 297
48 297
1 48
297 1
297 48
1 297
270 1
270 48
270 297
296 270
296 270
192 296
295 192
295 270
295 296
1 295
233 1
233 295
233 295
1 233
295 1
295 233
1 295
281 295
294 1
294 233
128 294
259 294
293 128
293 259
40 281
40 293
77 293
292 40
292 40
199 77
199 292
202 199
202 199
202 292
291 202
291 202
89 202
89 291
156 89
156 89
156 291
290 156
290 156
64 156
64 290
244 290
289 64
289 64
62 244
62 289
211 62
211 62
211 289
288 211
288 211
7 211
7 288
7 288
1 7
288 1
288 7
1 288
188 1
188 7
188 288
287 188
287 188
136 188
136 287
286 287
286 136
1 286
153 1
153 286
285 136
285 153
70 153
70 285
239 285
284 70
284 70
214 239
214 284
233 214
233 214
233 284
283 233
283 233
8 233
8 283
40 8
40 283
282 8
282 40
14 40
14 282
14 282
1 14
282 1
282 14
1 282
118 1
118 282
281 14
281 118
114 118
114 281
114 281
1 114
281 1
281 114
1 281
240 281
280 1
280 114
219 240
219 280
219 280
1 219
280 1
280 219
1 280
233 280
279 1
279 219
70 279
84 70
84 233
84 279
278 84
278 84
42 84
42 278
207 42
207 278
277 42
277 207
56 277
125 277
276 56
276 125
121 207
121 276
121 276
1 121
276 1
276 121
1 276
201 1
201 121
201 276
275 201
275 201
15 201
15 275
15 275
1 15
275 1
275 15
1 275
249 1
249 275
274 15
274 249
6 249
6 274
182 6
182 274
273 6
273 182
27 273
184 273
272 27
272 182
5 272
112 5
112 272
271 112
271 112
214 271
264 184
264 271
270 214
270 264
87 270
123 87
123 264
123 270
269 123
269 123
110 123
110 269
110 269
1 110
269 1
269 110
1 269
262 269
268 1
268 110
21 262
21 268
169 21
169 21
169 268
267 169
267 169
17 169
17 267
17 267
1 17
267 1
267 17
1 267
106 1
106 17
106 267
266 106
266 106
238 106
238 266
265 266
265 238
33 238
33 265
33 265
1 33
265 1
265 33
1 265
51 1
51 265
264 33
264 51
33 51
33 264
33 264
1 33
264 1
264 33
1 264
152 264
263 1
263 33
13 263
166 13
166 263
262 152
262 166
67 166
67 262
67 262
1 67
262 1
262 67
1 262
211 1
211 262
261 67
261 211
16 211
16 261
72 16
72 261
260 16
260 72
226 72
226 260
240 226
240 260
259 226
259 240
45 259
88 259
258 45
258 88
35 240
35 258
35 258
1 35
258 1
258 35
1 258
172 1
172 35
172 258
257 172
257 172
142 172
142 257
142 257
1 142
257 1
257 142
1 257
171 1
171 142
171 257
256 171
256 171
55 171
55 256
55 256
1 55
256 1
256 55
1 256
201 256
255 1
255 55
32 201
32 255
145 32
145 255
254 32
254 145
148 145
148 254
148 254
1 148
254 1
254 148
1 254
219 1
219 148
219 254
253 219
253 219
11 253
86 253
252 11
252 86
84 219
84 252
84 252
1 84
252 1
252 84
1 252
205 1
205 84
205 252
251 205
251 205
66 205
66 251
66 251
1 66
251 1
251 66
1 251
96 1
96 66
96 251
250 96
250 96
190 250
219 96
219 190
219 250
249 219
249 219
188 219
188 249
188 249
1 188
249 1
249 188
1 249
192 249
248 1
248 188
37 192
37 248
99 37
99 248
247 37
247 99
205 99
205 247
217 205
217 205
217 247
246 217
246 217
110 217
110 246
110 246
1 110
246 1
246 110
1 246
124 1
124 110
124 246
245 124
245 124
21 124
21 245
217 21
217 21
217 245
244 217
244 217
15 244
38 244
243 15
243 38
66 217
66 243
209 243
242 66
242 66
10 209
10 242
232 10
232 10
232 242
241 232
241 232
115 232
115 241
115 241
1 115
241 1
241 115
1 241
135 1
135 115
135 241
240 135
240 135
116 240
123 116
123 135
123 240
239 123
239 123
203 123
203 239
203 239
1 203
239 1
239 203
1 239
227 1
227 239
238 203
238 227
24 227
24 238
24 238
1 24
238 1
238 24
1 238
184 1
184 238
237 24
237 184
22 184
22 237
22 237
1 22
237 1
237 22
1 237
215 1
215 237
236 22
236 215
50 236
63 236
235 50
235 63
186 215
186 235
224 186
224 235
234 186
234 224
46 234
108 46
108 234
233 108
233 108
120 233
177 120
177 224
177 233
232 177
232 177
69 177
69 232
121 232
231 69
231 69
94 121
94 231
171 231
230 94
230 94
10 171
10 230
59 10
59 10
59 230
229 59
229 59
149 229
198 59
198 149
198 229
228 198
228 198
4 198
4 228
4 228
1 4
228 1
228 4
1 228
57 228
227 1
227 4
215 227
217 227
226 57
226 215
10 217
10 226
10 226
1 10
226 1
226 10
1 226
207 1
207 10
207 226
225 207
225 207
91 207
91 225
147 225
224 91
224 91
93 224
136 93
136 147
136 224
223 136
223 136
107 223
124 223
222 107
222 124
43 136
43 222
54 222
221 43
221 43
45 54
45 221
132 45
132 221
220 45
220 132
47 132
47 220
47 220
1 47
220 1
220 47
1 220
177 1
177 47
177 220
219 177
219 177
15 177
15 219
15 219
1 15
219 1
219 15
1 219
62 1
62 219
218 15
218 62
34 218
55 218
217 34
217 55
12 62
12 217
181 12
181 217
216 12
216 181
133 181
133 216
139 216
215 133
215 133
102 139
102 215
191 215
214 102
214 102
25 214
40 25
40 214
213 40
213 40
109 213
116 109
116 213
212 116
212 116
29 191
29 212
29 212
1 29
212 1
212 29
1 212
102 212
211 1
211 29
74 102
74 211
205 74
205 74
205 211
210 205
210 205
82 205
82 210
85 82
85 210
209 82
209 85
36 85
36 209
36 209
1 36
209 1
209 36
1 209
185 1
185 209
208 36
208 185
68 208
85 68
85 208
207 85
207 85
151 207
161 207
206 151
206 161
129 185
129 206
129 206
1 129
206 1
206 129
1 206
137 1
137 206
205 129
205 137
109 205
171 109
171 205
204 137
204 171
144 171
144 204
144 204
1 144
204 1
204 144
1 204
176 1
176 204
203 144
203 176
134 176
134 203
134 203
1 134
203 1
203 134
1 203
173 203
202 1
202 134
64 202
114 202
201 64
201 114
165 173
165 201
165 201
1 165
201 1
201 165
1 201
181 1
181 165
181 201
200 181
200 181
92 181
92 200
130 92
130 92
130 200
199 130
199 130
82 199
192 199
198 82
198 130
76 192
76 198
76 198
1 76
198 1
198 76
1 198
177 198
197 1
197 76
50 177
50 197
50 197
1 50
197 1
197 50
1 197
137 1
137 197
196 50
196 137
115 196
141 115
141 137
141 196
195 141
195 141
13 141
13 195
169 13
169 195
194 13
194 169
59 169
59 194
59 194
1 59
194 1
194 59
1 194
68 1
68 194
193 59
193 68
134 68
134 193
176 134
176 134
176 193
192 176
192 176
121 176
121 192
122 192
191 121
191 121
2 191
159 2
159 122
159 191
190 159
190 159
102 190
134 102
134 159
134 190
189 134
189 134
59 134
59 189
158 189
188 59
188 59
30 158
30 188
107 30
107 30
107 188
187 107
187 107
53 187
128 187
186 53
186 107
73 128
73 186
111 73
111 73
111 186
185 111
185 111
6 111
6 185
106 6
106 185
184 6
184 106
51 106
51 184
51 184
1 51
184 1
184 51
1 184
137 1
137 51
137 184
183 137
183 137
90 183
165 183
182 90
182 137
82 165
82 182
99 182
181 82
181 82
34 181
109 34
109 181
180 99
180 109
37 109
37 180
37 180
1 37
180 1
180 37
1 180
79 1
79 180
179 37
179 79
109 179
176 79
176 179
178 109
178 176
5 176
5 178
5 178
1 5
178 1
178 5
1 178
91 1
91 178
177 5
177 91
40 91
40 177
51 177
176 40
176 40
28 51
28 176
102 176
175 28
175 28
38 102
38 175
133 175
174 38
174 38
131 133
131 174
141 131
141 131
141 174
173 141
173 141
40 141
40 173
40 173
1 40
173 1
173 40
1 173
90 1
90 40
90 173
172 90
172 90
43 172
148 43
148 90
148 172
171 148
171 148
33 148
33 171
33 171
1 33
171 1
171 33
1 171
61 1
61 33
61 171
170 61
170 61
63 61
63 170
80 63
80 170
169 63
169 80
54 80
54 169
54 169
1 54
169 1
169 54
1 169
144 1
144 54
144 169
168 144
168 144
51 168
143 168
167 51
167 143
95 144
95 167
118 167
166 95
166 95
95 118
95 166
135 166
165 95
165 95
1 135
1 165
1 165
2 1
165 2
165 1
2 165
32 1
32 2
32 165
164 32
164 32
36 164
125 32
125 164
163 36
163 125
44 125
44 163
60 163
162 44
162 44
64 60
64 162
64 162
1 64
162 1
162 64
1 162
113 1
113 162
161 64
161 113
16 113
16 161
16 161
1 16
161 1
161 16
1 161
84 1
84 16
84 161
160 84
160 84
93 84
93 160
143 93
143 160
159 93
159 143
89 143
89 159
89 159
1 89
159 1
159 89
1 159
145 159
158 1
158 89
75 158
128 158
157 75
157 128
25 145
25 157
117 25
117 157
156 25
156 117
7 156
106 7
106 156
155 106
155 106
28 117
28 155
75 28
75 155
154 28
154 75
37 75
37 154
37 154
1 37
154 1
154 37
1 154
138 154
153 1
153 37
88 153
152 153
152 88
27 152
30 27
30 152
151 30
151 30
13 138
13 151
66 13
66 151
150 13
150 66
33 66
33 150
65 33
65 33
65 150
149 65
149 65
10 65
10 149
25 10
25 10
25 149
148 25
148 25
9 25
9 148
12 148
147 9
147 9
8 147
80 147
146 8
146 12
75 146
102 146
145 75
145 80
5 102
5 145
5 145
1 5
145 1
145 5
1 145
119 1
119 5
119 145
144 119
144 119
16 119
16 144
16 144
1 16
144 1
144 16
1 144
70 144
143 1
143 16
35 70
35 143
35 143
1 35
143 1
143 35
1 143
129 1
129 35
129 143
142 129
142 129
49 129
49 142
49 142
1 49
142 1
142 49
1 142
134 1
134 142
141 49
141 134
20 134
20 141
20 141
1 20
141 1
141 20
1 141
106 1
106 20
106 141
140 106
140 106
52 106
52 140
52 140
1 52
140 1
140 52
1 140
82 1
82 140
139 52
139 82
56 139
138 139
138 56
17 82
17 138
17 138
1 17
138 1
138 17
1 138
58 138
137 1
137 17
77 58
77 137
77 137
1 77
137 1
137 77
1 137
134 1
134 137
136 77
136 134
15 134
15 136
15 136
1 15
136 1
136 15
1 136
77 136
135 1
135 15
35 77
35 135
64 35
64 135
134 35
134 64
35 64
35 134
62 35
62 35
62 134
133 62
133 62
11 62
11 133
11 133
1 11
133 1
133 11
1 133
12 133
132 1
132 11
83 132
104 132
131 12
131 83
3 131
47 3
47 131
130 47
130 47
34 104
34 130
34 130
1 34
130 1
130 34
1 130
48 1
48 34
48 130
129 48
129 48
11 48
11 129
39 11
39 129
128 11
128 39
6 128
21 6
21 39
21 128
127 21
127 21
37 21
37 127
65 37
65 127
126 37
126 65
81 65
81 126
86 81
86 81
86 126
125 86
125 86
24 125
43 125
124 24
124 43
31 86
31 124
55 31
55 31
55 124
123 55
123 55
27 55
27 123
99 27
99 123
122 27
122 99
86 99
86 122
110 86
110 122
121 86
121 110
44 110
44 121
44 121
1 44
121 1
121 44
1 121
118 1
118 44
118 121
120 118
120 118
31 118
31 120
31 120
1 31
120 1
120 31
1 120
70 1
70 31
70 120
119 70
119 70
25 70
25 119
25 119
1 25
119 1
119 25
1 119
63 119
118 1
118 25
77 118
108 63
108 118
117 77
117 108
9 108
9 117
27 9
27 9
27 117
116 27
116 27
19 116
34 116
115 19
115 27
81 115
108 34
108 81
108 115
114 108
114 108
66 108
66 114
93 114
113 66
113 66
39 113
60 39
60 93
60 113
112 60
112 60
22 60
22 112
22 112
1 22
112 1
112 22
1 112
88 1
88 112
111 22
111 88
59 111
75 59
75 111
110 75
110 75
21 88
21 110
21 110
1 21
110 1
110 21
1 110
106 110
109 1
109 21
23 109
60 23
60 109
108 60
108 60
96 108
106 96
106 108
107 106
107 106
59 106
59 107
92 59
92 59
92 107
106 92
106 92
31 92
31 106
96 31
96 31
96 106
105 96
105 96
41 96
41 105
41 105
1 41
105 1
105 41
1 105
70 1
70 41
70 105
104 70
104 70
65 70
65 104
87 65
87 104
103 65
103 87
3 103
100 103
102 3
102 87
41 100
41 102
41 102
1 41
102 1
102 41
1 102
84 102
101 1
101 41
54 84
54 101
54 101
1 54
101 1
101 54
1 101
81 101
100 1
100 54
19 81
19 100
19 100
1 19
100 1
100 19
1 100
31 1
31 100
99 19
99 31
65 99
97 31
97 65
97 99
98 97
98 97
57 97
57 98
57 98
1 57
98 1
98 57
1 98
84 1
84 98
97 57
97 84
39 84
39 97
75 39
75 39
75 97
96 75
96 75
1 75
1 96
82 96
95 1
95 1
20 95
83 95
94 20
94 82
45 83
45 94
45 94
1 45
94 1
94 45
1 94
91 94
93 1
93 45
5 93
88 5
88 93
92 88
92 88
27 91
27 92
27 92
1 27
92 1
92 27
1 92
47 1
47 92
91 27
91 47
35 47
35 91
35 91
1 35
91 1
91 35
1 91
53 1
53 91
90 35
90 53
11 53
11 90
25 11
25 11
25 90
89 25
89 25
20 25
20 89
20 89
1 20
89 1
89 20
1 89
61 89
88 1
88 20
78 88
85 61
85 78
85 88
87 85
87 85
74 87
77 87
86 74
86 77
1 86
49 1
49 85
49 86
85 49
85 49
33 85
70 33
70 49
70 85
84 70
84 70
41 70
41 84
41 84
1 41
84 1
84 41
1 84
51 84
83 1
83 41
24 83
71 24
71 83
82 51
82 71
24 71
24 82
24 82
1 24
82 1
82 24
1 82
61 1
61 24
61 82
81 61
81 61
76 61
76 81
76 81
1 76
81 1
81 76
1 81
80 1
80 81
41 76
41 80
79 41
79 41
79 80
1 79
38 1
38 79
38 79
1 38
79 1
79 38
1 79
62 1
62 38
62 79
78 62
78 62
4 62
4 78
57 4
57 4
57 78
77 57
77 57
21 57
21 77
35 21
35 77
76 21
76 35
13 35
13 76
73 13
73 76
75 13
75 73
31 73
31 75
31 75
1 31
75 1
75 31
1 75
70 75
74 1
74 31
4 70
4 74
4 74
1 4
74 1
74 4
1 74
29 74
73 1
73 4
24 29
24 73
60 24
60 24
60 73
72 60
72 60
18 60
18 72
36 18
36 18
36 72
71 36
71 36
11 36
11 71
11 71
1 11
71 1
71 11
1 71
67 1
67 11
67 71
70 67
70 67
52 67
52 70
55 52
55 70
69 52
69 55
18 55
18 69
18 69
1 18
69 1
69 18
1 69
40 69
68 1
68 18
24 68
51 68
67 24
67 40
55 51
55 67
63 55
63 67
66 55
66 63
31 63
31 66
55 31
55 66
65 31
65 55
5 55
5 65
5 65
1 5
65 1
65 5
1 65
8 1
8 5
8 65
64 8
64 8
2 64
59 2
59 8
59 64
63 59
63 59
24 59
24 63
60 63
62 24
62 24
38 62
56 38
56 62
61 56
61 56
10 60
10 61
10 61
1 10
61 1
61 10
1 61
23 61
60 1
60 10
10 23
10 60
25 10
25 60
59 10
59 25
4 59
51 4
51 59
58 25
58 51
5 51
5 58
5 58
1 5
58 1
58 5
1 58
56 1
56 5
56 58
57 56
57 56
48 56
48 57
52 57
56 48
56 48
44 56
45 44
45 56
55 45
55 45
17 52
17 55
49 17
49 55
54 17
54 49
32 49
32 54
45 54
53 32
53 32
22 45
22 53
32 22
32 53
52 22
52 32
4 32
4 52
40 4
40 52
51 4
51 40
21 51
47 21
47 40
47 51
50 47
50 47
8 47
8 50
8 50
1 8
50 1
50 8
1 50
35 1
35 50
49 8
49 35
12 35
12 49
12 49
1 12
49 1
49 12
1 49
29 1
29 12
29 49
48 29
48 29
10 29
10 48
42 10
42 10
42 48
47 42
47 42
9 42
9 47
9 47
1 9
47 1
47 9
1 47
17 1
17 47
46 9
46 17
5 17
5 46
5 46
1 5
46 1
46 5
1 46
14 1
14 5
14 46
45 14
45 14
7 45
30 45
44 7
44 14
17 30
17 44
17 44
43 17
43 17
19 17
19 43
19 43
1 19
43 1
43 19
1 43
36 1
36 19
36 43
42 36
42 36
20 42
24 20
24 42
41 24
41 24
9 36
9 41
9 41
1 9
41 1
41 9
1 41
24 1
24 9
24 41
40 24
40 24
16 40
18 16
18 40
39 18
39 18
18 39
34 18
34 24
34 39
38 34
38 34
2 34
2 38
2 38
1 2
38 1
38 2
1 38
20 38
37 1
37 2
13 20
13 37
23 37
36 13
36 13
5 23
5 36
28 36
35 5
35 5
6 28
6 35
22 6
22 6
22 35
34 22
34 22
3 22
3 34
27 3
27 34
33 3
33 27
24 33
28 24
28 33
32 27
32 28
25 28
25 32
28 25
28 25
28 32
31 28
31 28
4 28
4 31
4 31
1 4
31 1
31 4
1 31
6 1
6 4
6 31
30 6
30 6
1 6
1 30
1 30
2 1
30 2
30 1
2 30
29 1
29 30
9 2
9 29
22 9
22 29
28 9
28 22
6 28
26 6
26 28
27 22
27 26
4 26
4 27
4 27
1 4
27 1
27 4
1 27
25 27
26 1
26 4
10 25
10 26
10 26
1 10
26 1
26 10
1 26
22 1
22 26
25 10
25 22
2 22
2 25
15 2
15 2
15 25
24 15
24 15
1 15
1 24
20 1
20 1
20 24
23 20
23 20
2 20
2 23
22 2
22 23
5 2
5 22
5 22
1 5
22 1
22 5
1 22
19 1
19 22
21 5
21 19
2 19
2 21
2 21
1 2
21 1
21 2
1 21
11 1
11 2
11 21
20 11
20 11
3 20
5 3
5 11
5 20
19 5
19 5
7 5
7 19
7 19
1 7
19 1
19 7
1 19
15 19
18 1
18 7
7 15
7 18
7 18
1 7
18 1
18 7
1 18
9 1
9 7
9 18
17 9
17 9
10 9
10 17
10 17
1 10
17 1
17 10
1 17
12 1
12 10
12 17
16 12
16 12
5 12
5 16
15 5
15 5
15 16
1 15
2 1
2 15
14 15
14 2
1 2
1 14
8 1
8 1
8 14
13 8
13 8
1 8
1 13
7 13
12 1
12 1
2 7
2 12
4 2
4 12
11 2
11 4
5 11
8 4
8 11
10 5
10 8
6 10
7 10
9 6
9 7
4 8
4 9
4 9
1 4
9 1
9 4
1 9
7 1
7 9
8 4
8 7
1 7
1 8
1 8
2 1
8 2
8 1
2 8
2 8
7 1
7 2
4 2
4 7
4 7
1 4
7 1
7 4
1 7
5 7
6 1
6 4
2 5
2 6
4 2
4 2
4 6
5 4
5 4
1 4
1 5
1 5
4 1
4 1
2 4
2 4
3 1
3 2
1 2
1 3
1 3
2 1
3 2
3 1
2 3
2 1
2 3
1 2
1 2
1 2
