7823
1001 426
1001 567
326 604
326 1001
326 1001
1 326
1001 1
1001 326
1 1001
453 1
453 326
453 1001
1000 453
1000 453
134 453
134 1000
479 134
479 134
479 1000
999 479
999 479
775 479
775 999
775 999
1 775
999 1
999 775
1 999
893 1
893 775
893 999
998 893
998 893
432 893
432 998
432 998
1 432
998 1
998 432
1 998
529 1
529 432
529 998
997 529
997 529
221 529
221 997
983 221
983 221
983 997
996 983
996 983
202 983
202 996
202 996
1 202
996 1
996 202
1 996
499 1
499 202
499 996
995 499
995 499
259 499
259 995
259 995
1 259
995 1
995 259
1 995
623 1
623 259
623 995
994 623
994 623
298 623
298 994
858 298
858 994
993 298
993 858
160 858
160 993
160 993
1 160
993 1
993 160
1 993
627 1
627 160
627 993
992 627
992 627
439 627
439 992
656 439
656 439
656 992
991 656
991 656
399 656
399 991
399 991
1 399
991 1
991 399
1 991
509 1
509 399
509 991
990 509
990 509
506 509
506 990
953 990
989 506
989 506
239 953
239 989
917 239
917 239
917 989
988 917
988 917
50 917
50 988
142 50
142 988
987 50
987 142
194 987
782 987
986 142
986 194
351 782
351 986
351 986
1 351
986 1
986 351
1 986
441 1
441 351
441 986
985 441
985 441
83 985
89 985
984 83
984 89
779 984
912 984
983 441
983 779
391 983
450 391
450 983
982 450
982 450
546 912
546 982
546 982
1 546
982 1
982 546
1 982
822 1
822 546
822 982
981 822
981 822
405 981
419 981
980 405
980 419
113 822
113 980
113 980
1 113
980 1
980 113
1 980
325 1
325 113
325 980
979 325
979 325
860 325
860 979
860 979
1 860
979 1
979 860
1 979
885 1
885 860
885 979
978 885
978 885
419 885
419 978
419 978
1 419
978 1
978 419
1 978
423 1
423 419
423 978
977 423
977 423
201 977
629 201
629 977
976 423
976 629
739 629
739 976
739 976
1 739
976 1
976 739
1 976
920 1
920 739
920 976
975 920
975 920
306 920
306 975
306 975
1 306
975 1
975 306
1 975
940 1
940 306
940 975
974 940
974 940
299 940
299 974
299 974
1 299
974 1
974 299
1 974
367 1
367 299
367 974
973 367
973 367
1 973
749 1
749 973
972 367
972 749
235 749
235 972
536 235
536 972
971 235
971 536
89 536
89 971
516 89
516 89
516 971
970 516
970 516
658 516
658 970
658 970
1 658
970 1
970 658
1 970
909 1
909 658
909 970
969 909
969 909
37 909
37 969
37 969
1 37
969 1
969 37
1 969
719 1
719 969
968 37
968 719
150 719
150 968
565 150
565 150
565 968
967 565
967 565
434 565
434 967
434 967
1 434
967 1
967 434
1 967
866 1
866 434
866 967
966 866
966 866
590 866
590 966
590 966
1 590
966 1
966 590
1 966
834 1
834 590
834 966
965 834
965 834
703 965
851 703
851 965
964 834
964 851
603 964
955 603
955 964
963 851
963 955
159 955
159 963
159 963
1 159
963 1
963 159
1 963
443 1
443 159
443 963
962 443
962 443
398 443
398 962
398 962
1 398
962 1
962 398
1 962
566 1
566 398
566 962
961 566
961 566
225 566
225 961
225 961
1 225
961 1
961 225
1 961
660 1
660 225
660 961
960 660
960 660
340 660
340 960
373 960
959 340
959 340
595 373
595 959
664 595
664 595
664 959
958 664
958 664
214 664
214 958
214 958
1 214
958 1
958 214
1 958
464 958
957 1
957 214
613 464
613 957
613 957
1 613
957 1
957 613
1 957
702 1
702 613
702 957
956 702
956 702
715 702
715 956
886 956
955 715
955 715
621 886
621 955
621 955
1 621
955 1
955 621
1 955
932 1
932 621
932 955
954 932
954 932
83 932
83 954
83 954
1 83
954 1
954 83
1 954
853 1
853 83
853 954
953 853
953 853
107 853
107 953
328 107
328 107
328 953
952 328
952 328
15 328
15 952
15 952
1 15
952 1
952 15
1 952
285 1
285 15
285 952
951 285
951 285
50 285
50 951
50 951
1 50
951 1
951 50
1 951
665 1
665 50
665 951
950 665
950 665
457 665
457 950
457 950
1 457
950 1
950 457
1 950
885 950
949 1
949 457
72 885
72 949
72 949
1 72
949 1
949 72
1 949
516 1
516 949
948 72
948 516
164 516
164 948
164 948
1 164
948 1
948 164
1 948
685 1
685 164
685 948
947 685
947 685
140 685
140 947
140 947
1 140
947 1
947 140
1 947
493 1
493 140
493 947
946 493
946 493
200 493
200 946
427 200
427 946
945 200
945 427
35 945
927 35
927 945
944 427
944 927
149 944
833 149
833 944
943 833
943 833
366 927
366 943
366 943
1 366
943 1
943 366
1 943
593 1
593 366
593 943
942 593
942 593
549 942
701 549
701 593
701 942
941 701
941 701
375 701
375 941
375 941
1 375
941 1
941 375
1 941
608 1
608 375
608 941
940 608
940 608
329 940
422 940
939 329
939 422
4 608
4 939
479 939
938 4
938 4
485 479
485 938
485 938
1 485
938 1
938 485
1 938
530 1
530 938
937 485
937 530
43 530
43 937
779 43
779 43
779 937
936 779
936 779
616 779
616 936
742 616
742 616
742 936
935 742
935 742
163 742
163 935
163 935
1 163
935 1
935 163
1 935
855 1
855 935
934 163
934 855
236 855
236 934
236 934
1 236
934 1
934 236
1 934
855 1
855 934
933 236
933 855
13 855
13 933
97 13
97 13
97 933
932 97
932 97
72 97
72 932
72 932
1 72
932 1
932 72
1 932
495 932
931 1
931 72
265 495
265 931
265 931
1 265
931 1
931 265
1 931
333 1
333 265
333 931
930 333
930 333
85 333
85 930
667 85
667 85
667 930
929 667
929 667
233 667
233 929
916 233
916 929
928 233
928 916
110 916
110 928
110 928
1 110
928 1
928 110
1 928
641 1
641 928
927 110
927 641
567 927
845 567
845 641
845 927
926 845
926 845
330 926
427 926
925 330
925 427
125 845
125 925
125 925
1 125
925 1
925 125
1 925
196 1
196 125
196 925
924 196
924 196
296 196
296 924
554 924
923 296
923 296
434 923
493 434
493 923
922 493
922 493
282 554
282 922
282 922
1 282
922 1
922 282
1 922
692 1
692 282
692 922
921 692
921 692
163 692
163 921
741 163
741 163
741 921
920 741
920 741
491 920
616 491
616 920
919 616
919 616
634 741
634 919
634 919
1 634
919 1
919 634
1 919
654 1
654 919
918 634
918 654
46 654
46 918
46 918
1 46
918 1
918 46
1 918
832 1
832 46
832 918
917 832
917 832
200 917
407 917
916 200
916 407
92 832
92 916
92 916
1 92
916 1
916 92
1 916
380 1
380 92
380 916
915 380
915 380
162 380
162 915
162 915
1 162
915 1
915 162
1 915
652 1
652 915
914 162
914 652
805 652
805 914
805 914
1 805
914 1
914 805
1 914
856 1
856 805
856 914
913 856
913 856
246 856
246 913
418 246
418 246
418 913
912 418
912 418
577 418
577 912
880 912
911 577
911 577
819 880
819 911
819 911
1 819
911 1
911 819
1 911
831 1
831 819
831 911
910 831
910 831
157 831
157 910
157 910
1 157
910 1
910 157
1 910
903 1
903 910
909 157
909 903
5 903
5 909
637 909
908 5
908 5
107 637
107 908
107 908
1 107
908 1
908 107
1 908
403 1
403 107
403 908
907 403
907 403
520 403
520 907
520 907
1 520
907 1
907 520
1 907
531 1
531 520
531 907
906 531
906 531
114 531
114 906
114 906
1 114
906 1
906 114
1 906
335 1
335 114
335 906
905 335
905 335
149 335
149 905
149 905
1 149
905 1
905 149
1 905
428 1
428 149
428 905
904 428
904 428
213 428
213 904
213 904
1 213
904 1
904 213
1 904
811 1
811 904
903 213
903 811
530 811
530 903
530 903
1 530
903 1
903 530
1 903
545 1
545 530
545 903
902 545
902 545
178 545
178 902
178 902
1 178
902 1
902 178
1 902
680 1
680 902
901 178
901 680
43 680
43 901
43 901
1 43
901 1
901 43
1 901
66 1
66 43
66 901
900 66
900 66
289 66
289 900
289 900
1 289
900 1
900 289
1 900
312 1
312 289
312 900
899 312
899 312
207 312
207 899
207 899
1 207
899 1
899 207
1 899
436 1
436 207
436 899
898 436
898 436
63 436
63 898
506 898
897 63
897 63
333 506
333 897
400 333
400 333
400 897
896 400
896 400
334 400
334 896
348 334
348 334
348 896
895 348
895 348
267 348
267 895
267 895
1 267
895 1
895 267
1 895
690 1
690 267
690 895
894 690
894 690
203 690
203 894
203 894
1 203
894 1
894 203
1 894
854 1
854 203
854 894
893 854
893 854
179 893
318 893
892 179
892 318
409 854
409 892
409 892
1 409
892 1
892 409
1 892
766 1
766 409
766 892
891 766
891 766
295 766
295 891
295 891
1 295
891 1
891 295
1 891
872 1
872 295
872 891
890 872
890 872
371 872
371 890
371 890
1 371
890 1
890 371
1 890
395 1
395 371
395 890
889 395
889 395
290 395
290 889
710 290
710 290
710 889
888 710
888 710
594 710
594 888
594 888
1 594
888 1
888 594
1 888
843 1
843 594
843 888
887 843
887 843
109 843
109 887
109 887
1 109
887 1
887 109
1 887
268 1
268 109
268 887
886 268
886 268
53 268
53 886
53 886
1 53
886 1
886 53
1 886
500 1
500 53
500 886
885 500
885 500
565 500
565 885
822 565
822 885
884 565
884 822
154 822
154 884
800 884
883 154
883 154
330 800
330 883
330 883
1 330
883 1
883 330
1 883
372 1
372 330
372 883
882 372
882 372
197 372
197 882
197 882
1 197
882 1
882 197
1 882
373 1
373 882
881 197
881 373
428 373
428 881
529 428
529 428
529 881
880 529
880 529
261 529
261 880
261 880
1 261
880 1
880 261
1 880
508 1
508 261
508 880
879 508
879 508
2 508
2 879
2 879
1 2
879 1
879 2
1 879
517 1
517 2
517 879
878 517
878 517
310 517
310 878
515 310
515 310
515 878
877 515
877 515
624 877
814 877
876 515
876 624
71 814
71 876
71 876
1 71
876 1
876 71
1 876
174 1
174 71
174 876
875 174
875 174
680 174
680 875
680 875
1 680
875 1
875 680
1 875
791 1
791 680
791 875
874 791
874 791
156 791
156 874
156 874
1 156
874 1
874 156
1 874
299 1
299 874
873 156
873 299
492 299
492 873
492 873
1 492
873 1
873 492
1 873
812 1
812 492
812 873
872 812
872 812
165 812
165 872
165 872
1 165
872 1
872 165
1 872
483 1
483 165
483 872
871 483
871 483
276 483
276 871
276 871
1 276
871 1
871 276
1 871
748 1
748 276
748 871
870 748
870 748
275 748
275 870
599 275
599 870
869 275
869 599
94 599
94 869
94 869
1 94
869 1
869 94
1 869
245 1
245 94
245 869
868 245
868 245
440 245
440 868
440 868
1 440
868 1
868 440
1 868
568 1
568 868
867 440
867 568
696 568
696 867
696 867
1 696
867 1
867 696
1 867
712 1
712 696
712 867
866 712
866 712
2 866
117 866
865 2
865 117
17 712
17 865
17 865
1 17
865 1
865 17
1 865
552 1
552 17
552 865
864 552
864 552
14 552
14 864
14 864
1 14
864 1
864 14
1 864
25 1
25 864
863 14
863 25
815 25
815 863
855 863
862 815
862 815
191 862
192 191
192 855
192 862
861 192
861 192
146 192
146 861
146 861
1 146
861 1
861 146
1 861
290 1
290 146
290 861
860 290
860 290
9 860
351 9
351 290
351 860
859 351
859 351
448 351
448 859
448 859
1 448
859 1
859 448
1 859
494 1
494 859
858 448
858 494
265 494
265 858
841 265
841 265
841 858
857 841
857 841
89 841
89 857
89 857
1 89
857 1
857 89
1 857
366 1
366 857
856 89
856 366
118 366
118 856
118 856
1 118
856 1
856 118
1 856
208 856
855 1
855 118
261 208
261 855
261 855
1 261
855 1
855 261
1 855
315 1
315 855
854 261
854 315
445 854
657 854
853 315
853 445
162 853
706 162
706 853
852 657
852 706
345 706
345 852
516 345
516 852
851 345
851 516
25 516
25 851
25 851
1 25
851 1
851 25
1 851
691 1
691 25
691 851
850 691
850 691
183 691
183 850
183 850
1 183
850 1
850 183
1 850
462 1
462 183
462 850
849 462
849 462
597 462
597 849
710 849
848 597
848 597
301 710
301 848
301 848
1 301
848 1
848 301
1 848
633 1
633 301
633 848
847 633
847 633
101 633
101 847
101 847
1 101
847 1
847 101
1 847
186 1
186 101
186 847
846 186
846 186
87 186
87 846
87 846
1 87
846 1
846 87
1 846
226 1
226 87
226 846
845 226
845 226
64 845
447 845
844 64
844 226
179 447
179 844
179 844
1 179
844 1
844 179
1 844
280 1
280 179
280 844
843 280
843 280
396 843
679 843
842 280
842 396
119 679
119 842
119 842
1 119
842 1
842 119
1 842
419 842
841 1
841 119
601 841
613 419
613 601
613 841
840 613
840 613
22 613
22 840
116 22
116 840
839 22
839 116
113 116
113 839
205 113
205 839
838 113
838 205
310 205
310 838
310 838
1 310
838 1
838 310
1 838
790 1
790 310
790 838
837 790
837 790
630 790
630 837
690 630
690 837
836 630
836 690
127 690
127 836
127 836
1 127
836 1
836 127
1 836
522 1
522 127
522 836
835 522
835 522
89 522
89 835
737 835
834 89
834 89
395 737
395 834
395 834
1 395
834 1
834 395
1 834
828 834
833 1
833 395
154 828
154 833
154 833
1 154
833 1
833 154
1 833
373 1
373 154
373 833
832 373
832 373
521 373
521 832
521 832
1 521
832 1
832 521
1 832
794 832
831 1
831 521
100 794
100 831
606 100
606 831
830 100
830 606
625 606
625 830
721 625
721 625
721 830
829 721
829 721
136 721
136 829
682 136
682 136
682 829
828 682
828 682
368 682
368 828
368 828
1 368
828 1
828 368
1 828
479 1
479 828
827 368
827 479
203 827
790 203
790 827
826 479
826 790
467 790
467 826
467 826
1 467
826 1
826 467
1 826
790 1
790 826
825 467
825 790
315 790
315 825
434 315
434 315
434 825
824 434
824 434
134 434
134 824
134 824
1 134
824 1
824 134
1 824
221 1
221 134
221 824
823 221
823 221
304 221
304 823
310 823
822 304
822 304
42 310
42 822
578 822
821 42
821 42
44 578
44 821
44 821
1 44
821 1
821 44
1 821
770 1
770 44
770 821
820 770
820 770
377 770
377 820
377 820
1 377
820 1
820 377
1 820
477 1
477 377
477 820
819 477
819 477
719 819
804 477
804 719
804 819
818 804
818 804
91 804
91 818
91 818
1 91
818 1
818 91
1 818
239 1
239 91
239 818
817 239
817 239
701 239
701 817
703 701
703 701
703 817
816 703
816 703
349 703
349 816
349 816
1 349
816 1
816 349
1 816
809 1
809 816
815 349
815 809
204 809
204 815
204 815
1 204
815 1
815 204
1 815
347 1
347 204
347 815
814 347
814 347
434 347
434 814
434 814
1 434
814 1
814 434
1 814
659 1
659 814
813 434
813 659
224 659
224 813
224 813
1 224
813 1
813 224
1 813
530 813
812 1
812 224
289 812
636 289
636 530
636 812
811 636
811 636
225 636
225 811
225 811
1 225
811 1
811 225
1 811
437 1
437 811
810 225
810 437
225 437
225 810
225 810
1 225
810 1
810 225
1 810
364 1
364 225
364 810
809 364
809 364
439 809
754 364
754 439
754 809
808 754
808 754
365 754
365 808
365 808
1 365
808 1
808 365
1 808
588 1
588 365
588 808
807 588
807 588
410 588
410 807
410 807
1 410
807 1
807 410
1 807
432 1
432 807
806 410
806 432
92 806
723 92
723 806
805 432
805 723
491 805
611 805
804 491
804 611
308 723
308 804
672 308
672 804
803 308
803 672
457 803
757 457
757 803
802 672
802 757
68 757
68 802
68 802
1 68
802 1
802 68
1 802
284 1
284 68
284 802
801 284
801 284
587 801
756 801
800 284
800 587
187 756
187 800
187 800
1 187
800 1
800 187
1 800
586 1
586 187
586 800
799 586
799 586
163 586
163 799
163 799
1 163
799 1
799 163
1 799
658 1
658 799
798 163
798 658
371 658
371 798
726 371
726 371
726 798
797 726
797 726
132 797
581 797
796 132
796 581
294 726
294 796
294 796
1 294
796 1
796 294
1 796
572 1
572 796
795 294
795 572
13 572
13 795
13 795
1 13
795 1
795 13
1 795
92 1
92 795
794 13
794 92
95 92
95 794
95 794
1 95
794 1
794 95
1 794
589 1
589 794
793 95
793 589
417 589
417 793
417 793
1 417
793 1
793 417
1 793
686 1
686 417
686 793
792 686
792 686
7 686
7 792
551 7
551 792
791 7
791 551
433 551
433 791
584 433
584 791
790 433
790 584
166 584
166 790
416 166
416 166
416 790
789 416
789 416
350 416
350 789
374 350
374 789
788 350
788 374
431 374
431 788
656 431
656 431
656 788
787 656
787 656
202 787
264 202
264 656
264 787
786 264
786 264
125 786
343 125
343 264
343 786
785 343
785 343
377 343
377 785
653 377
653 785
784 377
784 653
7 653
7 784
7 784
1 7
784 1
784 7
1 784
46 784
783 1
783 7
104 46
104 783
104 783
1 104
783 1
783 104
1 783
267 783
782 1
782 104
276 267
276 782
276 782
1 276
782 1
782 276
1 782
404 1
404 276
404 782
781 404
781 404
140 781
722 140
722 404
722 781
780 722
780 722
583 780
715 583
715 722
715 780
779 715
779 715
281 779
284 779
778 281
778 284
272 778
723 778
777 272
777 715
138 723
138 777
138 777
1 138
777 1
777 138
1 777
200 1
200 138
200 777
776 200
776 200
262 200
262 776
310 262
310 262
310 776
775 310
775 310
358 775
485 310
485 358
485 775
774 485
774 485
495 485
495 774
495 774
1 495
774 1
774 495
1 774
541 1
541 495
541 774
773 541
773 541
452 541
452 773
452 773
1 452
773 1
773 452
1 773
643 1
643 452
643 773
772 643
772 643
254 643
254 772
254 772
1 254
772 1
772 254
1 772
494 1
494 254
494 772
771 494
771 494
318 771
755 318
755 771
770 494
770 755
679 755
679 770
679 770
769 679
769 679
472 679
472 769
472 769
1 472
769 1
769 472
1 769
768 1
768 472
768 769
1 768
186 768
605 768
767 1
767 186
170 605
170 767
170 767
1 170
767 1
767 170
1 767
336 1
336 170
336 767
766 336
766 336
385 336
385 766
515 766
765 385
765 385
277 515
277 765
708 765
764 277
764 277
3 708
3 764
472 764
763 3
763 3
199 472
199 763
199 763
1 199
763 1
763 199
1 763
698 1
698 763
762 199
762 698
86 698
86 762
288 762
761 86
761 86
132 288
132 761
132 761
1 132
761 1
761 132
1 761
497 1
497 132
497 761
760 497
760 497
375 760
608 375
608 497
608 760
759 608
759 608
572 759
669 572
669 608
669 759
758 669
758 669
479 669
479 758
557 479
557 479
557 758
757 557
757 557
115 557
115 757
705 115
705 115
705 757
756 705
756 705
40 705
40 756
421 40
421 756
755 40
755 421
24 421
24 755
24 755
1 24
755 1
755 24
1 755
554 1
554 24
554 755
754 554
754 554
597 554
597 754
597 754
1 597
754 1
754 597
1 754
608 754
753 1
753 597
716 608
716 753
716 753
1 716
753 1
753 716
1 753
735 1
735 716
735 753
752 735
752 735
267 735
267 752
698 267
698 752
751 267
751 698
122 751
341 122
341 751
750 341
750 341
481 698
481 750
481 750
1 481
750 1
750 481
1 750
639 1
639 481
639 750
749 639
749 639
499 639
499 749
620 499
620 749
748 499
748 620
400 748
646 748
747 400
747 620
374 646
374 747
374 747
1 374
747 1
747 374
1 747
378 1
378 374
378 747
746 378
746 378
431 746
603 378
603 746
745 431
745 603
115 745
241 115
241 603
241 745
744 241
744 241
26 241
26 744
26 744
1 26
744 1
744 26
1 744
374 744
743 1
743 26
223 374
223 743
459 223
459 743
742 223
742 459
80 459
80 742
364 80
364 80
364 742
741 364
741 364
163 364
163 741
163 741
1 163
741 1
741 163
1 741
186 1
186 741
740 163
740 186
431 186
431 740
431 740
1 431
740 1
740 431
1 740
731 1
731 431
731 740
739 731
739 731
333 731
333 739
466 333
466 333
466 739
738 466
738 466
117 466
117 738
117 738
1 117
738 1
738 117
1 738
405 738
737 1
737 117
149 405
149 737
243 149
243 149
243 737
736 243
736 243
141 243
141 736
208 141
208 141
208 736
735 208
735 208
300 208
300 735
555 300
555 735
734 300
734 555
165 734
438 165
438 555
438 734
733 438
733 438
164 733
607 164
607 733
732 438
732 607
538 607
538 732
538 732
1 538
732 1
732 538
1 732
544 1
544 538
544 732
731 544
731 544
21 544
21 731
21 731
1 21
731 1
731 21
1 731
608 1
608 731
730 21
730 608
32 608
32 730
32 730
1 32
730 1
730 32
1 730
39 1
39 32
39 730
729 39
729 39
47 39
47 729
47 729
1 47
729 1
729 47
1 729
558 1
558 47
558 729
728 558
728 558
319 558
319 728
319 728
1 319
728 1
728 319
1 728
388 1
388 319
388 728
727 388
727 388
103 388
103 727
103 727
1 103
727 1
727 103
1 727
332 1
332 103
332 727
726 332
726 332
255 726
520 255
520 332
520 726
725 520
725 520
106 520
106 725
106 725
1 106
725 1
725 106
1 725
390 1
390 106
390 725
724 390
724 390
402 390
402 724
412 402
412 724
723 402
723 412
18 412
18 723
18 723
1 18
723 1
723 18
1 723
529 1
529 18
529 723
722 529
722 529
140 722
167 722
721 140
721 167
153 529
153 721
325 153
325 153
325 721
720 325
720 325
105 325
105 720
105 720
1 105
720 1
720 105
1 720
563 1
563 720
719 105
719 563
482 563
482 719
482 719
1 482
719 1
719 482
1 719
589 1
589 719
718 482
718 589
356 589
356 718
612 356
612 718
717 356
717 612
223 612
223 717
536 223
536 223
536 717
716 536
716 536
134 716
681 716
715 134
715 536
33 681
33 715
504 33
504 715
714 33
714 504
457 504
457 714
654 457
654 714
713 457
713 654
338 654
338 713
338 713
1 338
713 1
713 338
1 713
571 1
571 713
712 338
712 571
550 712
696 550
696 571
696 712
711 696
711 696
172 696
172 711
172 711
1 172
711 1
711 172
1 711
670 1
670 172
670 711
710 670
710 670
497 670
497 710
497 710
1 497
710 1
710 497
1 710
632 710
709 1
709 497
356 632
356 709
356 709
1 356
709 1
709 356
1 709
370 1
370 356
370 709
708 370
708 370
514 370
514 708
514 708
1 514
708 1
708 514
1 708
540 1
540 708
707 514
707 540
36 540
36 707
36 707
1 36
707 1
707 36
1 707
145 1
145 36
145 707
706 145
706 145
226 706
518 145
518 706
705 226
705 518
53 518
53 705
53 705
1 53
705 1
705 53
1 705
613 1
613 53
613 705
704 613
704 613
69 613
69 704
603 69
603 69
603 704
703 603
703 603
189 603
189 703
305 703
702 189
702 189
262 702
341 262
341 702
701 305
701 341
148 341
148 701
148 701
1 148
701 1
701 148
1 701
375 701
700 1
700 148
5 375
5 700
5 700
1 5
700 1
700 5
1 700
34 1
34 5
34 700
699 34
699 34
73 34
73 699
369 73
369 699
698 73
698 369
69 369
69 698
223 698
697 69
697 69
14 223
14 697
100 14
100 14
100 697
696 100
696 100
134 100
134 696
134 696
1 134
696 1
696 134
1 696
385 1
385 696
695 134
695 385
380 385
380 695
620 380
620 695
694 380
694 620
259 620
259 694
259 694
1 259
694 1
694 259
1 694
612 694
693 1
693 259
248 612
248 693
248 693
1 248
693 1
693 248
1 693
482 1
482 693
692 248
692 482
284 692
446 692
691 284
691 446
105 691
510 105
510 691
690 482
690 510
51 690
196 51
196 510
196 690
689 196
689 196
144 196
144 689
542 144
542 144
542 689
688 542
688 542
383 542
383 688
385 383
385 383
385 688
687 385
687 385
222 385
222 687
269 222
269 222
269 687
686 269
686 269
229 686
539 686
685 229
685 269
145 539
145 685
368 685
684 145
684 145
609 368
609 684
609 684
1 609
684 1
684 609
1 684
642 1
642 609
642 684
683 642
683 642
346 642
346 683
635 346
635 346
635 683
682 635
682 635
18 635
18 682
172 18
172 18
172 682
681 172
681 172
55 681
82 681
680 55
680 82
533 172
533 680
533 680
1 533
680 1
680 533
1 680
626 1
626 533
626 680
679 626
679 626
310 626
310 679
310 679
1 310
679 1
679 310
1 679
631 679
678 1
678 310
121 631
121 678
121 678
1 121
678 1
678 121
1 678
237 1
237 678
677 121
677 237
355 237
355 677
355 677
1 355
677 1
677 355
1 677
585 1
585 355
585 677
676 585
676 585
209 585
209 676
209 676
1 209
676 1
676 209
1 676
412 1
412 209
412 676
675 412
675 412
56 412
56 675
56 675
1 56
675 1
675 56
1 675
271 1
271 56
271 675
674 271
674 271
1 271
1 674
503 1
503 1
503 674
673 503
673 503
347 673
488 347
488 673
672 488
672 488
85 672
443 85
443 672
671 443
671 443
200 671
658 671
670 200
670 503
285 658
285 670
402 285
402 670
669 285
669 402
43 402
43 669
584 669
668 43
668 43
48 584
48 668
48 668
1 48
668 1
668 48
1 668
246 1
246 48
246 668
667 246
667 246
395 246
395 667
395 667
1 395
667 1
667 395
1 667
542 667
666 1
666 395
82 542
82 666
638 82
638 666
665 82
665 638
347 638
347 665
606 347
606 665
664 347
664 606
245 664
599 664
663 245
663 599
416 663
636 663
662 416
662 606
67 636
67 662
67 662
1 67
662 1
662 67
1 662
84 1
84 67
84 662
661 84
661 84
264 84
264 661
649 264
649 661
660 264
660 649
189 649
189 660
635 189
635 189
635 660
659 635
659 635
64 635
64 659
64 659
1 64
659 1
659 64
1 659
322 1
322 64
322 659
658 322
658 322
252 322
252 658
389 658
657 252
657 252
313 389
313 657
313 657
1 313
657 1
657 313
1 657
461 1
461 657
656 313
656 461
81 461
81 656
347 656
655 81
655 81
246 347
246 655
296 655
654 246
654 246
83 296
83 654
588 83
588 654
653 83
653 588
19 588
19 653
19 653
1 19
653 1
653 19
1 653
335 1
335 19
335 653
652 335
652 335
31 335
31 652
31 652
1 31
652 1
652 31
1 652
153 1
153 31
153 652
651 153
651 153
259 651
578 153
578 259
578 651
650 578
650 578
69 578
69 650
69 650
1 69
650 1
650 69
1 650
413 1
413 69
413 650
649 413
649 413
242 413
242 649
286 242
286 649
648 242
648 286
35 286
35 648
35 648
1 35
648 1
648 35
1 648
387 1
387 35
387 648
647 387
647 387
87 647
244 87
244 387
244 647
646 244
646 244
85 244
85 646
85 646
1 85
646 1
646 85
1 646
315 1
315 85
315 646
645 315
645 315
386 315
386 645
438 386
438 645
644 386
644 438
152 438
152 644
152 644
1 152
644 1
644 152
1 644
631 1
631 152
631 644
643 631
643 631
474 631
474 643
577 474
577 643
642 474
642 577
165 577
165 642
165 642
1 165
642 1
642 165
1 642
285 642
641 1
641 165
357 285
357 641
357 641
1 357
641 1
641 357
1 641
464 1
464 641
640 357
640 464
151 464
151 640
151 640
1 151
640 1
640 151
1 640
227 1
227 151
227 640
639 227
639 227
85 227
85 639
85 639
1 85
639 1
639 85
1 639
196 1
196 85
196 639
638 196
638 196
272 196
272 638
416 272
416 638
637 272
637 416
559 416
559 637
559 637
1 559
637 1
637 559
1 637
604 1
604 559
604 637
636 604
636 604
55 604
55 636
55 636
1 55
636 1
636 55
1 636
183 636
635 1
635 55
320 183
320 635
328 320
328 635
634 320
634 328
207 634
538 634
633 207
633 328
116 633
461 116
461 633
632 461
632 461
489 538
489 632
489 632
1 489
632 1
632 489
1 632
522 1
522 632
631 489
631 522
359 522
359 631
614 631
630 359
630 359
131 614
131 630
131 630
1 131
630 1
630 131
1 630
334 1
334 131
334 630
629 334
629 334
49 334
49 629
49 629
1 49
629 1
629 49
1 629
262 1
262 49
262 629
628 262
628 262
167 262
167 628
167 628
1 167
628 1
628 167
1 628
577 1
577 167
577 628
627 577
627 577
596 577
596 627
597 596
597 627
626 596
626 597
25 597
25 626
25 626
1 25
626 1
626 25
1 626
594 1
594 626
625 25
625 594
44 594
44 625
44 625
1 44
625 1
625 44
1 625
114 1
114 625
624 44
624 114
312 114
312 624
399 312
399 624
623 312
623 399
13 399
13 623
597 13
597 13
597 623
622 597
622 597
292 597
292 622
455 292
455 622
621 292
621 455
72 455
72 621
591 621
620 72
620 72
450 591
450 620
450 620
1 450
620 1
620 450
1 620
518 1
518 450
518 620
619 518
619 518
234 518
234 619
607 234
607 234
607 619
618 607
618 607
234 607
234 618
234 618
1 234
618 1
618 234
1 618
447 1
447 234
447 618
617 447
617 447
290 617
317 290
317 617
616 317
616 317
496 447
496 616
496 616
1 496
616 1
616 496
1 616
504 1
504 496
504 616
615 504
615 504
261 504
261 615
610 261
610 615
614 261
614 610
71 614
147 71
147 610
147 614
613 147
613 147
169 147
169 613
412 169
412 169
412 613
612 412
612 412
81 412
81 612
81 612
1 81
612 1
612 81
1 612
326 1
326 612
611 81
611 326
29 611
346 29
346 611
610 326
610 346
51 346
51 610
51 610
1 51
610 1
610 51
1 610
118 610
609 1
609 51
134 609
459 609
608 118
608 134
6 459
6 608
327 6
327 608
607 6
607 327
400 607
506 607
606 327
606 400
174 506
174 606
426 174
426 174
426 606
605 426
605 426
83 426
83 605
83 605
1 83
605 1
605 83
1 605
240 1
240 83
240 605
604 240
604 240
252 240
252 604
566 604
603 252
603 252
366 566
366 603
481 366
481 366
481 603
602 481
602 481
70 481
70 602
70 602
1 70
602 1
602 70
1 602
190 1
190 602
601 70
601 190
385 190
385 601
568 385
568 601
600 385
600 568
42 600
174 600
599 42
599 174
92 599
411 92
411 599
598 411
598 411
258 568
258 598
258 598
1 258
598 1
598 258
1 598
543 1
543 258
543 598
597 543
597 543
228 597
367 597
596 228
596 367
231 543
231 596
231 596
1 231
596 1
596 231
1 596
286 1
286 596
595 231
595 286
193 286
193 595
193 595
1 193
595 1
595 193
1 595
583 1
583 193
583 595
594 583
594 583
420 583
420 594
453 420
453 420
453 594
593 453
593 453
65 593
331 593
592 65
592 331
363 453
363 592
542 592
591 363
591 363
302 542
302 591
302 591
1 302
591 1
591 302
1 591
446 1
446 302
446 591
590 446
590 446
29 590
179 29
179 590
589 179
589 179
154 446
154 589
154 589
1 154
589 1
589 154
1 589
525 1
525 154
525 589
588 525
588 525
78 525
78 588
152 78
152 78
152 588
587 152
587 152
115 152
115 587
115 587
1 115
587 1
587 115
1 587
439 1
439 115
439 587
586 439
586 439
45 586
543 45
543 439
543 586
585 543
585 543
229 585
305 229
305 585
584 305
584 305
338 543
338 584
338 584
1 338
584 1
584 338
1 584
552 1
552 584
583 338
583 552
116 552
116 583
536 116
536 116
536 583
582 536
582 536
2 536
2 582
2 582
1 2
582 1
582 2
1 582
538 1
538 582
581 2
581 538
171 538
171 581
171 581
1 171
581 1
581 171
1 581
355 581
580 1
580 171
411 580
550 355
550 580
579 411
579 550
257 550
257 579
257 579
1 257
579 1
579 257
1 579
376 1
376 257
376 579
578 376
578 376
153 376
153 578
153 578
1 153
578 1
578 153
1 578
351 1
351 578
577 153
577 351
4 351
4 577
571 4
571 577
576 4
576 571
48 576
434 48
434 571
434 576
575 434
575 434
139 434
139 575
139 575
1 139
575 1
575 139
1 575
215 1
215 139
215 575
574 215
574 215
104 215
104 574
316 104
316 574
573 104
573 316
40 316
40 573
40 573
1 40
573 1
573 40
1 573
450 1
450 40
450 573
572 450
572 450
304 450
304 572
304 572
1 304
572 1
572 304
1 572
564 1
564 304
564 572
571 564
571 564
3 564
3 571
3 571
1 3
571 1
571 3
1 571
62 1
62 3
62 571
570 62
570 62
191 62
191 570
191 570
1 191
570 1
570 191
1 570
252 1
252 191
252 570
569 252
569 252
151 569
386 151
386 252
386 569
568 386
568 386
38 386
38 568
38 568
1 38
568 1
568 38
1 568
233 1
233 38
233 568
567 233
567 233
131 233
131 567
260 131
260 567
566 131
566 260
40 260
40 566
407 566
565 40
565 40
453 565
458 565
564 407
564 453
471 458
471 564
557 471
557 564
563 471
563 557
98 557
98 563
98 563
1 98
563 1
563 98
1 563
429 1
429 563
562 98
562 429
26 429
26 562
26 562
1 26
562 1
562 26
1 562
257 562
561 1
561 26
182 257
182 561
282 561
560 182
560 182
363 282
363 560
363 560
1 363
560 1
560 363
1 560
430 1
430 363
430 560
559 430
559 430
454 430
454 559
521 454
521 454
521 559
558 521
558 521
155 558
165 155
165 521
165 558
557 165
557 165
76 557
315 557
556 76
556 165
101 556
455 556
555 101
555 315
37 455
37 555
396 37
396 37
396 555
554 396
554 396
136 396
136 554
514 554
553 136
553 136
366 553
398 553
552 366
552 398
383 552
455 552
551 383
551 455
198 514
198 551
198 551
1 198
551 1
551 198
1 551
535 1
535 551
550 198
550 535
294 535
294 550
335 294
335 550
549 294
549 335
184 335
184 549
184 549
1 184
549 1
549 184
1 549
224 549
548 1
548 184
5 224
5 548
5 548
1 5
548 1
548 5
1 548
172 1
172 5
172 548
547 172
547 172
51 172
51 547
51 547
1 51
547 1
547 51
1 547
59 1
59 51
59 547
546 59
546 59
385 546
529 546
545 59
545 385
354 529
354 545
403 354
403 354
403 545
544 403
544 403
94 544
530 94
530 544
543 403
543 530
217 543
494 543
542 217
542 494
116 542
169 542
541 116
541 169
145 530
145 541
145 541
1 145
541 1
541 145
1 541
479 1
479 541
540 145
540 479
437 479
437 540
437 540
1 437
540 1
540 437
1 540
491 1
491 437
491 540
539 491
539 491
24 491
24 539
135 24
135 24
135 539
538 135
538 135
166 135
166 538
185 166
185 166
185 538
537 185
537 185
273 185
273 537
273 537
1 273
537 1
537 273
1 537
292 537
536 1
536 273
34 292
34 536
34 536
1 34
536 1
536 34
1 536
283 536
535 1
535 34
92 283
92 535
92 535
1 92
535 1
535 92
1 535
174 535
534 1
534 92
154 174
154 534
154 534
1 154
534 1
534 154
1 534
342 1
342 154
342 534
533 342
533 342
143 533
247 533
532 143
532 247
111 342
111 532
111 532
1 111
532 1
532 111
1 532
477 1
477 532
531 111
531 477
453 531
489 453
489 477
489 531
530 489
530 489
53 489
53 530
196 53
196 53
196 530
529 196
529 196
448 529
515 196
515 529
528 448
528 515
387 515
387 528
460 528
527 387
527 387
159 527
219 159
219 460
219 527
526 219
526 219
402 219
402 526
449 402
449 402
449 526
525 449
525 449
16 449
16 525
16 525
1 16
525 1
525 16
1 525
369 1
369 16
369 525
524 369
524 369
148 369
148 524
505 148
505 148
505 524
523 505
523 505
167 523
355 167
355 523
522 355
522 355
18 505
18 522
408 18
408 18
408 522
521 408
521 408
142 408
142 521
434 142
434 142
434 521
520 434
520 434
16 520
394 520
519 16
519 394
67 519
335 67
335 519
518 335
518 335
67 434
67 518
67 518
1 67
518 1
518 67
1 518
465 1
465 518
517 67
517 465
281 465
281 517
281 517
1 281
517 1
517 281
1 517
309 1
309 281
309 517
516 309
516 309
1 309
1 516
377 1
377 1
377 516
515 377
515 377
411 377
411 515
514 411
514 515
15 411
15 514
15 514
1 15
514 1
514 15
1 514
49 514
513 1
513 15
111 513
178 49
178 513
512 111
512 178
175 178
175 512
175 512
1 175
512 1
512 175
1 512
433 1
433 175
433 512
511 433
511 433
172 511
502 172
502 433
502 511
510 502
510 502
64 510
460 64
460 510
509 460
509 460
18 502
18 509
113 18
113 509
508 18
508 113
29 508
83 29
83 113
83 508
507 83
507 83
204 83
204 507
204 507
1 204
507 1
507 204
1 507
249 1
249 507
506 204
506 249
298 249
298 506
298 506
1 298
506 1
506 298
1 506
440 1
440 506
505 298
505 440
179 440
179 505
353 505
504 179
504 179
227 353
227 504
227 504
1 227
504 1
504 227
1 504
258 1
258 227
258 504
503 258
503 258
79 503
119 503
502 79
502 119
95 502
199 502
501 95
501 199
254 258
254 501
424 254
424 254
424 501
500 424
500 424
184 424
184 500
184 500
1 184
500 1
500 184
1 500
306 1
306 184
306 500
499 306
499 306
16 306
16 499
232 499
498 16
498 16
37 232
37 498
90 37
90 37
90 498
497 90
497 90
334 497
468 497
496 90
496 334
31 468
31 496
278 31
278 31
278 496
495 278
495 278
280 278
280 495
280 495
1 280
495 1
495 280
1 495
437 1
437 280
437 495
494 437
494 437
391 437
391 494
408 494
493 391
493 391
81 408
81 493
414 493
492 81
492 81
64 414
64 492
64 492
1 64
492 1
492 64
1 492
122 1
122 64
122 492
491 122
491 122
79 491
217 79
217 491
490 122
490 217
162 217
162 490
347 490
489 162
489 162
28 347
28 489
202 28
202 489
488 28
488 202
340 202
340 488
340 488
1 340
488 1
488 340
1 488
415 1
415 340
415 488
487 415
487 415
173 415
173 487
173 487
1 173
487 1
487 173
1 487
405 1
405 173
405 487
486 405
486 405
344 405
344 486
381 486
485 344
485 344
336 485
426 336
426 381
426 485
484 426
484 426
170 484
252 170
252 484
483 252
483 252
35 426
35 483
364 483
482 35
482 35
178 364
178 482
220 178
220 482
481 178
481 220
98 220
98 481
399 98
399 481
480 98
480 399
139 480
455 139
455 399
455 480
479 455
479 455
119 479
119 455
119 479
478 119
478 119
122 119
122 478
122 478
1 122
478 1
478 122
1 478
361 478
477 1
477 122
280 361
280 477
280 477
1 280
477 1
477 280
1 477
459 1
459 280
459 477
476 459
476 459
198 476
368 476
475 198
475 368
116 459
116 475
116 475
1 116
475 1
475 116
1 475
471 1
471 475
474 116
474 471
391 471
391 474
391 474
1 391
474 1
474 391
1 474
451 1
451 391
451 474
473 451
473 451
173 473
444 173
444 451
444 473
472 444
472 444
304 472
371 304
371 472
471 371
471 371
222 444
222 471
222 471
1 222
471 1
471 222
1 471
389 1
389 222
389 471
470 389
470 389
240 389
240 470
343 470
469 240
469 240
58 343
58 469
437 58
437 469
468 58
468 437
359 437
359 468
359 468
1 359
468 1
468 359
1 468
411 1
411 359
411 468
467 411
467 411
42 411
42 467
42 467
1 42
467 1
467 42
1 467
198 467
466 1
466 42
268 466
365 198
365 268
365 466
465 365
465 365
102 365
102 465
398 102
398 465
464 102
464 398
76 398
76 464
76 464
1 76
464 1
464 76
1 464
216 1
216 76
216 464
463 216
463 216
65 216
65 463
65 463
1 65
463 1
463 65
1 463
174 1
174 65
174 463
462 174
462 174
191 462
269 174
269 191
269 462
461 269
461 269
141 269
141 461
141 461
1 141
461 1
461 141
1 461
279 1
279 141
279 461
460 279
460 279
248 279
248 460
374 248
374 460
459 248
459 374
127 459
437 459
458 127
458 374
169 437
169 458
345 458
457 169
457 169
203 345
203 457
203 457
1 203
457 1
457 203
1 457
265 1
265 203
265 457
456 265
456 265
253 265
253 456
348 456
455 253
455 253
34 348
34 455
192 34
192 34
192 455
454 192
454 192
302 192
302 454
302 454
1 302
454 1
454 302
1 454
366 1
366 302
366 454
453 366
453 366
289 453
416 289
416 366
416 453
452 416
452 416
143 416
143 452
350 452
451 143
451 143
275 350
275 451
275 451
1 275
451 1
451 275
1 451
325 451
450 1
450 275
124 325
124 450
416 124
416 450
449 124
449 416
66 449
403 449
448 66
448 403
158 416
158 448
158 448
1 158
448 1
448 158
1 448
376 1
376 448
447 158
447 376
14 376
14 447
14 447
1 14
447 1
447 14
1 447
15 447
446 1
446 14
12 15
12 446
12 446
1 12
446 1
446 12
1 446
345 1
345 12
345 446
445 345
445 345
133 345
133 445
133 445
1 133
445 1
445 133
1 445
328 445
444 1
444 133
205 444
322 205
322 328
322 444
443 322
443 322
37 322
37 443
37 443
1 37
443 1
443 37
1 443
382 443
442 1
442 37
125 382
125 442
125 442
1 125
442 1
442 125
1 442
220 1
220 442
441 125
441 220
243 220
243 441
296 243
296 441
440 243
440 296
74 440
388 74
388 296
388 440
439 388
439 388
373 388
373 439
373 439
1 373
439 1
439 373
1 439
420 439
438 1
438 373
191 438
318 438
437 191
437 318
32 420
32 437
252 32
252 32
252 437
436 252
436 252
90 252
90 436
134 90
134 436
435 90
435 134
88 134
88 435
154 88
154 88
154 435
434 154
434 154
109 154
109 434
109 434
1 109
434 1
434 109
1 434
340 1
340 434
433 109
433 340
4 433
369 4
369 340
369 433
432 369
432 369
213 432
383 213
383 432
431 369
431 383
279 431
283 279
283 431
430 283
430 283
149 383
149 430
149 430
1 149
430 1
430 149
1 430
396 1
396 430
429 149
429 396
361 396
361 429
361 429
1 361
429 1
429 361
1 429
382 1
382 361
382 429
428 382
428 382
138 382
138 428
138 428
1 138
428 1
428 138
1 428
244 428
427 1
427 138
63 244
63 427
335 427
426 63
426 63
117 335
117 426
117 426
1 117
426 1
426 117
1 426
248 426
425 1
425 117
217 248
217 425
217 425
1 217
425 1
425 217
1 425
310 425
424 1
424 217
154 310
154 424
154 424
1 154
424 1
424 154
1 424
163 1
163 154
163 424
423 163
423 163
109 163
109 423
219 423
422 109
422 109
331 219
331 422
414 422
421 331
421 331
20 414
20 421
20 421
1 20
421 1
421 20
1 421
249 1
249 20
249 421
420 249
420 249
250 249
250 420
399 250
399 420
419 250
419 399
86 399
86 419
246 419
418 86
418 86
72 418
156 418
417 72
417 156
145 246
145 417
145 417
1 145
417 1
417 145
1 417
209 1
209 145
209 417
416 209
416 209
27 416
386 27
386 209
386 416
415 386
415 386
227 386
227 415
243 227
243 227
243 415
414 243
414 243
218 414
395 414
413 218
413 243
214 395
214 413
214 413
1 214
413 1
413 214
1 413
249 413
412 1
412 214
221 412
359 221
359 412
411 249
411 359
301 359
301 411
352 411
410 301
410 301
56 352
56 410
56 410
1 56
410 1
410 56
1 410
175 1
175 56
175 410
409 175
409 175
5 409
156 5
156 175
156 409
408 156
408 156
177 156
177 408
244 408
407 177
407 177
93 244
93 407
257 407
406 93
406 93
20 257
20 406
86 20
86 20
86 406
405 86
405 86
196 86
196 405
196 405
1 196
405 1
405 196
1 405
299 1
299 196
299 405
404 299
404 299
211 404
261 211
261 404
403 261
403 261
141 299
141 403
141 403
1 141
403 1
403 141
1 403
158 1
158 403
402 141
402 158
181 158
181 402
181 402
1 181
402 1
402 181
1 402
220 402
401 1
401 181
68 220
68 401
68 401
1 68
401 1
401 68
1 401
120 1
120 401
400 68
400 120
66 120
66 400
66 400
1 66
400 1
400 66
1 400
387 1
387 66
387 400
399 387
399 387
32 399
221 32
221 399
398 221
398 221
167 398
362 167
362 387
362 398
397 362
397 362
258 362
258 397
382 258
382 258
382 397
396 382
396 382
178 382
178 396
178 396
1 178
396 1
396 178
1 396
364 396
395 1
395 178
230 364
230 395
348 230
348 395
394 230
394 348
20 394
334 394
393 20
393 334
11 348
11 393
11 393
1 11
393 1
393 11
1 393
256 1
256 11
256 393
392 256
392 256
248 256
248 392
330 392
391 248
391 248
168 330
168 391
168 391
1 168
391 1
391 168
1 391
299 1
299 391
390 168
390 299
128 390
379 390
389 128
389 299
14 379
14 389
153 389
388 14
388 14
38 153
38 388
38 388
1 38
388 1
388 38
1 388
221 388
387 1
387 38
75 221
75 387
75 387
1 75
387 1
387 75
1 387
105 1
105 387
386 75
386 105
37 105
37 386
37 386
1 37
386 1
386 37
1 386
318 386
385 1
385 37
53 318
53 385
88 53
88 385
384 53
384 88
29 88
29 384
29 384
1 29
384 1
384 29
1 384
211 1
211 29
211 384
383 211
383 211
56 383
288 56
288 211
288 383
382 288
382 288
284 382
343 382
381 284
381 288
73 343
73 381
73 381
1 73
381 1
381 73
1 381
210 1
210 73
210 381
380 210
380 210
56 380
119 56
119 210
119 380
379 119
379 119
96 119
96 379
155 96
155 96
155 379
378 155
378 155
174 155
174 378
174 378
1 174
378 1
378 174
1 378
231 1
231 378
377 174
377 231
2 231
2 377
263 2
263 2
263 377
376 263
376 263
77 263
77 376
77 376
1 77
376 1
376 77
1 376
318 376
375 1
375 77
189 375
243 189
243 318
243 375
374 243
374 243
25 374
341 374
373 25
373 243
98 341
98 373
98 373
1 98
373 1
373 98
1 373
131 1
131 373
372 98
372 131
65 131
65 372
182 65
182 372
371 65
371 182
274 182
274 371
348 274
348 274
348 371
370 348
370 348
102 370
269 102
269 348
269 370
369 269
369 269
17 369
296 17
296 269
296 369
368 296
368 296
71 296
71 368
73 71
73 71
73 368
367 73
367 73
118 73
118 367
327 367
366 118
366 118
47 366
223 366
365 47
365 223
170 327
170 365
170 365
1 170
365 1
365 170
1 365
285 1
285 365
364 170
364 285
80 364
172 364
363 80
363 172
61 285
61 363
302 363
362 61
362 61
128 362
255 128
255 302
255 362
361 255
361 255
11 361
355 361
360 11
360 255
93 355
93 360
93 360
1 93
360 1
360 93
1 360
332 1
332 93
332 360
359 332
359 332
155 332
155 359
228 359
358 155
358 155
86 358
252 358
357 86
357 228
103 252
103 357
305 357
356 103
356 103
267 305
267 356
267 356
1 267
356 1
356 267
1 356
315 1
315 267
315 356
355 315
355 315
68 315
68 355
236 355
354 68
354 68
93 354
240 354
353 93
353 236
54 240
54 353
54 353
1 54
353 1
353 54
1 353
130 1
130 54
130 353
352 130
352 130
204 130
204 352
204 352
1 204
352 1
352 204
1 352
246 352
351 1
351 204
3 246
3 351
348 3
348 3
348 351
350 348
350 348
139 348
139 350
253 139
253 139
253 350
349 253
349 253
46 349
136 46
136 253
136 349
348 136
348 136
257 136
257 348
257 348
1 257
348 1
348 257
1 348
308 1
308 348
347 257
347 308
12 347
117 347
346 12
346 117
80 308
80 346
80 346
1 80
346 1
346 80
1 346
320 1
320 80
320 346
345 320
345 320
30 320
30 345
235 30
235 30
235 345
344 235
344 235
156 235
156 344
156 344
1 156
344 1
344 156
1 344
255 344
343 1
343 156
148 343
311 343
342 148
342 255
39 342
287 39
287 311
287 342
341 287
341 287
7 341
49 341
340 7
340 49
35 287
35 340
137 340
339 35
339 35
6 137
6 339
6 339
1 6
339 1
339 6
1 339
143 1
143 339
338 6
338 143
174 338
283 338
337 143
337 174
44 283
44 337
330 44
330 337
336 44
336 330
51 330
51 336
51 336
1 51
336 1
336 51
1 336
145 1
145 51
145 336
335 145
335 145
61 335
95 61
95 335
334 95
334 95
52 334
225 334
333 52
333 145
158 225
158 333
164 158
164 158
164 333
332 164
332 164
74 332
251 74
251 332
331 164
331 251
220 251
220 331
220 331
1 220
331 1
331 220
1 331
316 1
316 220
316 331
330 316
330 316
127 316
127 330
127 330
1 127
330 1
330 127
1 330
322 1
322 127
322 330
329 322
329 322
198 329
245 198
245 329
328 245
328 245
31 322
31 328
65 31
65 31
65 328
327 65
327 65
4 65
4 327
4 327
1 4
327 1
327 4
1 327
96 1
96 4
96 327
326 96
326 96
100 96
100 326
100 326
1 100
326 1
326 100
1 326
271 1
271 100
271 326
325 271
325 271
93 271
93 325
93 325
1 93
325 1
325 93
1 325
163 1
163 93
163 325
324 163
324 163
231 163
231 324
231 324
1 231
324 1
324 231
1 324
239 1
239 324
323 231
323 239
19 239
19 323
77 19
77 323
322 19
322 77
15 77
15 322
166 15
166 322
321 15
321 166
130 321
300 130
300 166
300 321
320 300
320 300
31 320
303 320
319 31
319 300
161 319
222 161
222 303
222 319
318 222
318 222
93 222
93 318
93 318
1 93
318 1
318 93
1 318
232 318
317 1
317 93
46 232
46 317
76 46
76 46
76 317
316 76
316 76
124 76
124 316
124 316
1 124
316 1
316 124
1 316
213 316
315 1
315 124
79 213
79 315
82 315
314 79
314 79
59 82
59 314
95 314
313 59
313 59
108 313
203 95
203 108
203 313
312 203
312 203
144 312
173 312
311 144
311 173
19 203
19 311
169 311
310 19
310 19
179 169
179 310
216 179
216 310
309 179
309 216
178 216
178 309
178 309
1 178
309 1
309 178
1 309
259 309
308 1
308 178
78 259
78 308
112 308
307 78
307 78
128 307
133 112
133 307
306 128
306 133
120 133
120 306
120 306
1 120
306 1
306 120
1 306
155 306
305 1
305 120
3 155
3 305
3 305
1 3
305 1
305 3
1 305
29 1
29 3
29 305
304 29
304 29
29 304
255 29
255 29
255 304
303 255
303 255
150 303
269 150
269 303
302 255
302 269
230 269
230 302
283 230
283 230
283 302
301 283
301 283
48 283
48 301
208 48
208 301
300 48
300 208
7 208
7 300
7 300
1 7
300 1
300 7
1 300
276 300
299 1
299 7
15 276
15 299
76 15
76 15
76 299
298 76
298 76
186 76
186 298
186 298
1 186
298 1
298 186
1 298
253 298
297 1
297 186
99 253
99 297
200 99
200 297
296 99
296 200
177 200
177 296
180 296
295 177
295 177
65 180
65 295
65 295
1 65
295 1
295 65
1 295
129 1
129 295
294 65
294 129
45 129
45 294
45 294
1 45
294 1
294 45
1 294
94 1
94 294
293 45
293 94
47 293
75 293
292 47
292 75
31 94
31 292
110 292
291 31
291 31
13 110
13 291
82 291
290 13
290 13
79 290
277 290
289 79
289 82
114 289
126 289
288 114
288 126
3 277
3 288
100 3
100 3
100 288
287 100
287 100
179 100
179 287
179 287
1 179
287 1
287 179
1 287
268 287
286 1
286 179
50 268
50 286
157 50
157 286
285 50
285 157
22 285
148 22
148 285
284 148
284 148
210 157
210 284
210 284
1 210
284 1
284 210
1 284
254 1
254 210
254 284
283 254
283 254
41 254
41 283
249 41
249 41
249 283
282 249
282 249
17 249
17 282
17 282
1 17
282 1
282 17
1 282
252 1
252 17
252 282
281 252
281 252
31 281
220 31
220 281
280 220
280 220
106 252
106 280
267 106
267 280
279 106
279 267
45 267
45 279
163 45
163 279
278 45
278 163
11 163
11 278
212 11
212 11
212 278
277 212
277 212
62 212
62 277
261 62
261 62
261 277
276 261
276 261
7 276
264 7
264 276
275 261
275 264
48 275
178 48
178 264
178 275
274 178
274 178
152 274
253 152
253 178
253 274
273 253
273 253
68 273
243 68
243 253
243 273
272 243
272 243
36 243
36 272
261 272
271 36
271 36
163 261
163 271
163 271
1 163
271 1
271 163
1 271
188 271
270 1
270 163
182 188
182 270
182 270
1 182
270 1
270 182
1 270
239 270
269 1
269 182
124 239
124 269
133 269
268 124
268 124
83 268
105 83
105 133
105 268
267 105
267 105
74 105
74 267
184 74
184 74
184 267
266 184
266 184
198 184
198 266
257 266
265 198
265 198
15 257
15 265
146 15
146 15
146 265
264 146
264 146
105 146
105 264
105 264
1 105
264 1
264 105
1 264
138 264
263 1
263 105
166 263
246 263
262 138
262 166
29 246
29 262
162 29
162 262
261 29
261 162
17 261
135 261
260 17
260 135
38 162
38 260
163 38
163 38
163 260
259 163
259 163
104 163
104 259
216 104
216 104
216 259
258 216
258 216
65 216
65 258
125 65
125 65
125 258
257 125
257 125
103 125
103 257
117 103
117 103
117 257
256 117
256 117
9 256
37 256
255 9
255 37
116 255
167 116
167 117
167 255
254 167
254 167
13 167
13 254
213 254
253 13
253 13
20 253
243 20
243 253
252 213
252 243
124 243
124 252
156 252
251 124
251 124
15 251
114 251
250 15
250 114
27 156
27 250
27 250
1 27
250 1
250 27
1 250
51 1
51 250
249 27
249 51
96 249
155 51
155 96
155 249
248 155
248 155
51 155
51 248
180 248
247 51
247 51
66 247
99 247
246 66
246 99
169 180
169 246
176 246
245 169
245 169
33 245
98 33
98 245
244 98
244 98
113 176
113 244
113 244
1 113
244 1
244 113
1 244
148 244
243 1
243 113
36 148
36 243
36 243
1 36
243 1
243 36
1 243
218 1
218 36
218 243
242 218
242 218
81 242
126 81
126 218
126 242
241 126
241 126
214 126
214 241
219 214
219 214
219 241
240 219
240 219
37 240
178 37
178 240
239 178
239 178
102 219
102 239
136 102
136 239
238 102
238 136
72 238
103 238
237 72
237 103
152 136
152 237
152 237
1 152
237 1
237 152
1 237
236 237
236 1
37 236
198 236
235 37
235 152
152 235
221 235
234 152
234 198
22 221
22 234
22 234
1 22
234 1
234 22
1 234
232 1
232 22
232 234
233 232
233 232
50 232
50 233
212 50
212 233
232 50
232 212
6 212
6 232
6 232
1 6
232 1
232 6
1 232
89 1
89 6
89 232
231 89
231 89
137 89
137 231
137 231
1 137
231 1
231 137
1 231
187 1
187 137
187 231
230 187
230 187
126 187
126 230
126 230
1 126
230 1
230 126
1 230
151 1
151 230
229 126
229 151
87 151
87 229
175 229
228 87
228 87
4 175
4 228
4 228
1 4
228 1
228 4
1 228
170 228
227 1
227 4
33 227
67 227
226 33
226 67
179 226
183 226
225 170
225 179
22 183
22 225
22 225
1 22
225 1
225 22
1 225
105 1
105 22
105 225
224 105
224 105
63 224
171 63
171 224
223 105
223 171
6 223
176 6
176 171
176 223
222 176
222 176
136 222
193 136
193 176
193 222
221 193
221 193
97 221
143 221
220 97
220 143
103 193
103 220
103 220
1 103
220 1
220 103
1 220
219 1
219 103
219 220
1 219
111 1
111 219
152 111
152 111
152 219
218 152
218 152
64 152
64 218
199 64
199 218
217 64
217 199
87 217
167 87
167 217
216 167
216 167
55 199
55 216
179 55
179 216
215 55
215 179
130 179
130 215
182 215
214 130
214 130
36 214
104 36
104 214
213 104
213 104
86 182
86 213
129 86
129 213
212 86
212 129
104 212
131 212
211 104
211 129
64 211
157 64
157 211
210 131
210 157
130 157
130 210
130 210
1 130
210 1
210 130
1 210
164 210
209 1
209 130
35 164
35 209
43 35
43 209
208 35
208 43
175 208
179 43
179 208
207 175
207 179
43 207
100 43
100 179
100 207
206 100
206 100
63 206
134 63
134 100
134 206
205 134
205 134
19 205
36 19
36 134
36 205
204 36
204 36
121 36
121 204
174 121
174 121
174 204
203 174
203 174
187 174
187 203
187 203
1 187
203 1
203 187
1 203
193 1
193 187
193 203
202 193
202 193
6 193
6 202
6 202
1 6
202 1
202 6
1 202
171 1
171 202
201 6
201 171
155 171
155 201
155 201
1 155
201 1
201 155
1 201
197 1
197 201
200 155
200 197
85 200
167 85
167 200
199 167
199 167
24 197
24 199
183 24
183 24
183 199
198 183
198 183
44 183
44 198
133 44
133 44
133 198
197 133
197 133
45 133
45 197
45 197
1 45
197 1
197 45
1 197
93 197
196 1
196 45
2 93
2 196
70 2
70 196
195 2
195 70
110 195
111 195
194 70
194 110
26 194
80 26
80 194
193 80
193 80
81 111
81 193
90 81
90 81
90 193
192 90
192 90
31 192
102 192
191 31
191 90
18 102
18 191
31 18
31 191
190 18
190 31
10 31
10 190
10 190
1 10
190 1
190 10
1 190
99 1
99 10
99 190
189 99
189 99
20 99
20 189
20 189
1 20
189 1
189 20
1 189
188 189
188 1
149 20
149 188
149 188
1 149
188 1
188 149
1 188
177 1
177 188
187 149
187 177
127 177
127 187
127 187
1 127
187 1
187 127
1 187
183 1
183 127
183 187
186 183
186 183
88 186
94 88
94 186
185 94
185 94
115 185
115 183
115 185
184 115
184 115
51 115
51 184
154 51
154 184
183 51
183 154
92 183
113 183
182 92
182 113
62 154
62 182
62 182
1 62
182 1
182 62
1 182
131 1
131 62
131 182
181 131
181 131
17 131
17 181
82 181
180 17
180 17
5 180
54 5
54 180
179 54
179 54
19 82
19 179
123 19
123 19
123 179
178 123
178 123
91 123
91 178
91 178
1 91
178 1
178 91
1 178
116 1
116 91
116 178
177 116
177 116
30 116
30 177
30 177
1 30
177 1
177 30
1 177
176 177
176 1
36 30
36 176
88 176
175 36
175 36
59 175
67 59
67 88
67 175
174 67
174 67
55 67
55 174
55 174
1 55
174 1
174 55
1 174
150 174
173 1
173 55
10 150
10 173
16 10
16 173
172 10
172 16
43 16
43 172
97 43
97 43
97 172
171 97
171 97
66 97
66 171
66 171
1 66
171 1
171 66
1 171
105 1
105 171
170 66
170 105
2 105
2 170
2 170
1 2
170 1
170 2
1 170
84 1
84 2
84 170
169 84
169 84
61 169
97 61
97 169
168 84
168 97
97 168
108 168
167 97
167 97
77 108
77 167
77 167
1 77
167 1
167 77
1 167
136 1
136 167
166 77
166 136
128 136
128 166
128 166
1 128
166 1
166 128
1 166
141 1
141 166
165 128
165 141
50 141
50 165
131 165
164 50
164 50
46 131
46 164
75 164
163 46
163 46
57 75
57 163
57 163
1 57
163 1
163 57
1 163
83 163
162 1
162 57
48 162
120 162
161 48
161 83
91 161
139 161
160 91
160 120
47 160
141 160
159 47
159 139
1 141
1 159
48 1
48 159
158 1
158 48
61 48
61 158
61 158
1 61
158 1
158 61
1 158
139 158
157 1
157 61
38 157
120 38
120 139
120 157
156 120
156 120
65 120
65 156
65 156
1 65
156 1
156 65
1 156
104 1
104 65
104 156
155 104
155 104
86 104
86 155
86 155
1 86
155 1
155 86
1 155
153 155
154 1
154 86
103 153
103 154
103 154
1 103
154 1
154 103
1 154
137 154
153 1
153 103
128 153
132 128
132 153
152 132
152 132
72 137
72 152
91 72
91 152
151 72
151 91
37 91
37 151
53 151
150 37
150 37
102 53
102 150
102 150
1 102
150 1
150 102
1 150
118 1
118 102
118 150
149 118
149 118
69 118
69 149
133 69
133 69
133 149
148 133
148 133
94 133
94 148
115 94
115 94
115 148
147 115
147 115
32 147
116 147
146 32
146 115
51 146
117 51
117 146
145 116
145 117
39 117
39 145
39 145
1 39
145 1
145 39
1 145
134 1
134 145
144 39
144 134
23 134
23 144
23 144
1 23
144 1
144 23
1 144
90 144
143 1
143 23
9 143
53 143
142 9
142 53
45 90
45 142
82 45
82 45
82 142
141 82
141 82
11 141
139 11
139 141
140 82
140 139
45 140
62 140
139 45
11 62
11 139
11 139
1 11
139 1
139 11
1 139
82 1
82 11
82 139
138 82
138 82
7 82
7 138
13 138
137 7
137 7
53 13
53 137
104 137
136 53
136 53
44 104
44 136
44 136
1 44
136 1
136 44
1 136
56 1
56 136
135 44
135 56
59 56
59 135
101 59
101 59
101 135
134 101
134 101
14 101
14 134
14 134
1 14
134 1
134 14
1 134
97 134
133 1
133 14
2 97
2 133
2 133
1 2
133 1
133 2
1 133
54 1
54 2
54 133
132 54
132 54
9 132
129 132
131 9
131 54
102 131
107 102
107 131
130 107
130 107
26 130
124 26
124 129
124 130
129 124
129 124
55 124
55 129
86 55
86 55
86 129
128 86
128 86
16 86
16 128
65 16
65 16
65 128
127 65
127 65
51 65
51 127
51 127
1 51
127 1
127 51
1 127
108 1
108 51
108 127
126 108
126 108
17 108
17 126
28 126
125 17
125 17
65 125
87 28
87 65
87 125
124 87
124 87
82 87
82 124
82 124
1 82
124 1
124 82
1 124
96 1
96 82
96 124
123 96
123 96
20 96
20 123
97 20
97 20
97 123
122 97
122 97
51 122
111 51
111 122
121 97
121 111
40 111
40 121
70 40
70 40
70 121
120 70
120 70
29 70
29 120
29 120
1 29
120 1
120 29
1 120
34 1
34 29
34 120
119 34
119 34
8 119
32 8
32 119
118 32
118 32
43 118
77 34
77 118
117 43
117 77
35 77
35 117
60 35
60 117
116 35
116 60
77 60
77 116
78 77
78 116
115 77
115 78
37 78
37 115
37 115
1 37
115 1
115 37
1 115
42 115
114 1
114 37
60 42
60 114
106 114
113 60
113 60
24 106
24 113
24 113
1 24
113 1
113 24
1 113
30 113
112 1
112 24
28 30
28 112
28 112
1 28
112 1
112 28
1 112
61 112
111 1
111 28
68 61
68 111
68 111
1 68
111 1
111 68
1 111
99 1
99 68
99 111
110 99
110 99
73 99
73 110
83 73
83 73
83 110
109 83
109 83
58 109
101 58
101 109
108 83
108 101
10 101
10 108
10 108
1 10
108 1
108 10
1 108
95 1
95 108
107 10
107 95
28 107
79 107
106 28
106 79
11 95
11 106
11 106
1 11
106 1
106 11
1 106
37 1
37 11
37 106
105 37
105 37
41 37
41 105
41 105
1 41
105 1
105 41
1 105
76 1
76 41
76 105
104 76
104 76
11 76
11 104
57 11
57 11
57 104
103 57
103 57
39 57
39 103
64 39
64 103
102 39
102 64
15 64
15 102
15 102
1 15
102 1
102 15
1 102
20 1
20 15
20 102
101 20
101 20
73 101
99 20
99 73
99 101
100 99
100 99
24 99
24 100
97 100
99 24
99 24
65 97
65 99
81 65
81 99
98 65
98 81
39 98
55 39
55 98
97 55
97 55
3 81
3 97
35 3
35 97
96 3
96 35
40 96
54 96
95 35
95 40
19 54
19 95
54 19
54 95
94 19
94 54
38 94
59 94
93 38
93 54
22 59
22 93
56 22
56 22
56 93
92 56
92 56
9 56
9 92
28 9
28 9
28 92
91 28
91 28
2 91
76 2
76 91
90 28
90 76
22 90
40 22
40 90
89 40
89 40
66 76
66 89
66 89
1 66
89 1
89 66
1 89
80 1
80 66
80 89
88 80
88 80
25 88
76 25
76 88
87 76
87 76
1 80
1 87
1 87
2 1
87 2
87 1
2 87
17 87
86 1
86 2
14 86
78 14
78 86
85 17
85 78
52 78
52 85
53 52
53 52
53 85
84 53
84 53
11 53
11 84
11 84
1 11
84 1
84 11
1 84
56 84
83 1
83 11
10 56
10 83
80 10
80 10
80 83
82 80
82 80
10 80
10 82
33 82
81 10
81 10
40 33
40 81
70 40
70 81
80 40
80 70
61 70
61 80
61 80
1 61
80 1
80 61
1 80
79 1
79 80
37 79
60 79
78 37
78 60
2 61
2 78
2 78
1 2
78 1
78 2
1 78
41 1
41 78
77 2
77 41
27 41
27 77
61 77
76 27
76 27
52 61
52 76
63 52
63 52
63 76
75 63
75 63
13 75
38 75
74 13
74 38
2 63
2 74
41 2
41 2
41 74
73 41
73 41
26 41
26 73
27 26
27 73
72 26
72 27
51 27
51 72
54 51
54 72
71 51
71 54
38 54
38 71
38 71
1 38
71 1
71 38
1 71
65 1
65 38
65 71
70 65
70 65
3 65
3 70
38 3
38 3
38 70
69 38
69 38
8 38
8 69
8 69
1 8
69 1
69 8
1 69
27 69
68 1
68 8
3 27
3 68
64 3
64 3
64 68
67 64
67 64
4 64
4 67
15 4
15 67
66 4
66 15
11 66
13 11
13 15
13 66
65 13
65 13
56 13
56 65
57 56
57 56
57 65
64 57
64 57
19 64
59 19
59 64
63 57
63 59
4 59
4 63
37 4
37 63
62 4
62 37
11 37
11 62
11 62
1 11
62 1
62 11
1 62
14 62
61 1
61 11
52 14
52 61
52 61
1 52
61 1
61 52
1 61
60 61
60 1
53 60
53 60
59 52
59 53
22 53
22 59
22 59
1 22
59 1
59 22
1 59
30 59
58 1
58 22
12 30
12 58
15 12
15 58
57 12
57 15
7 57
49 57
56 7
56 15
25 49
25 56
25 56
1 25
56 1
56 25
1 56
39 56
55 1
55 25
29 55
47 55
54 29
54 39
2 47
2 54
49 2
49 54
53 2
53 49
3 49
3 53
18 3
18 53
52 3
52 18
12 52
28 12
28 18
28 52
51 28
51 28
9 51
14 9
14 51
50 14
50 14
29 50
44 50
49 28
49 29
17 44
17 49
42 17
42 49
48 17
48 42
15 48
20 48
47 15
47 20
30 47
41 30
41 42
41 47
46 41
46 41
33 46
34 33
34 46
45 34
45 34
5 41
5 45
5 45
1 5
45 1
45 5
1 45
24 45
44 1
44 5
1 44
19 44
43 1
43 19
5 24
5 43
5 43
1 5
43 1
43 5
1 43
6 1
6 43
42 5
42 6
11 42
11 6
11 42
41 11
41 11
19 11
19 41
19 41
40 19
40 19
34 19
34 40
36 40
39 34
39 34
19 36
19 39
23 19
23 19
23 39
38 23
38 23
7 23
7 38
16 7
16 7
16 38
37 16
37 16
1 37
10 1
10 37
36 10
36 10
1 16
1 36
1 36
2 1
36 2
36 1
2 36
9 1
9 2
9 36
35 9
35 9
6 9
6 35
6 35
1 6
35 1
35 6
1 35
31 1
31 6
31 35
34 31
34 31
10 31
10 34
10 34
1 10
34 1
34 10
1 34
29 1
29 10
29 34
33 29
33 29
2 29
2 33
2 33
1 2
33 1
33 2
1 33
32 33
32 1
3 32
30 2
30 3
30 32
31 30
31 30
15 30
15 31
15 31
1 15
31 1
31 15
1 31
18 1
18 31
30 15
30 18
12 30
12 30
29 12
29 12
19 29
20 18
20 29
28 19
28 20
3 20
3 28
3 28
1 3
28 1
28 3
1 28
22 28
27 1
27 3
2 22
2 27
20 27
26 2
26 2
20 26
21 26
25 20
25 20
14 25
14 25
24 14
24 14
2 24
2 21
2 24
23 2
23 2
8 2
8 23
8 23
1 8
23 1
23 8
1 23
22 23
22 1
9 8
9 22
20 9
20 9
20 22
21 20
21 20
1 21
20 1
20 21
1 20
11 20
12 20
19 1
19 11
9 12
9 19
9 19
1 9
19 1
19 9
1 19
18 19
18 1
1 9
1 18
17 18
17 1
7 1
7 17
12 7
12 17
16 7
16 12
3 16
14 3
14 16
15 12
15 14
13 14
13 15
14 13
14 15
5 13
5 14
5 14
1 5
14 1
14 5
1 14
10 1
10 5
10 14
13 10
13 10
10 13
10 13
1 10
13 1
13 10
1 13
11 13
12 1
12 10
3 11
3 12
3 12
1 3
12 1
12 3
1 12
4 1
4 3
4 12
11 4
11 4
1 11
6 11
10 1
10 4
3 6
3 10
3 10
1 3
10 1
10 3
1 10
7 10
9 1
9 3
6 9
7 6
7 9
8 7
8 7
2 8
7 2
7 8
1 7
4 1
4 7
4 7
1 4
7 1
7 4
1 7
5 1
5 4
5 7
6 5
6 5
2 5
2 6
4 2
4 6
5 2
5 4
2 5
3 5
4 2
1 3
1 4
1 4
2 1
4 2
4 1
2 4
3 1
3 4
1 3
2 1
2 3
1 2
1 2
1 2
