1000
248 317 800
58 541 786
93 347 624
139 230 476
43 839 886
434 569 704
116 686 971
459 464 519
355 733 948
54 956 972
192 255 715
137 156 730
61 175 295
103 290 915
82 881 996
552 885 962
3 640 806
412 759 953
198 439 552
84 360 663
453 656 738
397 410 896
134 373 615
123 631 793
102 103 962
187 419 451
270 475 726
154 357 618
110 467 514
249 430 687
60 320 837
87 564 893
567 599 635
43 303 556
203 601 671
235 336 348
117 343 820
86 99 377
87 669 788
62 164 730
303 669 670
783 880 941
23 115 448
16 407 593
690 911 997
89 95 292
257 455 524
32 659 692
265 449 918
247 304 720
191 270 666
327 479 657
124 600 938
53 165 713
448 621 693
236 654 745
471 606 637
156 400 510
46 884 901
606 629 684
359 608 999
93 828 860
245 277 776
276 764 922
390 853 890
23 748 995
107 547 729
168 515 870
72 111 904
94 797 923
85 401 765
202 951 963
227 619 999
534 751 835
299 365 559
75 282 870
361 439 505
566 639 806
200 500 602
41 605 934
35 877 903
78 458 693
118 135 506
107 209 210
92 109 808
360 417 680
73 307 977
228 616 816
104 196 506
340 964 992
52 223 842
36 61 679
478 665 697
240 690 980
342 389 405
139 378 477
175 380 698
140 694 833
54 344 936
290 731 912
218 583 634
138 525 613
38 440 623
204 220 285
159 299 553
179 680 683
143 212 348
376 433 984
176 748 847
178 788 847
350 473 771
154 300 386
224 442 725
13 309 743
44 141 250
250 410 531
326 550 561
785 891 915
144 488 818
622 703 791
396 827 933
210 483 677
418 424 483
884 942 973
246 768 991
91 223 995
157 757 868
169 475 830
262 928 985
53 508 827
47 296 401
213 577 644
382 465 838
12 114 200
631 648 763
285 294 705
584 632 868
222 353 900
8 98 739
181 358 807
6 174 231
78 304 330
786 813 983
134 206 511
235 477 479
4 272 829
241 554 811
476 594 822
5 21 279
138 232 328
239 451 624
133 471 871
60 836 927
149 310 545
378 923 933
190 307 924
132 330 401
536 738 987
113 359 809
121 583 809
488 682 986
516 532 886
454 456 563
27 752 765
120 289 413
169 312 913
208 394 950
364 539 856
529 587 919
429 637 961
374 611 815
263 303 800
69 248 403
85 241 489
7 15 753
422 805 832
249 289 935
186 743 750
63 513 851
165 327 780
231 425 505
65 273 665
56 411 510
96 474 897
549 719 881
218 287 394
24 678 982
201 648 973
714 866 971
54 94 740
20 134 271
271 491 833
145 249 319
423 615 819
267 425 882
246 297 776
214 302 658
580 618 904
626 764 921
222 486 576
302 529 537
238 357 411
64 539 649
166 548 605
195 442 966
556 772 857
182 926 995
174 473 785
492 713 849
227 300 827
110 728 969
255 383 754
363 467 511
530 804 877
8 152 358
75 427 967
526 691 849
264 372 490
131 256 829
30 321 846
12 229 621
55 339 633
422 466 638
28 791 873
70 262 729
73 106 875
239 356 479
964 976 998
307 485 949
451 527 964
710 975 981
397 857 885
86 148 832
34 59 965
430 888 892
158 744 823
197 396 515
550 670 812
52 90 509
305 702 1000
153 225 521
91 368 473
21 437 567
106 541 773
240 392 835
32 406 652
811 823 983
253 409 905
84 581 844
270 338 781
272 623 793
20 481 593
98 518 707
259 346 391
582 786 944
192 523 539
11 248 590
408 613 726
49 424 740
99 296 848
71 496 512
265 291 660
541 739 797
371 815 926
37 51 559
618 756 766
146 502 518
176 418 982
339 403 979
65 472 652
236 319 667
336 450 609
183 736 896
521 575 714
553 598 622
349 472 497
491 586 595
320 617 967
6 707 984
63 675 706
585 592 689
226 311 698
160 664 920
168 554 584
82 142 180
330 368 449
524 893 972
15 262 417
31 640 806
4 68 549
750 814 860
207 333 997
613 702 898
77 170 478
147 376 914
322 522 788
344 592 767
352 558 771
130 190 607
150 755 968
126 824 852
243 722 970
432 715 838
25 316 905
681 807 866
33 180 732
465 697 965
386 555 609
585 711 924
293 341 658
292 863 937
31 381 840
9 546 790
136 354 752
92 335 774
30 220 699
95 604 970
667 829 851
244 903 909
41 873 991
150 245 484
276 415 984
439 574 863
789 911 973
224 799 948
1 35 617
139 569 668
212 264 794
369 758 803
332 407 696
30 256 890
38 99 493
37 460 625
47 469 946
13 62 404
429 447 763
407 627 701
151 682 887
434 930 987
81 345 365
645 677 868
283 482 795
297 475 736
498 507 805
137 501 932
41 172 979
166 512 861
469 770 925
533 614 761
98 167 443
331 604 673
348 722 824
53 197 978
712 734 940
42 217 573
351 494 978
80 464 716
595 622 821
286 391 653
478 498 576
10 314 431
570 739 869
119 161 989
413 657 938
14 875 906
101 104 207
130 210 216
452 573 874
552 619 988
351 446 941
39 125 381
332 638 985
149 214 345
17 167 943
275 292 531
11 269 577
122 388 849
17 187 269
378 579 830
36 416 692
227 272 507
10 545 775
15 306 782
110 455 992
306 959 961
356 384 870
203 883 892
244 548 713
55 314 481
179 300 314
315 867 931
638 846 876
192 436 895
280 704 831
39 660 747
343 667 902
288 389 582
2 525 862
108 221 760
268 392 674
703 794 795
231 560 742
143 535 944
650 687 862
69 284 596
360 500 994
665 754 908
610 691 966
298 358 597
127 669 869
286 405 854
492 560 852
72 353 538
490 936 958
81 201 956
312 484 549
66 165 375
406 527 861
26 435 596
338 747 798
84 164 727
256 547 803
26 144 674
346 411 802
526 765 976
323 646 0
387 486 705
5 433 837
10 140 994
119 685 856
171 324 826
22 127 855
7 724 884
177 639 897
616 757 757
182 737 825
76 318 744
155 756 981
44 173 499
193 352 980
331 876 927
334 471 735
113 131 570
284 434 817
382 850 855
243 468 879
34 433 922
370 414 435
620 754 864
100 931 988
315 802 986
647 942 960
1 46 821
379 511 771
152 333 427
518 614 962
234 325 500
745 842 989
393 466 543
409 415 495
6 9 424
56 448 659
390 597 699
75 80 530
525 568 814
674 728 768
88 930 955
286 403 918
400 712 887
603 702 894
55 308 719
97 733 774
284 376 553
315 695 787
250 780 783
590 634 649
122 603 704
431 816 990
114 260 762
152 338 875
162 205 925
105 253 364
120 155 650
447 611 960
281 477 783
507 837 940
69 474 954
81 260 600
591 680 791
532 661 972
76 725 858
45 91 383
181 188 379
259 370 925
251 685 929
189 280 640
213 544 688
340 547 956
238 371 563
124 397 878
346 414 529
301 584 899
317 893 917
189 599 656
594 937 974
352 441 705
581 615 625
71 169 540
108 353 948
415 462 919
301 632 952
7 321 996
743 784 953
254 907 945
341 921 993
196 291 528
58 561 707
100 398 691
209 744 935
444 751 842
720 812 926
157 649 782
217 617 978
594 769 952
194 738 777
620 633 804
131 612 811
495 579 843
22 703 834
18 281 642
444 465 854
350 766 843
489 746 914
283 592 616
366 580 963
543 888 904
183 566 777
163 540 818
631 668 949
76 254 264
251 255 813
206 817 871
408 751 789
163 737 773
18 28 753
83 136 723
46 219 850
635 678 772
96 209 402
170 520 709
580 686 736
3 322 784
205 834 844
123 431 522
343 755 828
287 577 758
395 847 932
257 787 986
79 399 627
119 838 853
273 423 608
269 459 848
140 159 321
25 460 681
232 432 924
2 205 318
296 419 0
86 193 709
356 447 564
20 491 652
93 151 759
25 77 661
62 812 883
220 445 722
8 760 909
861 947 952
208 266 280
261 612 880
11 160 399
520 556 708
374 468 644
540 895 920
145 219 329
375 724 797
42 374 901
24 572 732
44 267 801
14 369 953
194 342 901
57 519 709
243 470 951
161 219 621
101 138 663
48 774 779
145 242 335
710 778 894
718 779 975
408 520 907
405 598 935
646 818 927
420 508 957
94 334 694
111 184 185
79 404 0
305 544 977
323 731 828
59 237 769
275 607 821
67 301 590
191 496 969
514 752 796
35 494 770
385 534 992
241 362 391
496 572 740
189 463 599
604 678 784
34 735 808
59 387 568
100 211 245
50 365 512
333 865 998
49 223 999
221 534 700
309 428 692
489 524 597
121 474 497
208 373 746
265 537 882
47 258 856
133 386 589
591 624 889
126 623 815
562 606 899
172 513 514
381 418 630
79 794 839
450 458 749
162 608 822
239 865 981
80 178 334
67 675 983
647 726 939
133 228 485
384 567 825
92 793 946
106 495 672
203 710 764
368 461 673
72 536 721
261 578 721
60 516 796
198 388 887
135 562 579
517 531 958
173 278 777
9 582 855
74 642 864
276 421 611
70 443 781
461 637 915
107 891 895
443 566 896
242 670 991
247 711 872
458 490 568
109 233 327
32 629 987
380 718 942
263 610 918
660 878 965
233 555 708
260 288 602
317 684 800
236 565 587
492 697 807
42 538 688
396 526 1000
557 557 902
129 186 668
693 859 916
294 523 906
172 217 845
67 357 688
27 237 749
66 550 687
339 420 482
306 564 565
206 717 892
146 204 872
102 750 763
226 273 737
253 261 311
563 723 939
662 676 934
252 741 876
290 361 648
225 626 760
619 641 920
43 311 635
402 630 717
385 742 951
367 436 503
111 544 587
141 153 846
398 509 629
235 383 906
254 574 586
351 588 825
68 536 741
263 882 955
252 570 776
151 651 832
325 595 912
329 426 874
128 565 869
543 741 923
494 632 934
105 117 337
159 551 716
428 822 943
188 719 950
412 416 483
560 673 830
179 766 831
125 377 460
38 449 835
244 792 933
257 414 480
87 725 994
171 843 960
163 792 928
237 384 910
155 551 840
128 571 761
174 841 954
21 480 528
326 919 938
29 362 657
171 535 714
456 679 823
463 796 858
466 682 897
187 373 804
153 546 816
184 790 975
17 154 808
349 445 583
211 216 481
162 979 993
677 831 988
502 659 755
128 419 916
278 399 423
123 313 910
164 545 801
141 542 792
395 620 913
380 453 569
607 762 889
213 299 651
417 502 655
626 780 945
347 354 820
586 699 955
298 546 928
429 664 900
97 347 977
97 267 589
16 571 917
313 400 867
259 523 695
647 742 932
251 559 961
40 195 230
291 344 717
222 470 482
609 879 900
115 150 643
329 634 950
188 364 969
650 756 819
204 645 767
116 633 968
388 711 937
297 461 898
371 799 877
324 409 813
167 450 630
293 316 878
129 715 859
686 910 949
66 105 655
342 578 720
61 336 733
77 78 990
644 712 944
125 282 601
642 930 997
24 197 310
801 826 939
168 308 730
542 572 863
328 462 573
19 372 389
416 432 976
127 135 639
14 404 718
278 533 581
413 510 641
318 363 600
45 588 845
28 593 970
421 438 700
166 295 612
533 865 866
367 789 943
52 498 555
199 350 412
122 319 557
16 646 770
83 636 826
316 497 701
12 308 421
337 440 824
88 88 845
274 395 504
452 663 810
294 554 836
428 438 894
199 393 685
89 116 366
149 279 538
57 137 968
528 591 610
157 706 905
258 274 312
293 480 860
442 571 974
410 746 982
51 160 282
144 340 883
48 654 683
63 398 947
112 440 820
73 732 844
218 382 799
126 753 778
779 857 971
56 283 462
102 503 802
501 504 729
118 636 941
64 274 859
335 454 614
19 322 328
104 602 957
51 558 768
370 721 945
215 636 871
4 493 641
271 521 899
295 464 787
103 375 676
3 95 377
177 487 513
252 420 658
193 369 912
240 366 708
598 662 946
349 519 601
147 201 575
45 436 723
190 654 724
129 323 390
85 854 959
700 809 907
341 551 585
58 200 675
71 142 266
457 485 772
214 749 853
332 759 798
310 359 1000
215 354 651
124 195 426
176 656 902
48 735 889
68 372 810
39 96 120
147 394 959
298 313 320
40 589 886
64 258 666
146 527 575
469 508 672
268 289 387
277 484 762
182 221 817
31 156 672
23 161 645
186 681 734
18 132 627
363 457 862
5 65 198
13 684 947
444 472 734
143 535 769
74 690 775
132 228 731
199 207 695
266 574 643
406 761 785
19 170 509
516 662 990
36 148 805
90 285 425
89 325 767
562 985 996
29 453 963
456 840 879
226 302 653
487 517 841
522 655 666
246 446 689
696 773 922
112 671 936
178 727 848
148 517 782
109 268 864
37 287 872
50 183 305
175 191 515
158 158 664
454 493 605
463 488 689
115 392 790
281 446 499
230 661 881
33 393 940
275 367 476
402 576 890
101 194 532
279 445 696
671 898 908
486 487 958
181 427 504
27 501 701
202 542 929
234 361 438
247 852 974
82 873 967
212 430 441
118 758 929
50 185 470
426 781 993
385 435 957
530 903 980
242 588 683
345 795 874
70 180 727
2 233 775
113 379 745
185 362 422
503 798 810
57 499 561
177 628 989
232 455 676
117 603 839
74 202 917
196 225 505
888 954 998
216 625 891
130 355 803
33 437 858
29 136 716
537 548 748
26 437 628
215 459 836
224 234 326
596 628 880
83 653 833
229 309 916
643 834 850
506 814 841
331 468 867
819 909 921
304 578 908
90 277 728
441 911 966
108 184 324
173 355 778
121 142 914
558 694 698
49 211 885
238 913 931
229 288 457
22 337 851
40 452 706
114 679 747
1 112 467
