7705
1001 111
1001 537
687 979
687 1001
687 1001
1 687
1001 1
1001 687
1 1001
828 1
828 1001
1000 687
1000 828
437 828
437 1000
587 437
587 437
587 1000
999 587
999 587
1 587
1 999
400 1
400 1
400 999
998 400
998 400
474 400
474 998
474 998
1 474
998 1
998 474
1 998
615 998
997 1
997 474
162 997
464 162
464 997
996 464
996 464
218 615
218 996
361 218
361 996
995 218
995 361
334 361
334 995
334 995
1 334
995 1
995 334
1 995
931 1
931 334
931 995
994 931
994 931
589 931
589 994
589 994
1 589
994 1
994 589
1 994
777 1
777 589
777 994
993 777
993 777
472 777
472 993
472 993
1 472
993 1
993 472
1 993
841 1
841 472
841 993
992 841
992 841
190 992
392 190
392 992
991 392
991 392
639 841
639 991
639 991
1 639
991 1
991 639
1 991
846 1
846 639
846 991
990 846
990 846
302 846
302 990
302 990
1 302
990 1
990 302
1 990
426 1
426 990
989 302
989 426
371 426
371 989
371 989
1 371
989 1
989 371
1 989
622 1
622 371
622 989
988 622
988 622
340 622
340 988
528 340
528 988
987 340
987 528
636 528
636 987
912 636
912 636
912 987
986 912
986 912
156 912
156 986
156 986
1 156
986 1
986 156
1 986
861 1
861 156
861 986
985 861
985 861
33 861
33 985
33 985
1 33
985 1
985 33
1 985
224 1
224 985
984 33
984 224
192 224
192 984
192 984
1 192
984 1
984 192
1 984
824 1
824 192
824 984
983 824
983 824
433 824
433 983
698 433
698 433
698 983
982 698
982 698
713 698
713 982
713 982
1 713
982 1
982 713
1 982
794 1
794 713
794 982
981 794
981 794
509 794
509 981
852 981
980 509
980 509
339 852
339 980
339 980
1 339
980 1
980 339
1 980
866 1
866 339
866 980
979 866
979 866
106 979
677 106
677 979
978 677
978 677
298 866
298 978
298 978
1 298
978 1
978 298
1 978
784 1
784 298
784 978
977 784
977 784
608 784
608 977
770 608
770 608
770 977
976 770
976 770
85 770
85 976
85 976
1 85
976 1
976 85
1 976
93 1
93 85
93 976
975 93
975 93
208 93
208 975
208 975
1 208
975 1
975 208
1 975
831 1
831 208
831 975
974 831
974 831
434 974
558 434
558 831
558 974
973 558
973 558
897 558
897 973
897 973
1 897
973 1
973 897
1 973
931 973
972 1
972 897
155 972
878 155
878 972
971 878
971 878
115 931
115 971
115 971
1 115
971 1
971 115
1 971
650 1
650 115
650 971
970 650
970 650
685 650
685 970
685 970
1 685
970 1
970 685
1 970
780 1
780 685
780 970
969 780
969 780
489 780
489 969
489 969
1 489
969 1
969 489
1 969
936 1
936 489
936 969
968 936
968 936
524 936
524 968
917 524
917 524
917 968
967 917
967 917
148 917
148 967
148 967
1 148
967 1
967 148
1 967
627 1
627 148
627 967
966 627
966 627
585 627
585 966
585 966
1 585
966 1
966 585
1 966
587 966
965 1
965 585
223 587
223 965
559 223
559 965
964 223
964 559
517 559
517 964
517 964
1 517
964 1
964 517
1 964
856 1
856 517
856 964
963 856
963 856
231 856
231 963
231 963
1 231
963 1
963 231
1 963
539 1
539 963
962 231
962 539
178 539
178 962
738 178
738 178
738 962
961 738
961 738
828 738
828 961
902 828
902 961
960 828
960 902
387 902
387 960
665 387
665 387
665 960
959 665
959 665
73 665
73 959
73 959
1 73
959 1
959 73
1 959
844 1
844 73
844 959
958 844
958 844
433 958
811 433
811 958
957 811
957 811
692 844
692 957
692 957
1 692
957 1
957 692
1 957
908 1
908 692
908 957
956 908
956 908
493 908
493 956
687 493
687 956
955 493
955 687
629 687
629 955
629 955
1 629
955 1
955 629
1 955
906 1
906 955
954 629
954 906
688 906
688 954
900 688
900 688
900 954
953 900
953 900
106 900
106 953
106 953
1 106
953 1
953 106
1 953
565 1
565 953
952 106
952 565
116 565
116 952
116 952
1 116
952 1
952 116
1 952
660 1
660 116
660 952
951 660
951 660
543 660
543 951
939 543
939 543
939 951
950 939
950 939
392 939
392 950
392 950
1 392
950 1
950 392
1 950
894 1
894 392
894 950
949 894
949 894
560 894
560 949
560 949
1 560
949 1
949 560
1 949
581 1
581 560
581 949
948 581
948 581
633 581
633 948
633 948
1 633
948 1
948 633
1 948
690 1
690 948
947 633
947 690
769 690
769 947
769 947
1 769
947 1
947 769
1 947
771 1
771 769
771 947
946 771
946 771
294 946
304 946
945 294
945 304
103 771
103 945
516 945
944 103
944 103
845 516
845 944
845 944
1 845
944 1
944 845
1 944
902 1
902 845
902 944
943 902
943 902
419 902
419 943
761 419
761 419
761 943
942 761
942 761
404 761
404 942
404 942
1 404
942 1
942 404
1 942
459 1
459 404
459 942
941 459
941 459
594 459
594 941
770 941
940 594
940 594
215 770
215 940
215 940
1 215
940 1
940 215
1 940
701 1
701 215
701 940
939 701
939 701
713 701
713 939
713 939
1 713
939 1
939 713
1 939
912 1
912 939
938 713
938 912
36 912
36 938
36 938
1 36
938 1
938 36
1 938
452 1
452 36
452 938
937 452
937 452
552 452
552 937
552 937
1 552
937 1
937 552
1 937
882 1
882 552
882 937
936 882
936 882
795 882
795 936
795 936
1 795
936 1
936 795
1 936
856 1
856 936
935 795
935 856
92 856
92 935
92 935
1 92
935 1
935 92
1 935
279 1
279 935
934 92
934 279
217 279
217 934
217 934
1 217
934 1
934 217
1 934
244 1
244 217
244 934
933 244
933 244
406 244
406 933
406 933
1 406
933 1
933 406
1 933
763 933
932 1
932 406
210 763
210 932
210 932
1 210
932 1
932 210
1 932
843 1
843 210
843 932
931 843
931 843
143 931
731 931
930 143
930 731
14 930
220 14
220 930
929 220
929 220
472 929
525 472
525 929
928 525
928 525
348 843
348 928
348 928
1 348
928 1
928 348
1 928
442 1
442 928
927 348
927 442
544 442
544 927
602 544
602 927
926 544
926 602
366 602
366 926
728 366
728 366
728 926
925 728
925 728
303 925
406 303
406 925
924 406
924 406
192 924
638 192
638 924
923 638
923 638
363 728
363 923
363 923
1 363
923 1
923 363
1 923
746 1
746 363
746 923
922 746
922 746
600 746
600 922
802 600
802 922
921 600
921 802
540 802
540 921
540 921
1 540
921 1
921 540
1 921
781 1
781 921
920 540
920 781
506 781
506 920
506 920
1 506
920 1
920 506
1 920
847 1
847 506
847 920
919 847
919 847
615 919
811 615
811 919
918 811
918 811
333 847
333 918
333 918
1 333
918 1
918 333
1 918
724 1
724 333
724 918
917 724
917 724
96 917
775 917
916 96
916 724
37 775
37 916
279 37
279 916
915 37
915 279
172 279
172 915
172 915
1 172
915 1
915 172
1 915
181 1
181 172
181 915
914 181
914 181
17 181
17 914
17 914
1 17
914 1
914 17
1 914
797 1
797 914
913 17
913 797
249 797
249 913
661 249
661 249
661 913
912 661
912 661
696 661
696 912
862 912
911 696
911 696
235 862
235 911
722 235
722 911
910 235
910 722
42 910
868 42
868 910
909 722
909 868
757 868
757 909
757 909
1 757
909 1
909 757
1 909
761 1
761 757
761 909
908 761
908 761
159 761
159 908
538 908
907 159
907 159
210 907
885 210
885 538
885 907
906 885
906 885
148 906
228 148
228 885
228 906
905 228
905 228
388 228
388 905
388 905
1 388
905 1
905 388
1 905
654 1
654 905
904 388
904 654
81 654
81 904
81 904
1 81
904 1
904 81
1 904
254 1
254 904
903 81
903 254
311 254
311 903
311 903
1 311
903 1
903 311
1 903
710 1
710 903
902 311
902 710
262 710
262 902
271 262
271 902
901 262
901 271
329 271
329 901
329 901
1 329
901 1
901 329
1 901
899 1
899 329
899 901
900 899
900 899
319 899
319 900
682 900
899 319
899 319
195 899
218 899
898 195
898 218
334 898
781 334
781 898
897 682
897 781
158 781
158 897
158 897
1 158
897 1
897 158
1 897
890 1
890 897
896 158
896 890
180 890
180 896
180 896
1 180
896 1
896 180
1 896
745 1
745 180
745 896
895 745
895 745
355 745
355 895
355 895
1 355
895 1
895 355
1 895
788 1
788 895
894 355
894 788
213 894
334 894
893 213
893 334
72 788
72 893
73 893
892 72
892 72
468 73
468 892
587 892
891 468
891 468
476 587
476 891
476 891
1 476
891 1
891 476
1 891
535 1
535 476
535 891
890 535
890 535
235 535
235 890
235 890
1 235
890 1
890 235
1 890
582 890
889 1
889 235
108 582
108 889
108 889
1 108
889 1
889 108
1 889
170 1
170 889
888 108
888 170
203 170
203 888
203 888
1 203
888 1
888 203
1 888
551 1
551 888
887 203
887 551
43 551
43 887
43 887
1 43
887 1
887 43
1 887
245 1
245 43
245 887
886 245
886 245
172 245
172 886
797 172
797 172
797 886
885 797
885 797
559 885
774 885
884 559
884 774
444 797
444 884
444 884
1 444
884 1
884 444
1 884
804 1
804 444
804 884
883 804
883 804
438 804
438 883
803 438
803 883
882 438
882 803
492 882
812 492
812 882
881 803
881 812
451 812
451 881
451 881
1 451
881 1
881 451
1 881
467 1
467 451
467 881
880 467
880 467
20 467
20 880
516 20
516 20
516 880
879 516
879 516
353 879
602 353
602 879
878 516
878 602
768 602
768 878
768 878
1 768
878 1
878 768
1 878
819 1
819 878
877 768
877 819
501 819
501 877
501 877
1 501
877 1
877 501
1 877
563 1
563 501
563 877
876 563
876 563
454 563
454 876
454 876
1 454
876 1
876 454
1 876
526 1
526 454
526 876
875 526
875 526
300 526
300 875
300 875
1 300
875 1
875 300
1 875
307 1
307 875
874 300
874 307
79 307
79 874
79 874
1 79
874 1
874 79
1 874
735 1
735 79
735 874
873 735
873 735
321 735
321 873
321 873
1 321
873 1
873 321
1 873
509 1
509 321
509 873
872 509
872 509
183 509
183 872
183 872
1 183
872 1
872 183
1 872
783 1
783 872
871 183
871 783
47 783
47 871
47 871
1 47
871 1
871 47
1 871
815 1
815 871
870 47
870 815
68 815
68 870
68 870
1 68
870 1
870 68
1 870
834 1
834 68
834 870
869 834
869 834
720 834
720 869
720 869
1 720
869 1
869 720
1 869
782 1
782 720
782 869
868 782
868 782
515 782
515 868
515 868
1 515
868 1
868 515
1 868
551 1
551 515
551 868
867 551
867 551
816 551
816 867
816 867
1 816
867 1
867 816
1 867
825 1
825 816
825 867
866 825
866 825
174 825
174 866
791 174
791 866
865 174
865 791
414 791
414 865
414 865
1 414
865 1
865 414
1 865
470 1
470 414
470 865
864 470
864 470
121 470
121 864
613 121
613 121
613 864
863 613
863 613
787 613
787 863
787 863
1 787
863 1
863 787
1 863
806 1
806 787
806 863
862 806
862 806
743 806
743 862
743 862
1 743
862 1
862 743
1 862
751 1
751 743
751 862
861 751
861 751
208 751
208 861
227 208
227 861
860 208
860 227
24 227
24 860
605 860
859 24
859 24
423 605
423 859
734 859
858 423
858 423
604 734
604 858
604 858
1 604
858 1
858 604
1 858
811 1
811 604
811 858
857 811
857 811
37 811
37 857
37 857
1 37
857 1
857 37
1 857
168 1
168 37
168 857
856 168
856 168
698 856
836 168
836 856
855 698
855 836
65 836
65 855
65 855
1 65
855 1
855 65
1 855
423 855
854 1
854 65
446 423
446 854
446 854
1 446
854 1
854 446
1 854
501 854
853 1
853 446
614 853
642 853
852 501
852 614
354 642
354 852
354 852
1 354
852 1
852 354
1 852
849 1
849 354
849 852
851 849
851 849
98 849
98 851
98 851
1 98
851 1
851 98
1 851
685 1
685 851
850 98
850 685
594 685
594 850
594 850
1 594
850 1
850 594
1 850
837 1
837 594
837 850
849 837
849 837
491 849
589 491
589 837
589 849
848 589
848 589
264 589
264 848
264 848
1 264
848 1
848 264
1 848
424 1
424 264
424 848
847 424
847 424
221 847
592 847
846 221
846 424
47 592
47 846
47 846
1 47
846 1
846 47
1 846
519 846
845 1
845 47
497 519
497 845
497 845
1 497
845 1
845 497
1 845
663 1
663 497
663 845
844 663
844 663
607 844
707 844
843 607
843 663
702 843
840 843
842 702
842 707
130 840
130 842
130 842
1 130
842 1
842 130
1 842
717 1
717 130
717 842
841 717
841 717
240 717
240 841
367 841
840 240
840 240
279 367
279 840
279 840
1 279
840 1
840 279
1 840
636 1
636 279
636 840
839 636
839 636
194 636
194 839
194 839
1 194
839 1
839 194
1 839
287 1
287 194
287 839
838 287
838 287
109 287
109 838
461 838
837 109
837 109
35 461
35 837
800 35
800 837
836 35
836 800
433 836
688 836
835 433
835 688
161 835
635 161
635 800
635 835
834 635
834 635
118 834
491 118
491 834
833 491
833 491
366 635
366 833
366 833
1 366
833 1
833 366
1 833
767 1
767 366
767 833
832 767
832 767
613 767
613 832
709 613
709 613
709 832
831 709
831 709
122 709
122 831
758 122
758 831
830 122
830 758
52 758
52 830
52 830
1 52
830 1
830 52
1 830
118 830
829 1
829 52
232 118
232 829
232 829
1 232
829 1
829 232
1 829
333 1
333 829
828 232
828 333
745 333
745 828
815 745
815 745
815 828
827 815
827 815
596 815
596 827
596 827
1 596
827 1
827 596
1 827
698 1
698 827
826 596
826 698
565 698
565 826
772 565
772 565
772 826
825 772
825 772
459 772
459 825
805 825
824 459
824 459
159 805
159 824
639 159
639 159
639 824
823 639
823 639
317 639
317 823
670 317
670 823
822 317
822 670
143 670
143 822
143 822
1 143
822 1
822 143
1 822
269 1
269 822
821 143
821 269
490 269
490 821
490 821
1 490
821 1
821 490
1 821
779 1
779 490
779 821
820 779
820 779
212 779
212 820
256 820
819 212
819 212
112 256
112 819
486 112
486 112
486 819
818 486
818 486
315 486
315 818
315 818
1 315
818 1
818 315
1 818
784 818
817 1
817 315
251 784
251 817
490 817
816 251
816 251
262 816
418 816
815 262
815 418
183 490
183 815
367 183
367 815
814 183
814 367
580 367
580 814
580 814
1 580
814 1
814 580
1 814
731 1
731 580
731 814
813 731
813 731
552 731
552 813
725 552
725 552
725 813
812 725
812 725
696 725
696 812
696 812
1 696
812 1
812 696
1 812
759 812
811 1
811 696
92 759
92 811
165 811
810 92
810 92
56 810
254 56
254 810
809 165
809 254
300 254
300 809
303 300
303 809
808 300
808 303
219 303
219 808
219 808
1 219
808 1
808 219
1 808
743 1
743 808
807 219
807 743
62 743
62 807
62 807
1 62
807 1
807 62
1 807
783 1
783 62
783 807
806 783
806 783
259 806
792 806
805 259
805 783
361 792
361 805
361 805
1 361
805 1
805 361
1 805
541 1
541 361
541 805
804 541
804 541
424 541
424 804
424 804
1 424
804 1
804 424
1 804
660 804
803 1
803 424
224 660
224 803
224 803
1 224
803 1
803 224
1 803
791 1
791 803
802 224
802 791
199 791
199 802
199 802
1 199
802 1
802 199
1 802
565 802
801 1
801 199
368 565
368 801
440 368
440 368
440 801
800 440
800 440
89 440
89 800
89 800
1 89
800 1
800 89
1 800
507 1
507 89
507 800
799 507
799 507
184 507
184 799
184 799
1 184
799 1
799 184
1 799
382 1
382 184
382 799
798 382
798 382
202 382
202 798
202 798
1 202
798 1
798 202
1 798
313 798
797 1
797 202
516 313
516 797
675 516
675 797
796 516
796 675
30 796
466 30
466 796
795 466
795 466
39 675
39 795
689 39
689 39
689 795
794 689
794 689
187 794
678 794
793 187
793 678
288 689
288 793
759 288
759 288
759 793
792 759
792 759
104 759
104 792
104 792
1 104
792 1
792 104
1 792
578 1
578 104
578 792
791 578
791 578
598 578
598 791
734 598
734 791
790 598
790 734
70 734
70 790
563 790
789 70
789 70
378 563
378 789
378 789
1 378
789 1
789 378
1 789
444 1
444 378
444 789
788 444
788 444
154 444
154 788
154 788
1 154
788 1
788 154
1 788
458 1
458 154
458 788
787 458
787 458
365 787
375 787
786 365
786 375
583 786
759 786
785 458
785 583
389 759
389 785
389 785
1 389
785 1
785 389
1 785
618 1
618 389
618 785
784 618
784 618
101 618
101 784
507 101
507 784
783 101
783 507
34 507
34 783
65 783
782 34
782 34
18 65
18 782
583 18
583 782
781 18
781 583
85 583
85 781
144 85
144 85
144 781
780 144
780 144
148 144
148 780
148 780
1 148
780 1
780 148
1 780
608 1
608 780
779 148
779 608
165 779
183 165
183 779
778 183
778 183
119 608
119 778
119 778
1 119
778 1
778 119
1 778
750 1
750 778
777 119
777 750
665 750
665 777
665 777
1 665
777 1
777 665
1 777
751 1
751 665
751 777
776 751
776 751
593 751
593 776
593 776
1 593
776 1
776 593
1 776
712 1
712 593
712 776
775 712
775 712
438 712
438 775
662 438
662 775
774 438
774 662
225 774
613 225
613 662
613 774
773 613
773 613
275 613
275 773
275 773
1 275
773 1
773 275
1 773
720 1
720 773
772 275
772 720
639 720
639 772
639 772
1 639
772 1
772 639
1 772
697 772
771 1
771 639
186 771
551 771
770 186
770 551
198 770
317 770
769 198
769 317
89 697
89 769
339 769
768 89
768 89
382 768
664 768
767 339
767 382
680 767
694 664
694 767
766 680
766 694
147 694
147 766
147 766
1 147
766 1
766 147
1 766
313 1
313 766
765 147
765 313
500 313
500 765
500 765
1 500
765 1
765 500
1 765
531 1
531 500
531 765
764 531
764 531
140 531
140 764
369 140
369 140
369 764
763 369
763 369
313 369
313 763
313 763
1 313
763 1
763 313
1 763
419 1
419 313
419 763
762 419
762 419
125 419
125 762
125 762
1 125
762 1
762 125
1 762
542 1
542 125
542 762
761 542
761 542
178 542
178 761
740 761
760 178
760 178
238 740
238 760
238 760
1 238
760 1
760 238
1 760
577 1
577 760
759 238
759 577
48 759
618 759
758 48
758 577
548 618
548 758
548 758
1 548
758 1
758 548
1 758
647 1
647 758
757 548
757 647
335 757
498 757
756 335
756 498
76 647
76 756
76 756
1 76
756 1
756 76
1 756
424 756
755 1
755 76
181 424
181 755
490 181
490 755
754 181
754 490
341 490
341 754
341 754
1 341
754 1
754 341
1 754
506 754
753 1
753 341
171 506
171 753
171 753
1 171
753 1
753 171
1 753
605 1
605 171
605 753
752 605
752 605
406 752
691 406
691 752
751 605
751 691
462 691
462 751
462 751
1 462
751 1
751 462
1 751
599 751
750 1
750 462
45 599
45 750
45 750
1 45
750 1
750 45
1 750
668 1
668 45
668 750
749 668
749 668
179 668
179 749
179 749
1 179
749 1
749 179
1 749
575 1
575 179
575 749
748 575
748 575
105 575
105 748
105 748
1 105
748 1
748 105
1 748
546 748
747 1
747 105
223 546
223 747
223 747
1 223
747 1
747 223
1 747
574 1
574 223
574 747
746 574
746 574
22 746
564 746
745 22
745 564
101 574
101 745
240 745
744 101
744 101
354 240
354 744
413 354
413 354
413 744
743 413
743 413
133 743
490 743
742 133
742 413
522 490
522 742
714 522
714 522
714 742
741 714
741 714
504 714
504 741
504 741
1 504
741 1
741 504
1 741
599 1
599 741
740 504
740 599
268 599
268 740
268 740
1 268
740 1
740 268
1 740
556 1
556 268
556 740
739 556
739 556
411 739
600 411
600 556
600 739
738 600
738 600
84 738
445 738
737 84
737 445
14 600
14 737
14 737
1 14
737 1
737 14
1 737
707 737
736 1
736 14
137 707
137 736
345 137
345 137
345 736
735 345
735 345
231 345
231 735
231 735
1 231
735 1
735 231
1 735
693 735
734 1
734 231
258 693
258 734
258 734
1 258
734 1
734 258
1 734
511 1
511 734
733 258
733 511
130 511
130 733
529 130
529 130
529 733
732 529
732 529
126 529
126 732
126 732
1 126
732 1
732 126
1 732
403 1
403 126
403 732
731 403
731 403
116 403
116 731
263 731
730 116
730 116
511 263
511 730
511 730
1 511
730 1
730 511
1 730
673 1
673 511
673 730
729 673
729 673
74 729
694 729
728 74
728 673
329 694
329 728
329 728
1 329
728 1
728 329
1 728
448 728
727 1
727 329
608 448
608 727
608 727
1 608
727 1
727 608
1 727
611 1
611 608
611 727
726 611
726 611
358 611
358 726
358 726
1 358
726 1
726 358
1 726
471 1
471 726
725 358
725 471
165 725
274 725
724 165
724 274
144 471
144 724
652 144
652 724
723 144
723 652
491 652
491 723
491 723
1 491
723 1
723 491
1 723
520 1
520 491
520 723
722 520
722 520
91 520
91 722
91 722
1 91
722 1
722 91
1 722
235 722
721 1
721 91
415 235
415 721
415 721
1 415
721 1
721 415
1 721
548 1
548 721
720 415
720 548
489 548
489 720
497 720
719 489
719 489
111 497
111 719
111 719
1 111
719 1
719 111
1 719
461 1
461 111
461 719
718 461
718 461
53 461
53 718
53 718
1 53
718 1
718 53
1 718
423 1
423 718
717 53
717 423
291 717
494 717
716 291
716 423
316 494
316 716
316 716
1 316
716 1
716 316
1 716
569 1
569 716
715 316
715 569
264 569
264 715
529 264
529 715
714 264
714 529
543 714
562 714
713 529
713 543
229 562
229 713
700 229
700 713
712 229
712 700
46 712
426 712
711 46
711 426
260 700
260 711
260 711
1 260
711 1
711 260
1 711
472 1
472 260
472 711
710 472
710 472
132 472
132 710
132 710
1 132
710 1
710 132
1 710
473 1
473 132
473 710
709 473
709 473
248 473
248 709
248 709
1 248
709 1
709 248
1 709
708 1
708 709
57 248
57 708
57 708
1 57
708 1
708 57
1 708
704 1
704 57
704 708
707 704
707 704
16 704
16 707
488 16
488 16
488 707
706 488
706 488
173 488
173 706
519 173
519 706
705 173
705 519
319 705
571 705
704 319
704 519
59 704
135 704
703 59
703 135
235 703
617 235
617 571
617 703
702 617
702 617
106 702
300 106
300 702
701 300
701 300
643 617
643 701
665 643
665 701
700 643
700 665
52 665
52 700
405 52
405 52
405 700
699 405
699 405
198 405
198 699
374 198
374 198
374 699
698 374
698 374
127 374
127 698
127 698
1 127
698 1
698 127
1 698
477 1
477 127
477 698
697 477
697 477
259 477
259 697
396 259
396 697
696 259
696 396
250 696
420 696
695 250
695 396
6 420
6 695
6 695
1 6
695 1
695 6
1 695
386 1
386 6
386 695
694 386
694 386
370 386
370 694
370 694
1 370
694 1
694 370
1 694
418 1
418 370
418 694
693 418
693 418
369 418
369 693
606 369
606 693
692 369
692 606
474 692
545 474
545 692
691 545
691 545
76 691
554 76
554 691
690 554
690 554
478 606
478 690
478 690
1 478
690 1
690 478
1 690
562 1
562 478
562 690
689 562
689 562
184 689
461 184
461 562
461 689
688 461
688 461
247 461
247 688
247 688
1 247
688 1
688 247
1 688
384 1
384 247
384 688
687 384
687 384
55 384
55 687
105 687
686 55
686 55
76 105
76 686
93 76
93 76
93 686
685 93
685 93
385 93
385 685
385 685
1 385
685 1
685 385
1 685
667 1
667 385
667 685
684 667
684 667
83 667
83 684
451 684
683 83
683 83
150 451
150 683
308 150
308 683
682 150
682 308
203 682
674 203
674 308
674 682
681 674
681 674
251 674
251 681
599 251
599 251
599 681
680 599
680 599
248 599
248 680
498 680
679 248
679 248
500 498
500 679
623 500
623 500
623 679
678 623
678 623
182 623
182 678
182 678
1 182
678 1
678 182
1 678
528 1
528 182
528 678
677 528
677 528
347 677
584 347
584 528
584 677
676 584
676 584
437 584
437 676
437 676
1 437
676 1
676 437
1 676
449 1
449 437
449 676
675 449
675 449
205 449
205 675
577 205
577 675
674 205
674 577
407 674
655 674
673 407
673 577
104 673
516 104
516 655
516 673
672 516
672 516
245 516
245 672
245 672
1 245
672 1
672 245
1 672
520 1
520 672
671 245
671 520
463 520
463 671
463 671
1 463
671 1
671 463
1 671
597 1
597 463
597 671
670 597
670 597
113 597
113 670
113 670
1 113
670 1
670 113
1 670
569 1
569 113
569 670
669 569
669 569
157 569
157 669
176 157
176 157
176 669
668 176
668 176
298 176
298 668
298 668
1 298
668 1
668 298
1 668
460 668
667 1
667 298
424 460
424 667
656 667
666 424
666 424
387 656
387 666
387 666
1 387
666 1
666 387
1 666
479 666
665 1
665 387
57 665
89 665
664 57
664 89
114 479
114 664
114 664
1 114
664 1
664 114
1 664
177 1
177 114
177 664
663 177
663 177
122 663
433 122
433 663
662 177
662 433
7 433
7 662
220 662
661 7
661 7
88 220
88 661
88 661
1 88
661 1
661 88
1 661
274 661
660 1
660 88
234 274
234 660
234 660
1 234
660 1
660 234
1 660
602 1
602 234
602 660
659 602
659 602
25 602
25 659
25 659
1 25
659 1
659 25
1 659
128 1
128 25
128 659
658 128
658 128
27 128
27 658
273 27
273 27
273 658
657 273
657 273
42 273
42 657
42 657
1 42
657 1
657 42
1 657
566 1
566 657
656 42
656 566
64 566
64 656
64 656
1 64
656 1
656 64
1 656
538 1
538 64
538 656
655 538
655 538
128 538
128 655
584 128
584 655
654 128
654 584
249 584
249 654
249 654
1 249
654 1
654 249
1 654
487 1
487 249
487 654
653 487
653 487
159 487
159 653
442 653
652 159
652 159
134 442
134 652
134 652
1 134
652 1
652 134
1 652
399 1
399 134
399 652
651 399
651 399
68 399
68 651
268 68
268 651
650 68
650 268
288 650
604 268
604 650
649 288
649 604
154 649
574 154
574 604
574 649
648 574
648 574
184 574
184 648
642 184
642 648
647 184
647 642
16 642
16 647
16 647
1 16
647 1
647 16
1 647
644 1
644 16
644 647
646 644
646 644
131 644
131 646
131 646
1 131
646 1
646 131
1 646
625 1
625 646
645 131
645 625
433 625
433 645
551 433
551 433
551 645
644 551
644 551
34 551
34 644
34 644
1 34
644 1
644 34
1 644
305 1
305 644
643 34
643 305
209 305
209 643
209 643
1 209
643 1
643 209
1 643
498 643
642 1
642 209
139 498
139 642
139 642
1 139
642 1
642 139
1 642
432 1
432 139
432 642
641 432
641 432
237 432
237 641
237 641
1 237
641 1
641 237
1 641
477 1
477 237
477 641
640 477
640 477
98 477
98 640
98 640
1 98
640 1
640 98
1 640
350 1
350 98
350 640
639 350
639 350
166 350
166 639
463 166
463 166
463 639
638 463
638 463
57 463
57 638
204 57
204 57
204 638
637 204
637 204
446 204
446 637
513 446
513 637
636 446
636 513
33 636
498 33
498 636
635 498
635 498
64 513
64 635
120 64
120 635
634 64
634 120
241 120
241 634
566 241
566 634
633 241
633 566
191 633
624 191
624 633
632 566
632 624
399 632
422 632
631 399
631 422
88 624
88 631
468 631
630 88
630 88
71 468
71 630
71 630
1 71
630 1
630 71
1 630
366 630
629 1
629 71
378 366
378 629
542 378
542 629
628 378
628 542
259 628
349 259
349 542
349 628
627 349
627 349
16 349
16 627
355 16
355 627
626 16
626 355
246 355
246 626
457 246
457 246
457 626
625 457
625 457
28 457
28 625
419 28
419 625
624 28
624 419
471 419
471 624
471 624
1 471
624 1
624 471
1 624
492 1
492 471
492 624
623 492
623 492
52 623
550 52
550 492
550 623
622 550
622 550
5 622
108 5
108 550
108 622
621 108
621 108
79 621
550 621
620 79
620 108
255 550
255 620
565 255
565 620
619 255
619 565
47 619
153 47
153 565
153 619
618 153
618 153
41 618
153 41
153 618
617 153
617 153
156 617
370 617
616 153
616 156
250 616
585 616
615 250
615 370
216 585
216 615
216 615
1 216
615 1
615 216
1 615
327 1
327 216
327 615
614 327
614 327
293 614
423 293
423 614
613 327
613 423
116 423
116 613
428 116
428 116
428 613
612 428
612 428
199 612
441 199
441 612
611 428
611 441
4 611
264 611
610 4
610 264
32 441
32 610
462 610
609 32
609 32
141 462
141 609
141 609
1 141
609 1
609 141
1 609
553 1
553 141
553 609
608 553
608 553
9 553
9 608
372 9
372 9
372 608
607 372
607 372
412 607
571 372
571 607
606 412
606 571
99 571
99 606
99 606
1 99
606 1
606 99
1 606
193 1
193 99
193 606
605 193
605 193
121 193
121 605
486 121
486 121
486 605
604 486
604 486
144 604
440 144
440 486
440 604
603 440
603 440
301 440
301 603
550 301
550 301
550 603
602 550
602 550
32 550
32 602
32 602
1 32
602 1
602 32
1 602
315 1
315 602
601 32
601 315
6 601
323 601
600 6
600 315
124 323
124 600
124 600
1 124
600 1
600 124
1 600
222 1
222 124
222 600
599 222
599 222
525 222
525 599
526 525
526 525
526 599
598 526
598 526
252 526
252 598
252 598
1 252
598 1
598 252
1 598
307 1
307 252
307 598
597 307
597 307
266 597
428 597
596 266
596 307
27 428
27 596
107 27
107 27
107 596
595 107
595 107
73 107
73 595
269 73
269 73
269 595
594 269
594 269
551 269
551 594
578 551
578 594
593 551
593 578
60 593
512 60
512 593
592 512
592 512
139 578
139 592
228 139
228 592
591 139
591 228
300 228
300 591
455 300
455 300
455 591
590 455
590 455
82 455
82 590
82 590
1 82
590 1
590 82
1 590
212 1
212 82
212 590
589 212
589 212
388 212
388 589
388 589
1 388
589 1
589 388
1 589
484 1
484 589
588 388
588 484
422 484
422 588
422 588
1 422
588 1
588 422
1 588
556 1
556 588
587 422
587 556
13 556
13 587
146 13
146 587
586 13
586 146
7 586
36 7
36 586
585 36
585 36
279 585
353 585
584 146
584 279
25 353
25 584
25 584
1 25
584 1
584 25
1 584
52 584
583 1
583 25
94 583
272 52
272 583
582 94
582 272
70 272
70 582
70 582
1 70
582 1
582 70
1 582
554 1
554 70
554 582
581 554
581 554
183 554
183 581
183 581
1 183
581 1
581 183
1 581
209 1
209 581
580 183
580 209
217 209
217 580
335 217
335 217
335 580
579 335
579 335
144 579
350 579
578 144
578 335
14 350
14 578
453 14
453 578
577 14
577 453
78 453
78 577
78 577
1 78
577 1
577 78
1 577
92 1
92 78
92 577
576 92
576 92
205 92
205 576
205 576
1 205
576 1
576 205
1 576
324 576
575 1
575 205
59 575
319 59
319 575
574 319
574 319
75 324
75 574
75 574
1 75
574 1
574 75
1 574
349 1
349 574
573 75
573 349
298 349
298 573
298 573
1 298
573 1
573 298
1 573
571 573
572 1
572 298
463 571
463 572
475 463
475 463
475 572
571 475
571 475
206 475
206 571
206 571
1 206
571 1
571 206
1 571
266 1
266 206
266 571
570 266
570 266
325 266
325 570
520 325
520 325
520 570
569 520
569 520
330 569
451 330
451 520
451 569
568 451
568 451
385 568
497 385
497 568
567 451
567 497
442 497
442 567
442 567
1 442
567 1
567 442
1 567
478 1
478 442
478 567
566 478
566 478
298 478
298 566
298 566
1 298
566 1
566 298
1 566
539 566
565 1
565 298
79 539
79 565
79 565
1 79
565 1
565 79
1 565
236 1
236 79
236 565
564 236
564 236
4 236
4 564
78 4
78 564
563 4
563 78
19 78
19 563
328 19
328 563
562 19
562 328
104 562
316 104
316 328
316 562
561 316
561 316
131 316
131 561
338 131
338 561
560 131
560 338
287 338
287 560
287 560
1 287
560 1
560 287
1 560
412 560
559 1
559 287
534 412
534 559
534 559
1 534
559 1
559 534
1 559
539 1
539 534
539 559
558 539
558 539
312 558
546 558
557 312
557 539
208 546
208 557
208 557
1 208
557 1
557 208
1 557
382 557
556 1
556 208
311 382
311 556
319 311
319 311
319 556
555 319
555 319
34 319
34 555
276 34
276 555
554 34
554 276
59 276
59 554
473 59
473 59
473 554
553 473
553 473
364 473
364 553
513 364
513 553
552 364
552 513
16 513
16 552
203 552
551 16
551 16
47 551
541 47
541 551
550 203
550 541
84 541
84 550
353 550
549 84
549 84
434 353
434 549
434 549
1 434
549 1
549 434
1 549
483 1
483 434
483 549
548 483
548 483
494 548
530 548
547 483
547 494
133 530
133 547
133 547
1 133
547 1
547 133
1 547
359 1
359 133
359 547
546 359
546 359
429 359
429 546
490 429
490 429
490 546
545 490
545 490
350 490
350 545
384 350
384 545
544 350
544 384
264 544
287 264
287 384
287 544
543 287
543 287
98 543
433 543
542 98
542 287
208 433
208 542
465 542
541 208
541 208
128 465
128 541
128 541
1 128
541 1
541 128
1 541
304 1
304 541
540 128
540 304
10 540
136 540
539 10
539 136
321 539
408 539
538 304
538 321
206 538
424 206
424 408
424 538
537 424
537 424
271 537
463 537
536 271
536 424
118 536
490 118
490 463
490 536
535 490
535 490
48 535
158 48
158 490
158 535
534 158
534 158
263 158
263 534
509 263
509 534
533 263
533 509
115 533
501 533
532 115
532 501
123 509
123 532
123 532
1 123
532 1
532 123
1 532
273 1
273 532
531 123
531 273
86 531
374 531
530 86
530 273
150 374
150 530
447 150
447 530
529 150
529 447
213 447
213 529
304 529
528 213
528 213
121 304
121 528
121 528
1 121
528 1
528 121
1 528
429 528
527 1
527 121
94 429
94 527
294 94
294 527
526 94
526 294
289 294
289 526
382 289
382 289
382 526
525 382
525 382
214 382
214 525
214 525
1 214
525 1
525 214
1 525
242 1
242 525
524 214
524 242
73 524
518 73
518 242
518 524
523 518
523 518
191 518
191 523
191 523
1 191
523 1
523 191
1 523
269 1
269 523
522 191
522 269
181 269
181 522
336 181
336 181
336 522
521 336
521 336
9 521
215 521
520 9
520 215
321 336
321 520
352 321
352 520
519 321
519 352
103 352
103 519
103 519
1 103
519 1
519 103
1 519
320 1
320 519
518 103
518 320
45 320
45 518
326 518
517 45
517 45
125 326
125 517
125 517
1 125
517 1
517 125
1 517
298 1
298 125
298 517
516 298
516 298
489 516
511 298
511 489
511 516
515 511
515 511
178 515
246 515
514 178
514 246
52 511
52 514
52 514
1 52
514 1
514 52
1 514
498 514
513 1
513 52
150 513
313 150
313 513
512 313
512 313
317 498
317 512
433 317
433 512
511 317
511 433
54 433
54 511
174 54
174 54
174 511
510 174
510 174
161 174
161 510
161 510
1 161
510 1
510 161
1 510
505 1
505 161
505 510
509 505
509 505
322 509
417 509
508 322
508 417
28 505
28 508
459 508
507 28
507 28
115 459
115 507
115 507
1 115
507 1
507 115
1 507
171 1
171 115
171 507
506 171
506 171
87 506
116 87
116 506
505 116
505 116
6 505
319 505
504 6
504 171
454 319
454 504
490 504
503 454
503 454
69 490
69 503
69 503
1 69
503 1
503 69
1 503
426 503
502 1
502 69
134 426
134 502
257 134
257 134
257 502
501 257
501 257
222 501
500 501
500 222
226 257
226 500
388 226
388 226
388 500
499 388
499 388
117 388
117 499
117 499
1 117
499 1
499 117
1 499
495 1
495 117
495 499
498 495
498 495
163 495
163 498
301 498
497 163
497 163
258 301
258 497
480 258
480 258
480 497
496 480
496 480
249 480
249 496
249 496
1 249
496 1
496 249
1 496
495 1
495 249
495 496
1 495
41 1
41 495
237 41
237 495
494 41
494 237
191 494
431 191
431 494
493 237
493 431
9 431
9 493
9 493
1 9
493 1
493 9
1 493
396 493
492 1
492 9
138 492
191 492
491 138
491 191
162 396
162 491
407 162
407 491
490 162
490 407
60 490
457 60
457 407
457 490
489 457
489 457
47 489
371 47
371 489
488 371
488 371
45 457
45 488
45 488
1 45
488 1
488 45
1 488
369 1
369 45
369 488
487 369
487 369
27 369
27 487
227 487
486 27
486 27
104 486
481 104
481 486
485 227
485 481
402 481
402 485
402 485
1 402
485 1
485 402
1 485
468 1
468 402
468 485
484 468
484 468
413 484
432 413
432 468
432 484
483 432
483 432
60 432
60 483
166 483
482 60
482 60
135 166
135 482
135 482
1 135
482 1
482 135
1 482
241 1
241 135
241 482
481 241
481 241
125 241
125 481
223 481
480 125
480 125
10 223
10 480
56 480
479 10
479 10
323 56
323 479
323 479
1 323
479 1
479 323
1 479
330 1
330 323
330 479
478 330
478 330
149 478
409 478
477 149
477 330
118 409
118 477
118 477
1 118
477 1
477 118
1 477
225 1
225 118
225 477
476 225
476 225
209 476
279 476
475 209
475 225
35 279
35 475
391 475
474 35
474 35
154 391
154 474
154 474
1 154
474 1
474 154
1 474
353 1
353 154
353 474
473 353
473 353
3 353
3 473
3 473
1 3
473 1
473 3
1 473
63 1
63 3
63 473
472 63
472 63
49 472
324 472
471 49
471 63
287 324
287 471
361 287
361 287
361 471
470 361
470 361
148 361
148 470
148 470
1 148
470 1
470 148
1 470
151 470
469 1
469 148
56 151
56 469
56 469
1 56
469 1
469 56
1 469
58 1
58 56
58 469
468 58
468 58
92 58
92 468
92 468
1 92
468 1
468 92
1 468
273 1
273 468
467 92
467 273
248 467
351 467
466 248
466 273
125 351
125 466
299 125
299 125
299 466
465 299
465 299
36 299
36 465
147 465
464 36
464 36
102 147
102 464
102 464
1 102
464 1
464 102
1 464
423 1
423 102
423 464
463 423
463 423
7 423
7 463
7 463
1 7
463 1
463 7
1 463
265 1
265 7
265 463
462 265
462 265
38 265
38 462
43 38
43 38
43 462
461 43
461 43
429 461
451 43
451 429
451 461
460 451
460 451
261 451
261 460
310 261
310 261
310 460
459 310
459 310
193 310
193 459
193 459
1 193
459 1
459 193
1 459
314 459
458 1
458 193
122 314
122 458
199 122
199 122
199 458
457 199
457 199
251 199
251 457
302 457
456 251
456 251
202 456
454 202
454 302
454 456
455 454
455 454
19 454
19 455
19 455
1 19
455 1
455 19
1 455
113 455
454 1
454 19
152 113
152 454
265 454
453 152
453 152
177 265
177 453
177 453
1 177
453 1
453 177
1 453
261 453
452 1
452 177
205 261
205 452
392 205
392 205
392 452
451 392
451 392
335 451
389 335
389 392
389 451
450 389
450 389
112 389
112 450
112 450
1 112
450 1
450 112
1 450
282 1
282 112
282 450
449 282
449 282
14 282
14 449
331 14
331 449
448 14
448 331
329 448
414 329
414 448
447 331
447 414
195 414
195 447
195 447
1 195
447 1
447 195
1 447
412 1
412 195
412 447
446 412
446 412
168 446
299 168
299 446
445 299
445 299
65 445
121 445
444 65
444 121
87 444
354 87
354 412
354 444
443 354
443 354
37 443
181 443
442 37
442 181
106 442
398 442
441 106
441 354
194 441
213 194
213 441
440 213
440 213
62 398
62 440
280 440
439 62
439 62
196 280
196 439
196 439
1 196
439 1
439 196
1 439
404 1
404 439
438 196
438 404
292 404
292 438
341 292
341 438
437 292
437 341
153 437
432 153
432 437
436 341
436 432
28 432
28 436
28 436
1 28
436 1
436 28
1 436
303 1
303 28
303 436
435 303
435 303
27 303
27 435
27 435
1 27
435 1
435 27
1 435
200 1
200 27
200 435
434 200
434 200
69 434
105 434
433 69
433 105
4 200
4 433
4 433
1 4
433 1
433 4
1 433
68 1
68 433
432 4
432 68
256 68
256 432
412 256
412 432
431 256
431 412
228 412
228 431
228 431
1 228
431 1
431 228
1 431
243 1
243 431
430 228
430 243
6 243
6 430
228 6
228 6
228 430
429 228
429 228
2 228
2 429
2 429
1 2
429 1
429 2
1 429
337 1
337 2
337 429
428 337
428 337
14 428
282 14
282 428
427 282
427 282
18 337
18 427
285 18
285 18
285 427
426 285
426 285
21 285
21 426
21 426
1 21
426 1
426 21
1 426
90 1
90 21
90 426
425 90
425 90
207 90
207 425
207 425
1 207
425 1
425 207
1 425
230 1
230 425
424 207
424 230
186 424
234 186
234 230
234 424
423 234
423 234
121 234
121 423
256 423
422 121
422 121
19 256
19 422
173 422
421 19
421 19
331 173
331 421
331 421
1 331
421 1
421 331
1 421
397 1
397 421
420 331
420 397
120 397
120 420
120 420
1 120
420 1
420 120
1 420
318 1
318 120
318 420
419 318
419 318
41 419
307 419
418 41
418 307
172 318
172 418
203 172
203 418
417 172
417 203
40 203
40 417
65 417
416 40
416 40
199 65
199 416
199 416
1 199
416 1
416 199
1 416
272 416
415 1
415 199
149 415
374 149
374 272
374 415
414 374
414 374
158 374
158 414
370 158
370 414
413 158
413 370
11 413
256 11
256 413
412 256
412 256
55 370
55 412
174 412
411 55
411 55
197 174
197 411
197 411
1 197
411 1
411 197
1 411
240 411
410 1
410 197
60 240
60 410
60 410
1 60
410 1
410 60
1 410
101 1
101 60
101 410
409 101
409 101
68 409
180 409
408 68
408 101
15 180
15 408
15 408
1 15
408 1
408 15
1 408
70 1
70 15
70 408
407 70
407 70
35 70
35 407
35 407
1 35
407 1
407 35
1 407
323 407
406 1
406 35
181 323
181 406
181 406
1 181
406 1
406 181
1 406
396 406
405 1
405 181
24 396
24 405
104 405
404 24
404 24
49 404
374 49
374 404
403 104
403 374
63 403
362 63
362 374
362 403
402 362
402 362
79 362
79 402
79 402
1 79
402 1
402 79
1 402
118 402
401 1
401 79
105 401
296 105
296 401
400 118
400 296
331 400
345 400
399 296
399 331
236 345
236 399
236 399
1 236
399 1
399 236
1 399
291 1
291 236
291 399
398 291
398 291
141 398
297 141
297 291
297 398
397 297
397 297
158 297
158 397
158 397
1 158
397 1
397 158
1 397
376 1
376 158
376 397
396 376
396 376
79 396
383 79
383 376
383 396
395 383
395 383
58 383
58 395
58 395
1 58
395 1
395 58
1 395
211 1
211 58
211 395
394 211
394 211
21 211
21 394
206 394
393 21
393 21
253 206
253 393
253 393
1 253
393 1
393 253
1 393
383 393
392 1
392 253
299 383
299 392
323 392
391 299
391 299
359 323
359 391
370 359
370 391
390 359
390 370
45 370
45 390
109 45
109 45
109 390
389 109
389 109
298 389
318 109
318 298
318 389
388 318
388 318
285 318
285 388
285 388
1 285
388 1
388 285
1 388
356 1
356 285
356 388
387 356
387 356
15 387
178 387
386 15
386 178
77 356
77 386
77 386
1 77
386 1
386 77
1 386
367 1
367 77
367 386
385 367
385 367
4 385
306 4
306 367
306 385
384 306
384 306
90 384
259 384
383 90
383 259
45 306
45 383
45 383
1 45
383 1
383 45
1 383
73 383
382 1
382 45
250 73
250 382
344 382
381 250
381 250
99 344
99 381
325 99
325 99
325 381
380 325
380 325
168 380
360 168
360 325
360 380
379 360
379 360
198 360
198 379
198 379
1 198
379 1
379 198
1 379
242 1
242 198
242 379
378 242
378 242
40 242
40 378
170 378
377 40
377 40
282 377
298 377
376 170
376 282
274 376
294 376
375 274
375 294
6 375
192 375
374 6
374 192
84 298
84 374
222 84
222 84
222 374
373 222
373 222
62 222
62 373
203 373
372 62
372 62
14 372
90 372
371 14
371 90
125 203
125 371
125 371
1 125
371 1
371 125
1 371
316 1
316 125
316 371
370 316
370 316
92 316
92 370
236 92
236 92
236 370
369 236
369 236
66 236
66 369
262 369
368 66
368 66
34 262
34 368
34 368
1 34
368 1
368 34
1 368
105 368
367 1
367 34
186 367
228 105
228 367
366 186
366 228
99 228
99 366
99 366
1 99
366 1
366 99
1 366
106 1
106 366
365 99
365 106
82 106
82 365
292 365
364 82
364 82
190 292
190 364
288 190
288 190
288 364
363 288
363 288
135 288
135 363
336 135
336 135
336 363
362 336
362 336
4 336
4 362
125 4
125 362
361 4
361 125
93 125
93 361
288 93
288 93
288 361
360 288
360 288
11 288
11 360
159 360
359 11
359 11
120 159
120 359
120 359
1 120
359 1
359 120
1 359
265 1
265 120
265 359
358 265
358 265
49 265
49 358
276 358
357 49
357 49
178 276
178 357
178 357
1 178
357 1
357 178
1 357
225 1
225 357
356 178
356 225
113 225
113 356
113 356
1 113
356 1
356 113
1 356
211 1
211 356
355 113
355 211
22 211
22 355
247 22
247 355
354 22
354 247
282 247
282 354
319 282
319 282
319 354
353 319
353 319
173 319
173 353
260 173
260 173
260 353
352 260
352 260
83 260
83 352
83 352
1 83
352 1
352 83
1 352
146 352
351 1
351 83
37 146
37 351
37 351
1 37
351 1
351 37
1 351
89 1
89 351
350 37
350 89
110 89
110 350
203 110
203 350
349 110
349 203
36 349
261 349
348 36
348 203
141 348
146 348
347 141
347 146
1 261
1 347
1 347
2 1
347 2
347 1
2 347
254 1
254 2
254 347
346 254
346 254
38 254
38 346
307 346
345 38
345 38
292 345
321 345
344 292
344 307
152 321
152 344
152 344
1 152
344 1
344 152
1 344
329 1
329 344
343 152
343 329
93 329
93 343
93 343
1 93
343 1
343 93
1 343
196 1
196 343
342 93
342 196
50 196
50 342
50 342
1 50
342 1
342 50
1 342
100 1
100 342
341 50
341 100
233 100
233 341
233 341
1 233
341 1
341 233
1 341
257 1
257 341
340 233
340 257
134 340
160 134
160 257
160 340
339 160
339 160
299 160
299 339
299 339
1 299
339 1
339 299
1 339
305 339
338 1
338 299
138 305
138 338
138 338
1 138
338 1
338 138
1 338
210 338
337 1
337 138
94 210
94 337
94 337
1 94
337 1
337 94
1 337
119 1
119 337
336 94
336 119
66 119
66 336
66 336
1 66
336 1
336 66
1 336
158 1
158 336
335 66
335 158
143 335
200 335
334 143
334 158
5 334
253 334
333 5
333 200
106 253
106 333
106 333
1 106
333 1
333 106
1 333
244 333
332 1
332 106
166 244
166 332
166 332
1 166
332 1
332 166
1 332
288 1
288 332
331 166
331 288
66 288
66 331
237 66
237 331
330 66
330 237
41 237
41 330
297 41
297 41
297 330
329 297
329 297
241 297
241 329
241 329
1 241
329 1
329 241
1 329
308 1
308 329
328 241
328 308
132 308
132 328
192 132
192 132
192 328
327 192
327 192
132 327
222 327
326 132
326 192
70 222
70 326
319 326
325 70
325 70
85 319
85 325
85 325
1 85
325 1
325 85
1 325
225 325
324 1
324 85
59 324
299 59
299 324
323 225
323 299
16 299
16 323
16 323
1 16
323 1
323 16
1 323
71 323
322 1
322 16
26 71
26 322
299 26
299 322
321 26
321 299
41 299
41 321
289 41
289 321
320 41
320 289
296 289
296 320
296 320
1 296
320 1
320 296
1 320
317 1
317 296
317 320
319 317
319 317
143 317
143 319
143 319
1 143
319 1
319 143
1 319
307 1
307 143
307 319
318 307
318 307
32 307
32 318
32 318
1 32
318 1
318 32
1 318
57 1
57 318
317 32
317 57
70 57
70 317
70 317
1 70
317 1
317 70
1 317
106 1
106 317
316 70
316 106
91 316
96 316
315 91
315 96
31 106
31 315
111 31
111 315
314 31
314 111
15 111
15 314
308 15
308 15
308 314
313 308
313 308
194 308
194 313
194 313
1 194
313 1
313 194
1 313
282 313
312 1
312 194
63 282
63 312
257 63
257 63
257 312
311 257
311 257
64 257
64 311
196 311
310 64
310 64
196 310
196 310
1 196
310 1
310 196
1 310
295 1
295 196
295 310
309 295
309 295
108 309
122 108
122 295
122 309
308 122
308 122
180 122
180 308
271 180
271 308
307 180
307 271
85 271
85 307
205 85
205 85
205 307
306 205
306 205
125 205
125 306
220 125
220 306
305 125
305 220
143 220
143 305
163 143
163 305
304 143
304 163
115 163
115 304
281 115
281 115
281 304
303 281
303 281
145 303
204 145
204 303
302 204
302 204
96 302
221 302
301 96
301 221
18 281
18 301
74 301
300 18
300 18
87 74
87 300
133 300
299 87
299 87
132 299
289 132
289 133
289 299
298 289
298 289
139 289
139 298
273 298
297 139
297 139
198 297
251 198
251 273
251 297
296 251
296 251
92 251
92 296
92 296
1 92
296 1
296 92
1 296
207 1
207 92
207 296
295 207
295 207
168 207
168 295
168 295
1 168
295 1
295 168
1 295
283 295
294 1
294 168
10 294
164 10
164 283
164 294
293 164
293 164
201 164
201 293
272 201
272 293
292 201
292 272
189 272
189 292
189 292
1 189
292 1
292 189
1 292
198 292
291 1
291 189
197 291
211 291
290 197
290 198
26 290
256 26
256 290
289 211
289 256
79 256
79 289
190 79
190 79
190 289
288 190
288 190
18 190
18 288
135 288
287 18
287 18
50 135
50 287
205 50
205 50
205 287
286 205
286 205
70 205
70 286
115 286
285 70
285 70
99 115
99 285
118 99
118 99
118 285
284 118
284 118
50 284
109 50
109 284
283 109
283 109
103 118
103 283
103 283
1 103
283 1
283 103
1 283
256 1
256 283
282 103
282 256
222 256
222 282
264 222
264 282
281 222
281 264
178 264
178 281
221 178
221 178
221 281
280 221
280 221
9 221
9 280
9 280
1 9
280 1
280 9
1 280
143 1
143 280
279 9
279 143
49 143
49 279
262 49
262 279
278 49
278 262
22 262
22 278
139 22
139 278
277 22
277 139
41 139
41 277
100 41
100 277
276 41
276 100
51 100
51 276
51 276
1 51
276 1
276 51
1 276
246 1
246 51
246 276
275 246
275 246
75 275
214 75
214 246
214 275
274 214
274 214
149 214
149 274
149 274
1 149
274 1
274 149
1 274
188 1
188 149
188 274
273 188
273 188
15 273
264 273
272 15
272 188
108 272
148 108
148 272
271 148
271 148
29 264
29 271
267 29
267 271
270 29
270 267
45 270
115 45
115 267
115 270
269 115
269 115
31 269
249 31
249 115
249 269
268 249
268 249
61 249
61 268
207 268
267 61
267 61
167 207
167 267
167 267
1 167
267 1
267 167
1 267
215 1
215 267
266 167
266 215
67 215
67 266
67 266
1 67
266 1
266 67
1 266
88 1
88 67
88 266
265 88
265 88
4 88
4 265
4 265
1 4
265 1
265 4
1 265
149 1
149 265
264 4
264 149
33 264
39 33
39 264
263 39
263 39
106 149
106 263
113 106
113 263
262 106
262 113
15 113
15 262
15 262
1 15
262 1
262 15
1 262
148 262
261 1
261 15
157 148
157 261
157 261
1 157
261 1
261 157
1 261
218 1
218 157
218 261
260 218
260 218
134 218
134 260
134 260
1 134
260 1
260 134
1 260
218 1
218 134
218 260
259 218
259 218
2 218
2 259
66 259
258 2
258 2
153 66
153 258
166 153
166 153
166 258
257 166
257 166
133 166
133 257
133 257
1 133
257 1
257 133
1 257
204 1
204 133
204 257
256 204
256 204
57 256
175 57
175 204
175 256
255 175
255 175
96 175
96 255
111 96
111 96
111 255
254 111
254 111
181 254
238 254
253 111
253 181
82 238
82 253
201 82
201 253
252 82
252 201
55 201
55 252
86 55
86 55
86 252
251 86
251 86
3 251
172 3
172 251
250 86
250 172
139 250
222 250
249 139
249 172
192 249
223 249
248 192
248 222
82 223
82 248
82 248
1 82
248 1
248 82
1 248
113 1
113 248
247 82
247 113
15 247
222 15
222 113
222 247
246 222
246 222
81 246
127 81
127 246
245 127
245 127
79 222
79 245
79 245
1 79
245 1
245 79
1 245
124 1
124 79
124 245
244 124
244 124
26 244
89 244
243 26
243 89
9 124
9 243
54 9
54 243
242 9
242 54
133 54
133 242
133 242
1 133
242 1
242 133
1 242
230 1
230 242
241 133
241 230
213 230
213 241
239 213
239 213
239 241
240 239
240 239
96 239
96 240
184 240
239 96
239 96
149 184
149 239
170 149
170 149
170 239
238 170
238 170
68 238
113 68
113 170
113 238
237 113
237 113
72 113
72 237
208 72
208 237
236 72
236 208
55 236
132 55
132 208
132 236
235 132
235 132
118 132
118 235
118 235
1 118
235 1
235 118
1 235
214 235
234 1
234 118
94 234
140 234
233 94
233 140
16 233
190 16
190 214
190 233
232 190
232 190
16 190
16 232
176 16
176 232
231 16
231 176
83 231
165 83
165 231
230 165
230 165
140 176
140 230
140 230
1 140
230 1
230 140
1 230
173 1
173 140
173 230
229 173
229 173
51 173
51 229
162 51
162 51
162 229
228 162
228 162
134 162
134 228
188 134
188 228
227 134
227 188
26 188
26 227
26 227
1 26
227 1
227 26
1 227
72 1
72 227
226 26
226 72
200 72
200 226
201 200
201 226
225 200
225 201
172 225
183 172
183 201
183 225
224 183
224 183
14 183
14 224
129 14
129 224
223 14
223 129
45 129
45 223
202 45
202 45
202 223
222 202
222 202
18 202
18 222
18 222
1 18
222 1
222 18
1 222
24 1
24 18
24 222
221 24
221 24
8 221
117 8
117 24
117 221
220 117
220 117
38 220
95 38
95 117
95 220
219 95
219 95
71 219
199 71
199 95
199 219
218 199
218 199
82 199
82 218
110 82
110 218
217 82
217 110
186 110
186 217
186 217
1 186
217 1
217 186
1 217
199 1
199 186
199 217
216 199
216 199
67 199
67 216
95 67
95 67
95 216
215 95
215 95
7 95
7 215
7 215
1 7
215 1
215 7
1 215
32 1
32 215
214 7
214 32
103 32
103 214
118 214
213 103
213 103
63 118
63 213
128 63
128 213
212 63
212 128
68 128
68 212
156 212
211 68
211 68
17 211
168 211
210 17
210 156
35 210
194 35
194 168
194 210
209 194
209 194
64 194
64 209
75 64
75 209
208 64
208 75
52 208
152 52
152 75
152 208
207 152
207 152
129 207
175 129
175 152
175 207
206 175
206 175
49 206
152 206
205 49
205 152
183 175
183 205
183 205
1 183
205 1
205 183
1 205
190 1
190 183
190 205
204 190
204 190
18 190
18 204
42 204
203 18
203 18
51 203
188 203
202 42
202 51
10 188
10 202
95 202
201 10
201 10
79 95
79 201
153 79
153 201
200 79
200 153
141 153
141 200
141 200
1 141
200 1
200 141
1 200
191 1
191 200
199 141
199 191
94 191
94 199
94 199
1 94
199 1
199 94
1 199
102 1
102 94
102 199
198 102
198 102
45 102
45 198
45 198
1 45
198 1
198 45
1 198
50 198
197 1
197 45
177 197
181 197
196 50
196 177
131 181
131 196
180 131
180 196
195 131
195 180
7 180
7 195
7 195
1 7
195 1
195 7
1 195
178 1
178 7
178 195
194 178
194 178
134 194
140 134
140 194
193 140
193 140
75 193
138 193
192 75
192 138
51 192
71 51
71 192
191 71
191 71
16 178
16 191
16 191
1 16
191 1
191 16
1 191
150 1
150 191
190 16
190 150
141 190
157 141
157 150
157 190
189 157
189 157
61 157
61 189
106 61
106 61
106 189
188 106
188 106
10 106
10 188
10 188
1 10
188 1
188 10
1 188
101 1
101 10
101 188
187 101
187 101
88 187
170 187
186 88
186 101
68 170
68 186
68 186
1 68
186 1
186 68
1 186
87 186
185 1
185 68
176 87
176 185
178 176
178 185
184 176
184 178
26 178
26 184
55 26
55 26
55 184
183 55
183 55
31 55
31 183
91 31
91 183
182 31
182 91
2 91
2 182
2 182
1 2
182 1
182 2
1 182
140 1
140 182
181 2
181 140
25 181
53 25
53 140
53 181
180 53
180 53
57 180
73 53
73 180
179 57
179 73
11 73
11 179
11 179
1 11
179 1
179 11
1 179
81 1
81 11
81 179
178 81
178 81
28 81
28 178
28 178
1 28
178 1
178 28
1 178
71 178
177 1
177 28
19 71
19 177
85 19
85 177
176 19
176 85
52 85
52 176
52 176
1 52
176 1
176 52
1 176
110 1
110 52
110 176
175 110
175 110
93 175
162 93
162 175
174 110
174 162
16 162
16 174
121 16
121 16
121 174
173 121
173 121
29 121
29 173
105 29
105 29
105 173
172 105
172 105
87 172
118 172
171 87
171 105
7 118
7 171
105 7
105 171
170 7
170 105
3 170
142 3
142 105
142 170
169 142
169 142
54 142
54 169
54 169
1 54
169 1
169 54
1 169
60 1
60 54
60 169
168 60
168 60
21 60
21 168
54 168
167 21
167 21
60 167
80 54
80 167
166 60
166 80
72 166
132 72
132 80
132 166
165 132
165 132
139 132
139 165
146 139
146 139
146 165
164 146
164 146
134 146
134 164
134 164
1 134
164 1
164 134
1 164
143 164
163 1
163 134
71 163
148 163
162 71
162 143
39 162
114 39
114 148
114 162
161 114
161 114
10 114
10 161
41 10
41 161
160 10
160 41
67 41
67 160
141 67
141 67
141 160
159 141
159 141
72 141
72 159
72 159
1 72
159 1
159 72
1 159
129 1
129 72
129 159
158 129
158 129
14 158
72 158
157 14
157 72
129 157
142 129
142 129
142 157
156 142
156 142
62 156
67 62
67 156
155 67
155 67
36 142
36 155
88 36
88 36
88 155
154 88
154 88
29 88
29 154
117 29
117 29
117 154
153 117
153 117
26 153
121 153
152 26
152 117
24 152
45 24
45 152
151 45
151 45
10 121
10 151
149 10
149 10
149 151
150 149
150 149
93 149
93 150
93 150
1 93
150 1
150 93
1 150
98 1
98 93
98 150
149 98
149 98
79 98
79 149
103 79
103 149
148 79
148 103
115 103
115 148
115 148
1 115
148 1
148 115
1 148
140 148
147 1
147 115
34 140
34 147
34 147
1 34
147 1
147 34
1 147
143 1
143 34
143 147
146 143
146 143
47 143
47 146
134 47
134 47
134 146
145 134
145 134
53 145
54 53
54 145
144 54
144 54
59 144
126 59
126 134
126 144
143 126
143 126
65 126
65 143
98 65
98 143
142 65
142 98
1 98
1 142
125 142
141 1
141 1
5 125
5 141
6 5
6 141
140 5
140 6
25 140
90 6
90 25
90 140
139 90
139 90
73 139
82 73
82 90
82 139
138 82
138 82
13 138
105 13
105 138
137 82
137 105
20 105
20 137
20 137
1 20
137 1
137 20
1 137
100 1
100 20
100 137
136 100
136 100
56 136
83 56
83 100
83 136
135 83
135 83
30 135
101 30
101 135
134 83
134 101
45 101
45 134
96 45
96 134
133 45
133 96
56 96
56 133
56 133
1 56
133 1
133 56
1 133
104 1
104 56
104 133
132 104
132 104
27 104
27 132
80 132
131 27
131 27
8 80
8 131
8 131
1 8
131 1
131 8
1 131
44 1
44 8
44 131
130 44
130 44
117 44
117 130
117 130
1 117
130 1
130 117
1 130
125 130
129 1
129 117
63 125
63 129
69 63
69 129
128 63
128 69
91 128
99 69
99 128
127 91
127 99
105 127
126 99
126 105
126 127
1 126
4 1
4 126
4 126
1 4
126 1
126 4
1 126
29 126
125 1
125 4
1 125
69 1
69 29
69 125
124 69
124 69
35 69
35 124
35 124
1 35
124 1
124 35
1 124
123 1
123 124
106 123
115 35
115 106
115 123
122 115
122 115
15 115
15 122
108 15
108 15
108 122
121 108
121 108
19 121
61 121
120 19
120 61
15 120
74 120
119 15
119 74
32 108
32 119
99 32
99 32
99 119
118 99
118 99
99 118
114 118
117 99
117 99
57 117
73 57
73 117
116 73
116 73
1 116
77 1
77 114
77 116
115 77
115 77
84 77
84 115
92 84
92 115
114 84
114 92
2 114
61 2
61 92
61 114
113 61
113 61
27 113
34 27
34 61
34 113
112 34
112 34
46 34
46 112
46 112
1 46
112 1
112 46
1 112
79 112
111 1
111 46
31 79
31 111
31 111
1 31
111 1
111 31
1 111
89 1
89 111
110 31
110 89
18 89
18 110
80 18
80 110
109 18
109 80
3 80
3 109
3 109
1 3
109 1
109 3
1 109
90 109
108 1
108 3
100 90
100 108
100 108
1 100
108 1
108 100
1 108
102 108
107 1
107 100
7 102
7 107
7 107
1 7
107 1
107 7
1 107
77 1
77 107
106 7
106 77
19 77
19 106
19 106
1 19
106 1
106 19
1 106
101 1
101 19
101 106
105 101
105 101
74 101
74 105
99 74
99 74
99 105
104 99
104 99
77 99
77 104
77 104
1 77
104 1
104 77
1 104
95 1
95 77
95 104
103 95
103 95
68 103
73 68
73 103
102 73
102 73
24 95
24 102
24 102
1 24
102 1
102 24
1 102
31 1
31 102
101 24
101 31
45 101
81 101
100 31
100 45
5 81
5 100
85 100
99 5
99 5
48 85
48 99
48 99
1 48
99 1
99 48
1 99
90 1
90 99
98 48
98 90
31 98
86 98
97 31
97 86
23 90
23 97
23 97
1 23
97 1
97 23
1 97
86 97
96 1
96 23
40 86
40 96
40 96
1 40
96 1
96 40
1 96
74 1
74 96
95 40
95 74
13 74
13 95
55 13
55 95
94 13
94 55
4 55
4 94
4 94
1 4
94 1
94 4
1 94
6 1
6 4
6 94
93 6
93 6
7 93
53 93
92 6
92 7
28 53
28 92
75 28
75 92
91 28
91 75
35 91
68 35
68 75
68 91
90 68
90 68
59 90
69 59
69 68
69 90
89 69
89 69
21 69
21 89
79 21
79 89
88 21
88 79
7 88
53 7
53 88
87 53
87 53
45 87
83 45
83 87
86 79
86 83
14 83
14 86
15 86
85 14
85 14
7 15
7 85
7 85
1 7
85 1
85 7
1 85
61 1
61 7
61 85
84 61
84 61
10 61
10 84
10 84
1 10
84 1
84 10
1 84
53 1
53 10
53 84
83 53
83 53
7 53
7 83
7 83
1 7
83 1
83 7
1 83
22 83
82 1
82 7
35 22
35 82
35 82
1 35
82 1
82 35
1 82
71 82
81 1
81 35
52 71
52 81
73 52
73 52
73 81
80 73
80 73
5 73
5 80
5 80
1 5
80 1
80 5
1 80
20 1
20 5
20 80
79 20
79 20
44 20
44 79
48 44
48 44
48 79
78 48
78 48
19 78
39 19
39 48
39 78
77 39
77 39
23 77
53 77
76 23
76 39
8 53
8 76
8 76
1 8
76 1
76 8
1 76
16 1
16 8
16 76
75 16
75 16
8 16
8 75
8 75
1 8
75 1
75 8
1 75
44 1
44 8
44 75
74 44
74 44
2 74
39 2
39 74
73 39
73 39
2 73
3 73
72 2
72 3
28 44
28 72
66 72
71 28
71 28
23 66
23 71
70 23
70 23
70 71
1 70
16 70
46 1
46 16
46 70
69 46
69 46
16 69
48 16
48 46
48 69
68 48
68 48
5 48
5 68
5 68
1 5
68 1
68 5
1 68
9 1
9 68
67 5
67 9
12 9
12 67
12 67
1 12
67 1
67 12
1 67
17 1
17 67
66 12
66 17
4 17
4 66
51 4
51 66
65 4
65 51
14 51
14 65
56 14
56 14
56 65
64 56
64 56
11 56
11 64
23 64
63 11
63 11
12 23
12 63
12 63
1 12
63 1
63 12
1 63
28 1
28 12
28 63
62 28
62 28
38 62
46 28
46 38
46 62
61 46
61 46
7 61
56 61
60 7
60 46
41 56
41 60
41 60
1 41
60 1
60 41
1 60
49 60
59 1
59 41
17 49
17 59
21 59
58 17
58 17
23 21
23 58
23 58
1 23
58 1
58 23
1 58
34 1
34 58
57 23
57 34
23 34
23 57
23 57
1 23
57 1
57 23
1 57
33 1
33 23
33 57
56 33
56 33
47 33
47 56
51 56
55 47
55 47
31 55
48 31
48 55
54 48
54 48
19 51
19 54
19 54
1 19
54 1
54 19
1 54
43 1
43 54
53 19
53 43
47 43
47 53
52 47
52 47
52 53
1 52
7 52
46 1
46 7
46 52
51 46
51 46
10 51
38 51
50 10
50 38
21 46
21 50
29 21
29 50
49 21
49 29
19 49
38 19
38 49
48 29
48 38
35 38
35 48
35 48
1 35
48 1
48 35
1 48
43 1
43 48
47 35
47 43
20 47
25 47
46 20
46 25
44 46
44 46
45 43
45 44
34 45
36 34
36 45
44 36
11 36
11 44
11 44
1 11
44 1
44 11
1 44
38 44
43 1
43 11
11 38
11 43
11 43
1 11
43 1
43 11
1 43
36 43
42 1
42 11
4 42
40 4
40 42
41 36
41 40
2 41
33 41
40 2
4 33
4 40
21 4
21 4
21 40
39 21
39 21
18 21
18 39
23 18
23 39
38 18
38 23
8 23
8 38
8 38
1 8
38 1
38 8
1 38
14 38
37 1
37 8
4 14
4 37
4 37
1 4
37 1
37 4
1 37
32 37
36 1
36 4
17 32
17 36
17 36
1 17
36 1
36 17
1 36
34 1
34 36
35 17
35 34
9 35
19 9
19 34
19 35
34 19
34 19
27 34
32 19
32 27
32 34
33 32
33 32
17 33
21 17
21 32
21 33
32 21
32 21
5 32
11 32
31 5
31 11
7 21
7 31
28 31
30 7
30 7
4 30
16 4
16 30
29 16
29 16
11 28
11 29
11 29
1 11
29 1
29 11
1 29
15 29
28 1
28 11
10 15
10 28
24 10
24 28
27 10
27 24
4 27
15 27
26 4
26 15
8 24
8 26
8 26
1 8
26 1
26 8
1 26
24 1
24 8
24 26
25 24
25 24
12 24
12 25
18 12
18 25
24 12
24 18
14 24
22 24
23 14
23 18
2 22
2 23
2 23
22 2
22 2
8 2
8 22
18 22
21 8
21 8
7 21
19 7
19 18
19 21
20 19
20 19
7 20
12 7
12 19
12 20
19 12
19 12
12 19
12 19
1 12
19 1
19 12
1 19
15 1
15 12
15 19
18 15
18 15
5 15
5 18
13 18
17 5
17 5
11 13
11 17
11 17
1 11
17 1
17 11
1 17
13 1
13 11
13 17
16 13
16 13
8 13
8 16
8 16
1 8
16 1
16 8
1 16
9 16
15 1
15 8
1 9
1 15
11 1
11 1
11 15
14 11
14 11
1 14
1 14
13 1
13 1
4 11
4 13
5 4
5 13
12 4
12 5
3 12
8 3
8 5
8 12
11 8
11 8
1 11
1 11
10 1
10 1
1 10
4 1
4 10
9 4
9 4
4 9
4 9
8 4
3 8
4 8
7 3
7 4
3 4
3 7
3 7
1 3
7 1
7 3
1 7
5 7
6 1
6 3
2 5
2 6
3 2
3 6
5 2
5 3
4 5
4 3
4 5
1 4
2 1
2 4
3 4
3 2
1 2
1 3
1 3
2 1
3 2
3 1
2 3
2 3
1 2
1 2
