1000
15 161 686
165 175 498
267 559 926
202 653 902
598 692 970
1 521 768
154 636 738
343 545 904
164 186 267
569 695 865
317 624 929
218 361 782
571 683 710
195 608 668
315 358 927
45 441 796
124 218 563
243 669 746
740 890 968
117 396 584
211 623 851
545 918 985
331 651 708
243 320 974
26 502 853
50 112 916
38 52 806
67 176 419
409 412 953
425 433 760
840 910 1000
319 364 577
261 361 841
509 705 861
197 599 734
75 203 381
54 153 984
525 542 585
513 628 680
181 355 805
584 802 836
168 379 450
68 840 871
343 523 892
200 811 900
745 968 984
135 700 891
376 579 701
523 796 879
120 134 618
13 260 948
100 422 489
378 541 847
363 462 945
675 686 840
71 525 633
34 277 704
71 518 752
561 828 976
125 362 540
235 900 964
333 732 929
267 329 541
232 417 637
170 252 475
246 492 933
789 939 964
148 174 292
297 681 774
150 606 824
443 803 963
10 222 966
145 240 735
532 592 685
639 780 879
275 420 707
408 794 897
428 653 858
91 116 787
598 763 944
20 794 818
151 334 585
298 305 880
632 853 977
167 205 429
643 882 955
562 679 967
381 413 573
12 406 839
211 518 752
269 276 645
447 821 956
167 315 609
359 619 665
258 314 370
181 388 778
331 331 451
31 559 599
107 507 820
117 120 384
125 690 701
36 933 936
114 658 799
55 502 878
423 561 773
293 661 709
560 882 974
191 469 766
281 365 486
896 907 997
30 910 0
23 253 453
86 538 926
89 745 856
46 185 930
53 946 961
166 494 838
300 720 950
231 359 889
132 417 618
162 172 657
552 597 828
326 647 941
241 415 877
19 95 401
248 409 854
303 748 955
26 853 923
10 743 978
96 340 425
229 674 869
82 399 770
9 470 975
21 93 421
78 516 976
518 562 865
117 302 976
631 794 809
102 580 990
279 583 737
207 519 728
616 635 739
328 421 994
205 757 851
505 513 673
667 683 754
201 490 685
308 310 531
101 652 959
177 438 590
459 470 888
244 585 629
434 479 869
18 184 355
316 379 500
341 451 908
70 159 468
564 591 603
10 656 921
188 233 815
214 347 759
260 427 435
520 676 802
103 556 886
667 733 821
367 645 839
322 370 494
54 390 948
363 445 899
98 191 548
131 419 726
43 119 952
279 284 846
462 605 784
403 472 687
159 520 550
89 250 789
56 58 128
301 892 896
307 455 489
43 835 908
29 425 809
392 600 696
69 123 238
178 535 940
487 637 992
615 963 969
101 357 763
371 601 816
116 187 219
539 634 837
339 393 495
107 713 838
37 584 786
130 347 859
179 510 904
32 379 816
40 137 783
138 310 608
38 376 652
270 373 700
344 769 903
265 810 987
277 651 838
262 511 854
85 522 901
466 568 714
183 697 739
354 793 818
14 436 735
407 546 855
151 465 615
233 806 915
121 243 389
268 322 495
142 348 353
146 587 834
70 212 747
463 556 750
258 668 941
703 922 957
241 574 643
7 73 484
182 261 399
300 479 567
160 549 694
50 697 921
311 512 663
260 471 867
279 466 842
39 178 428
351 451 649
506 642 870
414 791 917
499 604 972
99 246 424
80 802 826
449 486 548
439 550 662
707 843 893
78 321 646
40 121 640
431 627 800
146 163 852
68 215 256
13 294 1000
64 918 945
312 352 571
97 189 810
213 706 866
236 286 836
44 160 753
287 588 931
15 20 618
388 481 592
403 437 465
93 188 730
83 595 810
175 565 972
106 415 941
70 147 873
346 850 879
538 772 946
198 426 721
154 856 858
85 875 943
322 412 913
156 174 823
240 328 380
557 573 596
412 850 894
310 665 799
52 359 560
101 660 995
41 803 803
13 467 546
411 667 846
313 787 864
84 447 487
374 519 732
185 497 722
23 369 925
547 857 956
491 791 887
139 213 280
497 502 868
37 554 661
187 221 993
694 830 917
383 477 895
292 927 986
371 452 720
373 551 555
103 619 885
543 750 861
104 272 274
335 535 729
108 313 530
648 713 989
94 290 557
280 377 439
395 741 860
67 290 480
185 804 885
421 509 780
338 660 790
44 94 99
358 438 482
552 848 956
147 288 867
418 671 695
398 817 928
33 201 344
358 877 951
113 319 991
350 551 785
104 332 588
132 692 916
671 767 914
104 114 832
257 468 717
112 384 919
87 112 496
228 250 262
507 576 662
309 795 811
142 603 634
399 890 965
227 244 664
87 197 905
457 680 743
367 792 824
110 351 898
194 681 701
587 617 960
234 390 857
165 184 528
631 674 874
90 230 345
188 291 377
127 452 975
120 573 931
510 559 688
244 369 706
302 478 764
215 825 863
15 376 386
375 515 771
266 659 714
77 109 651
612 733 827
298 468 654
259 347 397
16 196 635
92 819 924
533 655 737
56 454 894
342 571 943
9 679 942
216 497 900
136 212 761
295 688 688
149 236 280
187 199 699
334 757 831
224 254 932
408 600 843
274 289 864
583 790 901
155 372 707
323 529 984
186 360 431
805 854 867
137 501 556
566 722 831
356 722 954
650 753 923
256 485 996
40 367 624
216 403 629
507 712 726
69 622 814
504 575 808
64 313 338
593 708 764
1 496 742
285 368 644
204 666 835
17 590 863
281 538 655
391 769 881
11 219 717
287 763 844
623 689 937
407 713 724
504 565 617
356 457 728
335 899 958
21 533 693
161 259 436
272 504 742
47 546 756
248 475 718
22 179 911
422 581 666
324 480 727
197 427 797
315 490 849
453 791 959
125 190 363
32 181 255
130 230 416
196 577 929
42 105 862
476 528 534
385 770 987
355 907 919
155 801 871
33 296 826
132 568 866
457 520 586
572 579 621
36 448 542
198 820 848
466 848 893
211 395 832
139 650 736
909 966 967
165 380 400
521 568 692
627 744 809
102 223 912
202 318 348
57 160 217
38 98 673
67 721 846
65 72 241
452 553 804
179 393 805
289 842 978
554 610 998
325 375 516
390 615 736
79 483 574
746 771 977
247 404 993
130 482 640
105 632 872
65 334 474
23 491 663
225 991 995
75 790 971
288 608 680
49 591 606
239 501 999
282 371 569
294 691 1000
18 394 563
22 348 807
147 749 884
30 276 365
702 933 991
118 362 696
36 435 852
353 788 921
648 760 963
225 305 903
47 484 625
71 184 574
42 177 831
133 342 427
129 252 774
82 678 787
283 410 942
626 664 979
35 56 525
303 770 953
3 729 947
87 103 285
595 940 942
95 812 981
78 98 844
57 634 847
570 911 965
47 677 901
253 582 954
97 648 845
441 741 819
27 716 876
61 171 687
81 950 980
133 644 725
164 304 613
744 842 986
166 630 906
273 594 695
536 670 699
676 833 960
166 346 533
192 208 936
6 506 755
93 710 904
297 494 594
263 522 902
214 235 557
51 755 915
12 80 675
401 616 752
257 514 622
214 223 524
48 83 876
387 540 738
209 404 437
444 459 880
2 272 467
396 544 658
245 385 751
210 264 724
114 284 731
81 436 490
360 501 516
234 558 779
539 575 811
210 220 725
121 461 882
49 252 679
619 746 973
29 291 642
340 773 816
482 603 785
192 354 508
326 398 543
345 535 750
28 372 543
35 251 887
649 844 874
664 815 0
232 616 656
28 39 666
442 758 868
136 415 875
19 694 711
109 306 898
424 440 607
503 611 983
380 391 423
9 271 437
237 476 836
57 116 704
581 724 829
2 265 542
242 672 745
207 335 661
150 278 710
467 508 736
156 202 402
609 795 874
217 312 582
28 73 715
24 876 971
674 774 832
3 614 723
6 247 282
653 978 985
99 293 737
128 168 655
325 374 575
670 730 766
86 350 699
576 630 789
85 416 430
626 646 864
820 968 973
7 95 591
301 892 913
262 742 762
428 449 785
55 822 987
839 899 996
66 178 389
24 235 837
150 373 499
665 669 878
386 554 924
193 216 493
203 475 486
72 233 411
572 753 834
74 134 698
151 439 740
239 566 764
580 895 957
456 563 951
115 429 748
240 712 895
76 271 492
118 550 689
44 158 675
206 263 702
255 299 394
496 860 936
414 440 491
377 433 732
157 336 937
131 264 320
107 144 578
416 761 949
5 111 113
207 329 807
364 424 523
5 199 796
610 858 889
172 780 813
555 720 775
142 246 283
180 721 798
534 834 982
17 384 888
434 896 998
481 552 883
469 577 678
323 544 761
208 589 927
133 837 983
176 229 274
294 357 870
308 311 932
266 640 815
330 693 714
443 445 472
413 762 983
621 650 959
169 470 828
321 532 982
759 776 786
84 249 798
404 673 847
277 432 566
152 492 986
77 175 300
80 407 570
102 123 775
354 517 596
45 128 343
620 757 799
229 460 509
45 237 922
123 515 639
394 703 856
46 345 593
174 270 292
21 531 545
607 861 974
97 204 317
526 562 797
232 321 920
168 326 897
52 526 804
26 50 319
53 922 934
189 298 754
636 638 654
536 716 924
89 472 903
368 410 659
285 623 711
593 670 800
200 213 317
159 218 905
86 332 387
118 590 594
458 547 718
48 663 756
488 625 971
511 512 875
65 526 829
386 709 859
29 477 969
208 827 964
352 483 684
206 383 797
488 756 767
438 845 954
305 582 920
25 31 521
420 741 786
143 304 605
64 141 751
628 782 990
3 169 406
278 537 734
62 711 938
144 215 781
155 684 881
1 164 180
641 719 726
565 646 784
318 327 938
137 863 981
422 471 739
268 360 471
366 824 930
534 647 914
34 464 544
430 712 965
284 515 735
441 717 949
34 312 817
382 498 925
82 418 872
106 297 940
456 765 973
60 134 602
558 744 944
426 740 812
350 454 715
96 316 894
378 586 622
30 718 999
4 41 417
476 578 961
269 604 677
81 624 776
110 560 642
672 855 883
342 637 902
5 105 186
254 402 931
685 771 822
48 807 909
66 592 994
248 426 806
340 823 944
83 158 448
91 469 826
302 569 733
195 873 912
58 505 613
255 572 671
156 230 613
263 644 723
558 570 596
173 463 705
196 346 700
307 453 918
149 657 865
7 686 814
423 493 914
301 765 884
200 231 464
173 370 776
537 635 813
131 601 962
127 162 541
171 278 506
275 352 825
446 513 669
237 597 862
221 336 641
449 691 703
296 614 632
19 176 271
33 144 324
583 762 955
192 209 353
201 459 988
224 443 444
405 464 829
226 273 647
111 660 935
226 474 536
59 138 481
41 617 909
567 620 751
638 689 778
456 649 702
74 100 106
231 857 870
61 286 910
25 460 529
205 442 967
4 645 691
333 392 731
108 524 629
17 139 886
878 979 998
140 800 999
18 92 163
256 385 880
606 758 830
158 605 708
55 511 972
221 581 886
60 239 818
349 419 913
760 889 993
119 124 960
344 411 830
69 690 962
12 599 881
289 610 662
138 299 361
182 553 638
79 259 905
136 228 530
140 862 975
333 391 939
463 551 958
290 487 952
633 851 989
157 327 473
641 725 939
672 758 946
66 579 995
126 135 654
8 287 992
286 474 587
113 522 813
253 405 589
465 908 952
61 210 996
328 498 783
332 503 784
339 432 682
8 206 372
59 855 958
76 325 600
126 143 193
351 696 765
100 934 938
183 540 564
382 609 684
224 598 953
148 621 716
759 766 906
473 602 788
115 906 990
365 777 947
37 199 833
84 238 930
129 461 527
96 195 801
14 88 729
145 222 611
63 434 808
152 607 860
51 127 727
198 400 911
16 32 77
115 657 961
31 814 980
16 393 514
775 877 966
247 705 788
170 677 926
245 281 781
54 266 821
157 170 378
448 917 981
320 532 728
341 801 817
173 338 719
140 382 567
172 777 888
42 182 431
90 406 884
8 109 620
2 450 524
4 444 950
148 190 455
135 190 234
392 772 919
257 258 781
91 715 883
94 706 988
49 755 890
6 549 612
405 500 808
397 512 822
396 730 827
225 295 743
242 295 628
553 869 898
79 314 772
88 273 631
119 250 458
68 462 488
265 519 749
191 269 970
499 564 687
35 413 989
484 625 912
222 276 309
11 433 947
92 126 238
307 309 948
698 734 849
337 454 704
227 408 489
141 473 483
227 455 871
63 122 982
418 633 748
20 163 264
204 580 627
311 330 727
88 177 527
62 479 485
446 547 576
450 458 738
604 652 925
249 508 932
189 389 937
124 171 852
43 369 916
153 528 578
220 223 236
110 612 795
747 920 957
51 337 681
442 460 643
299 812 985
149 154 626
432 537 792
480 548 872
254 397 825
440 873 923
375 589 988
461 636 777
668 866 943
194 337 980
14 366 792
324 478 997
146 153 270
447 782 835
27 362 935
242 588 934
75 203 209
306 723 891
268 510 539
429 530 951
22 388 446
296 398 850
63 845 979
658 659 945
885 907 992
226 251 693
169 773 793
24 893 915
11 383 682
306 400 414
53 59 366
293 430 767
141 282 891
330 503 561
304 485 656
62 505 747
327 409 949
145 517 841
368 595 868
122 477 977
58 356 768
39 349 602
245 402 928
73 180 614
193 639 819
308 381 778
220 275 349
27 531 935
25 251 336
46 549 779
500 887 962
698 769 928
217 228 597
183 357 420
167 387 783
111 374 690
108 162 678
709 798 0
90 793 849
514 897 969
60 76 303
318 401 527
339 754 833
261 445 697
341 682 719
249 314 601
291 676 970
323 630 823
395 529 731
152 517 586
219 555 843
129 364 841
74 288 994
194 410 859
212 316 493
435 611 749
283 478 768
161 329 683
72 122 997
143 495 779
