2000 2000 100
347 348 -100
476 477 -100
1004 1005 -100
1111 1112 -100
910 911 -100
1324 1325 -100
1845 1846 -100
1863 1864 -100
810 811 -100
1333 1334 -100
1386 1387 -100
33 34 -100
837 838 -100
1357 1358 -100
176 177 -100
1358 1359 -100
338 339 -100
1653 1654 -100
726 727 -100
1271 1272 -100
223 224 -100
253 254 -100
1554 1555 -100
1996 1997 -100
1294 1295 -100
1807 1808 -100
1680 1681 -100
991 992 -100
1790 1791 -100
414 415 -100
1091 1092 -100
1267 1268 -100
1161 1162 -100
882 883 -100
1992 1993 -100
1584 1585 -100
958 959 -100
1613 1614 -100
101 102 -100
1957 1958 -100
1748 1749 -100
596 597 -100
1935 1936 -100
1487 1488 -100
568 569 -100
624 625 -100
195 196 -100
1068 1069 -100
1873 1874 -100
1240 1241 -100
69 70 -100
86 87 -100
222 223 -100
1334 1335 -100
1564 1565 -100
1062 1063 -100
473 474 -100
1123 1124 -100
277 278 -100
610 611 -100
950 951 -100
1259 1260 -100
1478 1479 -100
1356 1357 -100
62 63 -100
1094 1095 -100
931 932 -100
481 482 -100
1822 1823 -100
1610 1611 -100
1152 1153 -100
622 623 -100
1376 1377 -100
953 954 -100
399 400 -100
971 972 -100
1369 1370 -100
817 818 -100
190 191 -100
1918 1919 -100
1055 1056 -100
1640 1641 -100
1869 1870 -100
448 449 -100
1230 1231 -100
1753 1754 -100
548 549 -100
1461 1462 -100
768 769 -100
1423 1424 -100
924 925 -100
1063 1064 -100
701 702 -100
547 548 -100
1989 1990 -100
1263 1264 -100
352 353 -100
1856 1857 -100
1551 1552 -100
1340 1341 -100
1474 1475 -100
1662 1663 -100
1120 1121 -100
423 424 -100
925 926 -100
105 106 -100
628 629 -100
1002 1003 -100
201 202 -100
1058 1059 -100
771 772 -100
1504 1505 -100
77 78 -100
1214 1215 -100
1907 1908 -100
545 546 -100
1793 1794 -100
145 146 -100
1583 1584 -100
1998 1999 -100
1456 1457 -100
698 699 -100
1000 1001 -100
637 638 -100
1787 1788 -100
689 690 -100
20 21 -100
334 335 -100
208 209 -100
112 113 -100
1606 1607 -100
575 576 -100
820 821 -100
1544 1545 -100
1073 1074 -100
460 461 -100
506 507 -100
1501 1502 -100
892 893 -100
309 310 -100
1738 1739 -100
1301 1302 -100
679 680 -100
1625 1626 -100
1210 1211 -100
396 397 -100
1579 1580 -100
1532 1533 -100
1439 1440 -100
438 439 -100
1668 1669 -100
987 988 -100
1887 1888 -100
1312 1313 -100
741 742 -100
557 558 -100
1978 1979 -100
158 159 -100
104 105 -100
1232 1233 -100
1165 1166 -100
23 24 -100
1046 1047 -100
1135 1136 -100
1408 1409 -100
1908 1909 -100
146 147 -100
1278 1279 -100
1809 1810 -100
1910 1911 -100
251 252 -100
1780 1781 -100
1802 1803 -100
825 826 -100
1502 1503 -100
922 923 -100
1325 1326 -100
258 259 -100
915 916 -100
1001 1002 -100
503 504 -100
1195 1196 -100
809 810 -100
772 773 -100
1260 1261 -100
1751 1752 -100
439 440 -100
912 913 -100
1524 1525 -100
656 657 -100
271 272 -100
1415 1416 -100
1844 1845 -100
406 407 -100
1678 1679 -100
956 957 -100
666 667 -100
1581 1582 -100
1426 1427 -100
1042 1043 -100
1527 1528 -100
1019 1020 -100
1400 1401 -100
1006 1007 -100
1382 1383 -100
191 192 -100
612 613 -100
1871 1872 -100
196 197 -100
1491 1492 -100
306 307 -100
1391 1392 -100
1979 1980 -100
939 940 -100
1517 1518 -100
60 61 -100
1117 1118 -100
108 109 -100
151 152 -100
959 960 -100
760 761 -100
1773 1774 -100
1362 1363 -100
1242 1243 -100
95 96 -100
1425 1426 -100
512 513 -100
1565 1566 -100
390 391 -100
419 420 -100
546 547 -100
1646 1647 -100
1847 1848 -100
1192 1193 -100
374 375 -100
54 55 -100
1889 1890 -100
995 996 -100
1033 1034 -100
938 939 -100
1552 1553 -100
26 27 -100
1661 1662 -100
692 693 -100
1049 1050 -100
1826 1827 -100
570 571 -100
1286 1287 -100
501 502 -100
181 182 -100
1069 1070 -100
1729 1730 -100
1966 1967 -100
778 779 -100
1319 1320 -100
984 985 -100
1480 1481 -100
1081 1082 -100
1931 1932 -100
535 536 -100
1709 1710 -100
1499 1500 -100
500 501 -100
1288 1289 -100
1771 1772 -100
906 907 -100
1608 1609 -100
299 300 -100
921 922 -100
1706 1707 -100
1186 1187 -100
1007 1008 -100
877 878 -100
1796 1797 -100
1148 1149 -100
1104 1105 -100
957 958 -100
1075 1076 -100
1208 1209 -100
763 764 -100
934 935 -100
1854 1855 -100
674 675 -100
1755 1756 -100
866 867 -100
355 356 -100
365 366 -100
560 561 -100
1972 1973 -100
1481 1482 -100
1503 1504 -100
493 494 -100
1367 1368 -100
173 174 -100
314 315 -100
543 544 -100
270 271 -100
517 518 -100
155 156 -100
88 89 -100
1303 1304 -100
629 630 -100
1560 1561 -100
776 777 -100
791 792 -100
1014 1015 -100
1909 1910 -100
1623 1624 -100
585 586 -100
1243 1244 -100
1445 1446 -100
349 350 -100
408 409 -100
1515 1516 -100
491 492 -100
358 359 -100
486 487 -100
1222 1223 -100
874 875 -100
1745 1746 -100
869 870 -100
1372 1373 -100
1690 1691 -100
1071 1072 -100
635 636 -100
1466 1467 -100
561 562 -100
1438 1439 -100
1604 1605 -100
1879 1880 -100
1803 1804 -100
397 398 -100
755 756 -100
911 912 -100
166 167 -100
528 529 -100
748 749 -100
1530 1531 -100
945 946 -100
1655 1656 -100
488 489 -100
1360 1361 -100
1177 1178 -100
765 766 -100
1876 1877 -100
1860 1861 -100
1939 1940 -100
1577 1578 -100
657 658 -100
1337 1338 -100
1254 1255 -100
1492 1493 -100
1433 1434 -100
249 250 -100
102 103 -100
485 486 -100
909 910 -100
1388 1389 -100
1723 1724 -100
1651 1652 -100
1516 1517 -100
616 617 -100
1647 1648 -100
774 775 -100
1534 1535 -100
1656 1657 -100
574 575 -100
870 871 -100
1013 1014 -100
1469 1470 -100
992 993 -100
27 28 -100
230 231 -100
730 731 -100
198 199 -100
14 15 -100
1283 1284 -100
75 76 -100
867 868 -100
718 719 -100
1219 1220 -100
135 136 -100
1282 1283 -100
1650 1651 -100
1543 1544 -100
1083 1084 -100
677 678 -100
1900 1901 -100
456 457 -100
523 524 -100
857 858 -100
1390 1391 -100
1196 1197 -100
1539 1540 -100
292 293 -100
1181 1182 -100
170 171 -100
1710 1711 -100
67 68 -100
1888 1889 -100
1902 1903 -100
1490 1491 -100
621 622 -100
1183 1184 -100
392 393 -100
1592 1593 -100
1949 1950 -100
862 863 -100
1213 1214 -100
646 647 -100
127 128 -100
457 458 -100
370 371 -100
1536 1537 -100
46 47 -100
1156 1157 -100
109 110 -100
124 125 -100
1512 1513 -100
972 973 -100
12 13 -100
623 624 -100
1446 1447 -100
1848 1849 -100
1782 1783 -100
1994 1995 -100
1578 1579 -100
1065 1066 -100
1124 1125 -100
424 425 -100
1190 1191 -100
937 938 -100
798 799 -100
905 906 -100
215 216 -100
659 660 -100
133 134 -100
1840 1841 -100
296 297 -100
240 241 -100
319 320 -100
1403 1404 -100
1643 1644 -100
1759 1760 -100
55 56 -100
35 36 -100
1432 1433 -100
1457 1458 -100
304 305 -100
1421 1422 -100
416 417 -100
1677 1678 -100
536 537 -100
80 81 -100
1682 1683 -100
1374 1375 -100
463 464 -100
447 448 -100
990 991 -100
1045 1046 -100
308 309 -100
673 674 -100
74 75 -100
116 117 -100
1874 1875 -100
613 614 -100
1031 1032 -100
333 334 -100
255 256 -100
82 83 -100
1737 1738 -100
1306 1307 -100
373 374 -100
1673 1674 -100
422 423 -100
1302 1303 -100
1296 1297 -100
1629 1630 -100
122 123 -100
697 698 -100
1814 1815 -100
1885 1886 -100
1915 1916 -100
876 877 -100
733 734 -100
300 301 -100
1084 1085 -100
591 592 -100
421 422 -100
1185 1186 -100
793 794 -100
302 303 -100
1419 1420 -100
507 508 -100
364 365 -100
1479 1480 -100
16 17 -100
794 795 -100
267 268 -100
1493 1494 -100
254 255 -100
52 53 -100
1929 1930 -100
1838 1839 -100
1012 1013 -100
1850 1851 -100
907 908 -100
1248 1249 -100
294 295 -100
1335 1336 -100
1447 1448 -100
307 308 -100
40 41 -100
184 185 -100
1032 1033 -100
1082 1083 -100
143 144 -100
162 163 -100
1275 1276 -100
842 843 -100
1309 1310 -100
976 977 -100
153 154 -100
968 969 -100
668 669 -100
667 668 -100
1895 1896 -100
1849 1850 -100
1717 1718 -100
926 927 -100
1280 1281 -100
572 573 -100
37 38 -100
586 587 -100
604 605 -100
435 436 -100
534 535 -100
1217 1218 -100
206 207 -100
594 595 -100
369 370 -100
78 79 -100
328 329 -100
1769 1770 -100
521 522 -100
1896 1897 -100
1638 1639 -100
1085 1086 -100
1528 1529 -100
1098 1099 -100
662 663 -100
684 685 -100
1107 1108 -100
246 247 -100
420 421 -100
1916 1917 -100
236 237 -100
601 602 -100
380 381 -100
1351 1352 -100
1245 1246 -100
807 808 -100
1620 1621 -100
1605 1606 -100
658 659 -100
297 298 -100
1099 1100 -100
871 872 -100
1137 1138 -100
1113 1114 -100
847 848 -100
1700 1701 -100
981 982 -100
600 601 -100
1087 1088 -100
1126 1127 -100
1586 1587 -100
1619 1620 -100
860 861 -100
211 212 -100
941 942 -100
704 705 -100
1127 1128 -100
483 484 -100
269 270 -100
1728 1729 -100
442 443 -100
533 534 -100
824 825 -100
1475 1476 -100
721 722 -100
1921 1922 -100
669 670 -100
792 793 -100
1897 1898 -100
504 505 -100
1276 1277 -100
707 708 -100
879 880 -100
218 219 -100
947 948 -100
1368 1369 -100
814 815 -100
1102 1103 -100
652 653 -100
1506 1507 -100
1444 1445 -100
799 800 -100
1141 1142 -100
1641 1642 -100
943 944 -100
751 752 -100
125 126 -100
1520 1521 -100
1096 1097 -100
1053 1054 -100
1558 1559 -100
1811 1812 -100
1934 1935 -100
1720 1721 -100
886 887 -100
426 427 -100
1684 1685 -100
1220 1221 -100
455 456 -100
313 314 -100
1882 1883 -100
156 157 -100
1026 1027 -100
555 556 -100
129 130 -100
1857 1858 -100
1781 1782 -100
802 803 -100
1373 1374 -100
1976 1977 -100
1830 1831 -100
386 387 -100
1537 1538 -100
1778 1779 -100
1047 1048 -100
1394 1395 -100
182 183 -100
1865 1866 -100
1180 1181 -100
268 269 -100
433 434 -100
827 828 -100
2000 1999 2
142 143 -100
1472 1473 -100
1880 1881 -100
724 725 -100
1891 1892 -100
1587 1588 -100
1639 1640 -100
1567 1568 -100
402 403 -100
1072 1073 -100
293 294 -100
1548 1549 -100
290 291 -100
782 783 -100
683 684 -100
362 363 -100
1762 1763 -100
502 503 -100
359 360 -100
103 104 -100
194 195 -100
1409 1410 -100
653 654 -100
665 666 -100
1485 1486 -100
1268 1269 -100
325 326 -100
1462 1463 -100
179 180 -100
1436 1437 -100
948 949 -100
1549 1550 -100
740 741 -100
1328 1329 -100
998 999 -100
716 717 -100
131 132 -100
1783 1784 -100
1727 1728 -100
592 593 -100
1307 1308 -100
1872 1873 -100
5 6 -100
758 759 -100
834 835 -100
1187 1188 -100
1496 1497 -100
1393 1394 -100
1626 1627 -100
1964 1965 -100
1722 1723 -100
816 817 -100
878 879 -100
1933 1934 -100
360 361 -100
750 751 -100
1808 1809 -100
1407 1408 -100
187 188 -100
1785 1786 -100
1103 1104 -100
140 141 -100
1937 1938 -100
815 816 -100
1505 1506 -100
631 632 -100
1489 1490 -100
311 312 -100
1251 1252 -100
1825 1826 -100
234 235 -100
134 135 -100
1153 1154 -100
1749 1750 -100
605 606 -100
1693 1694 -100
163 164 -100
1824 1825 -100
285 286 -100
203 204 -100
1172 1173 -100
626 627 -100
1035 1036 -100
132 133 -100
1835 1836 -100
1285 1286 -100
1076 1077 -100
1508 1509 -100
1522 1523 -100
98 99 -100
1140 1141 -100
21 22 -100
241 242 -100
578 579 -100
99 100 -100
819 820 -100
1009 1010 -100
1149 1150 -100
1799 1800 -100
676 677 -100
18 19 -100
1631 1632 -100
94 95 -100
852 853 -100
1297 1298 -100
1417 1418 -100
92 93 -100
1541 1542 -100
1471 1472 -100
384 385 -100
1336 1337 -100
1039 1040 -100
1097 1098 -100
1672 1673 -100
449 450 -100
573 574 -100
1484 1485 -100
630 631 -100
273 274 -100
164 165 -100
1562 1563 -100
61 62 -100
1212 1213 -100
1945 1946 -100
875 876 -100
1377 1378 -100
717 718 -100
1713 1714 -100
690 691 -100
1406 1407 -100
1188 1189 -100
1256 1257 -100
706 707 -100
873 874 -100
514 515 -100
257 258 -100
993 994 -100
470 471 -100
1468 1469 -100
1229 1230 -100
619 620 -100
1292 1293 -100
197 198 -100
883 884 -100
1027 1028 -100
749 750 -100
1235 1236 -100
417 418 -100
1699 1700 -100
207 208 -100
1347 1348 -100
1500 1501 -100
400 401 -100
1525 1526 -100
1801 1802 -100
1648 1649 -100
554 555 -100
1458 1459 -100
1133 1134 -100
928 929 -100
1919 1920 -100
1118 1119 -100
864 865 -100
186 187 -100
709 710 -100
210 211 -100
1747 1748 -100
1392 1393 -100
1018 1019 -100
1178 1179 -100
1820 1821 -100
722 723 -100
839 840 -100
861 862 -100
1550 1551 -100
1396 1397 -100
1495 1496 -100
1859 1860 -100
919 920 -100
330 331 -100
150 151 -100
649 650 -100
1846 1847 -100
346 347 -100
1249 1250 -100
1437 1438 -100
467 468 -100
1236 1237 -100
602 603 -100
1279 1280 -100
1798 1799 -100
262 263 -100
1901 1902 -100
1671 1672 -100
1203 1204 -100
391 392 -100
1119 1120 -100
243 244 -100
401 402 -100
440 441 -100
1649 1650 -100
979 980 -100
644 645 -100
1430 1431 -100
582 583 -100
441 442 -100
336 337 -100
1008 1009 -100
323 324 -100
453 454 -100
627 628 -100
1946 1947 -100
687 688 -100
887 888 -100
1615 1616 -100
639 640 -100
1841 1842 -100
725 726 -100
1959 1960 -100
219 220 -100
496 497 -100
595 596 -100
702 703 -100
1914 1915 -100
713 714 -100
395 396 -100
854 855 -100
169 170 -100
675 676 -100
539 540 -100
1507 1508 -100
757 758 -100
1022 1023 -100
1413 1414 -100
1342 1343 -100
1134 1135 -100
804 805 -100
846 847 -100
1304 1305 -100
823 824 -100
1163 1164 -100
1128 1129 -100
1913 1914 -100
761 762 -100
1784 1785 -100
1164 1165 -100
671 672 -100
242 243 -100
1614 1615 -100
1339 1340 -100
831 832 -100
1559 1560 -100
1215 1216 -100
775 776 -100
1862 1863 -100
1227 1228 -100
1207 1208 -100
350 351 -100
185 186 -100
1938 1939 -100
41 42 -100
368 369 -100
584 585 -100
42 43 -100
1316 1317 -100
1021 1022 -100
1971 1972 -100
25 26 -100
1125 1126 -100
250 251 -100
634 635 -100
785 786 -100
446 447 -100
377 378 -100
114 115 -100
487 488 -100
79 80 -100
1545 1546 -100
1455 1456 -100
8 9 -100
942 943 -100
1975 1976 -100
1955 1956 -100
1291 1292 -100
1531 1532 -100
966 967 -100
743 744 -100
39 40 -100
515 516 -100
989 990 -100
238 239 -100
354 355 -100
525 526 -100
1941 1942 -100
1774 1775 -100
1999 2000 -1
1942 1943 -100
762 763 -100
1345 1346 -100
1494 1495 -100
606 607 -100
1375 1376 -100
1812 1813 -100
745 746 -100
1448 1449 -100
682 683 -100
361 362 -100
1116 1117 -100
964 965 -100
1556 1557 -100
537 538 -100
70 71 -100
681 682 -100
119 120 -100
579 580 -100
661 662 -100
1538 1539 -100
36 37 -100
1231 1232 -100
147 148 -100
73 74 -100
901 902 -100
152 153 -100
321 322 -100
524 525 -100
896 897 -100
849 850 -100
1968 1969 -100
660 661 -100
148 149 -100
225 226 -100
929 930 -100
1607 1608 -100
1974 1975 -100
1805 1806 -100
1224 1225 -100
492 493 -100
556 557 -100
1987 1988 -100
1315 1316 -100
393 394 -100
1467 1468 -100
1758 1759 -100
1757 1758 -100
87 88 -100
1981 1982 -100
1034 1035 -100
1176 1177 -100
1341 1342 -100
1851 1852 -100
340 341 -100
1171 1172 -100
1950 1951 -100
213 214 -100
1265 1266 -100
89 90 -100
1109 1110 -100
770 771 -100
1477 1478 -100
339 340 -100
149 150 -100
1314 1315 -100
332 333 -100
1947 1948 -100
759 760 -100
7 8 -100
1355 1356 -100
977 978 -100
118 119 -100
961 962 -100
1211 1212 -100
1454 1455 -100
1182 1183 -100
1657 1658 -100
1628 1629 -100
317 318 -100
583 584 -100
1621 1622 -100
144 145 -100
1300 1301 -100
1535 1536 -100
826 827 -100
434 435 -100
518 519 -100
1600 1601 -100
1837 1838 -100
962 963 -100
1348 1349 -100
1252 1253 -100
1511 1512 -100
261 262 -100
1574 1575 -100
913 914 -100
113 114 -100
1086 1087 -100
1756 1757 -100
1199 1200 -100
272 273 -100
1777 1778 -100
1593 1594 -100
57 58 -100
1561 1562 -100
429 430 -100
1322 1323 -100
1311 1312 -100
803 804 -100
1106 1107 -100
1168 1169 -100
1326 1327 -100
1261 1262 -100
1739 1740 -100
1238 1239 -100
836 837 -100
1412 1413 -100
1894 1895 -100
31 32 -100
84 85 -100
1330 1331 -100
1398 1399 -100
1665 1666 -100
729 730 -100
227 228 -100
566 567 -100
538 539 -100
1546 1547 -100
205 206 -100
603 604 -100
1903 1904 -100
381 382 -100
229 230 -100
231 232 -100
259 260 -100
1105 1106 -100
1988 1989 -100
1674 1675 -100
918 919 -100
1881 1882 -100
1162 1163 -100
1476 1477 -100
221 222 -100
1920 1921 -100
1154 1155 -100
1983 1984 -100
553 554 -100
678 679 -100
1984 1985 -100
1622 1623 -100
562 563 -100
648 649 -100
283 284 -100
1591 1592 -100
126 127 -100
388 389 -100
1184 1185 -100
1138 1139 -100
1752 1753 -100
175 176 -100
1346 1347 -100
278 279 -100
1332 1333 -100
894 895 -100
111 112 -100
6 7 -100
1719 1720 -100
835 836 -100
1733 1734 -100
1269 1270 -100
1597 1598 -100
367 368 -100
378 379 -100
654 655 -100
404 405 -100
1465 1466 -100
428 429 -100
723 724 -100
1688 1689 -100
1166 1167 -100
30 31 -100
353 354 -100
51 52 -100
1429 1430 -100
1810 1811 -100
1510 1511 -100
1853 1854 -100
744 745 -100
1281 1282 -100
805 806 -100
484 485 -100
636 637 -100
1170 1171 -100
43 44 -100
34 35 -100
1855 1856 -100
549 550 -100
739 740 -100
356 357 -100
379 380 -100
1173 1174 -100
3 4 -100
526 527 -100
1234 1235 -100
1365 1366 -100
38 39 -100
1911 1912 -100
940 941 -100
527 528 -100
398 399 -100
107 108 -100
1079 1080 -100
935 936 -100
1189 1190 -100
888 889 -100
531 532 -100
700 701 -100
975 976 -100
1037 1038 -100
1089 1090 -100
1970 1971 -100
288 289 -100
1206 1207 -100
343 344 -100
1054 1055 -100
1948 1949 -100
444 445 -100
1277 1278 -100
387 388 -100
482 483 -100
1157 1158 -100
611 612 -100
1198 1199 -100
1821 1822 -100
1226 1227 -100
780 781 -100
715 716 -100
1410 1411 -100
607 608 -100
974 975 -100
286 287 -100
902 903 -100
618 619 -100
970 971 -100
1875 1876 -100
813 814 -100
1732 1733 -100
1449 1450 -100
1331 1332 -100
1440 1441 -100
1310 1311 -100
1028 1029 -100
609 610 -100
752 753 -100
734 735 -100
720 721 -100
303 304 -100
28 29 -100
593 594 -100
1044 1045 -100
1696 1697 -100
1603 1604 -100
1928 1929 -100
1635 1636 -100
1526 1527 -100
1048 1049 -100
1951 1952 -100
93 94 -100
430 431 -100
497 498 -100
1991 1992 -100
1612 1613 -100
1327 1328 -100
1575 1576 -100
812 813 -100
708 709 -100
1509 1510 -100
565 566 -100
923 924 -100
811 812 -100
1555 1556 -100
22 23 -100
1731 1732 -100
24 25 -100
1329 1330 -100
177 178 -100
260 261 -100
1689 1690 -100
1540 1541 -100
1078 1079 -100
1093 1094 -100
789 790 -100
436 437 -100
795 796 -100
1652 1653 -100
1711 1712 -100
1823 1824 -100
844 845 -100
1834 1835 -100
410 411 -100
944 945 -100
1513 1514 -100
614 615 -100
1725 1726 -100
1435 1436 -100
1977 1978 -100
1191 1192 -100
1290 1291 -100
1670 1671 -100
1794 1795 -100
322 323 -100
855 856 -100
1772 1773 -100
372 373 -100
56 57 -100
1115 1116 -100
513 514 -100
1986 1987 -100
382 383 -100
1839 1840 -100
617 618 -100
454 455 -100
310 311 -100
511 512 -100
415 416 -100
732 733 -100
1074 1075 -100
337 338 -100
120 121 -100
1817 1818 -100
1761 1762 -100
828 829 -100
550 551 -100
577 578 -100
1024 1025 -100
505 506 -100
1519 1520 -100
1666 1667 -100
848 849 -100
1077 1078 -100
742 743 -100
1488 1489 -100
897 898 -100
1371 1372 -100
375 376 -100
202 203 -100
1363 1364 -100
167 168 -100
489 490 -100
63 64 -100
786 787 -100
1630 1631 -100
474 475 -100
106 107 -100
1542 1543 -100
348 349 -100
767 768 -100
868 869 -100
1343 1344 -100
1893 1894 -100
1497 1498 -100
1092 1093 -100
641 642 -100
1995 1996 -100
462 463 -100
1193 1194 -100
576 577 -100
858 859 -100
1956 1957 -100
115 116 -100
1223 1224 -100
532 533 -100
287 288 -100
1701 1702 -100
510 511 -100
1760 1761 -100
589 590 -100
1660 1661 -100
1765 1766 -100
642 643 -100
157 158 -100
1378 1379 -100
1308 1309 -100
1741 1742 -100
47 48 -100
65 66 -100
588 589 -100
895 896 -100
1287 1288 -100
1632 1633 -100
1899 1900 -100
357 358 -100
664 665 -100
949 950 -100
1533 1534 -100
165 166 -100
1611 1612 -100
1969 1970 -100
1090 1091 -100
1030 1031 -100
850 851 -100
1459 1460 -100
920 921 -100
710 711 -100
1136 1137 -100
1051 1052 -100
1383 1384 -100
564 565 -100
341 342 -100
235 236 -100
599 600 -100
1416 1417 -100
1253 1254 -100
174 175 -100
72 73 -100
663 664 -100
632 633 -100
1585 1586 -100
1353 1354 -100
171 172 -100
1714 1715 -100
1441 1442 -100
1864 1865 -100
567 568 -100
1658 1659 -100
643 644 -100
1473 1474 -100
443 444 -100
412 413 -100
1121 1122 -100
1380 1381 -100
1932 1933 -100
324 325 -100
714 715 -100
900 901 -100
1917 1918 -100
1675 1676 -100
1776 1777 -100
472 473 -100
1529 1530 -100
1721 1722 -100
445 446 -100
1143 1144 -100
199 200 -100
1870 1871 -100
458 459 -100
1726 1727 -100
71 72 -100
1452 1453 -100
263 264 -100
1201 1202 -100
154 155 -100
1636 1637 -100
214 215 -100
1571 1572 -100
1692 1693 -100
139 140 -100
856 857 -100
1150 1151 -100
1257 1258 -100
204 205 -100
1428 1429 -100
282 283 -100
680 681 -100
529 530 -100
1424 1425 -100
45 46 -100
1015 1016 -100
331 332 -100
29 30 -100
1131 1132 -100
1056 1057 -100
694 695 -100
123 124 -100
1422 1423 -100
1110 1111 -100
389 390 -100
1305 1306 -100
1708 1709 -100
1954 1955 -100
598 599 -100
1795 1796 -100
237 238 -100
1827 1828 -100
542 543 -100
558 559 -100
1289 1290 -100
66 67 -100
508 509 -100
881 882 -100
244 245 -100
64 65 -100
1685 1686 -100
274 275 -100
1361 1362 -100
1244 1245 -100
890 891 -100
1736 1737 -100
1687 1688 -100
790 791 -100
1676 1677 -100
891 892 -100
982 983 -100
1080 1081 -100
130 131 -100
994 995 -100
1155 1156 -100
1997 1998 -100
1284 1285 -100
647 648 -100
1609 1610 -100
91 92 -100
183 184 -100
1961 1962 -100
1209 1210 -100
1627 1628 -100
1659 1660 -100
1940 1941 -100
1786 1787 -100
1973 1974 -100
450 451 -100
571 572 -100
1642 1643 -100
1216 1217 -100
1866 1867 -100
530 531 -100
954 955 -100
315 316 -100
1702 1703 -100
1050 1051 -100
1944 1945 -100
1744 1745 -100
1258 1259 -100
490 491 -100
48 49 -100
172 173 -100
640 641 -100
1624 1625 -100
1264 1265 -100
859 860 -100
418 419 -100
32 33 -100
1010 1011 -100
1734 1735 -100
1715 1716 -100
136 137 -100
1101 1102 -100
1114 1115 -100
779 780 -100
633 634 -100
1003 1004 -100
1317 1318 -100
1088 1089 -100
280 281 -100
1370 1371 -100
9 10 -100
1576 1577 -100
432 433 -100
1730 1731 -100
1868 1869 -100
1167 1168 -100
1200 1201 -100
845 846 -100
1617 1618 -100
1679 1680 -100
832 833 -100
1960 1961 -100
96 97 -100
1443 1444 -100
754 755 -100
1712 1713 -100
1922 1923 -100
1450 1451 -100
951 952 -100
1764 1765 -100
320 321 -100
233 234 -100
451 452 -100
301 302 -100
138 139 -100
1602 1603 -100
1563 1564 -100
1806 1807 -100
899 900 -100
1594 1595 -100
1965 1966 -100
1470 1471 -100
731 732 -100
1142 1143 -100
764 765 -100
335 336 -100
1596 1597 -100
1404 1405 -100
1573 1574 -100
1791 1792 -100
1399 1400 -100
587 588 -100
1299 1300 -100
1323 1324 -100
872 873 -100
1057 1058 -100
224 225 -100
1618 1619 -100
1967 1968 -100
1634 1635 -100
1250 1251 -100
1381 1382 -100
908 909 -100
1637 1638 -100
1958 1959 -100
128 129 -100
1742 1743 -100
2 3 -100
403 404 -100
1498 1499 -100
1906 1907 -100
651 652 -100
1237 1238 -100
999 1000 -100
498 499 -100
1883 1884 -100
1953 1954 -100
1225 1226 -100
437 438 -100
1169 1170 -100
1359 1360 -100
1011 1012 -100
1818 1819 -100
1411 1412 -100
1298 1299 -100
312 313 -100
889 890 -100
1705 1706 -100
1218 1219 -100
1460 1461 -100
1112 1113 -100
1064 1065 -100
376 377 -100
672 673 -100
1483 1484 -100
1982 1983 -100
1067 1068 -100
1397 1398 -100
1557 1558 -100
695 696 -100
1735 1736 -100
97 98 -100
801 802 -100
344 345 -100
394 395 -100
1017 1018 -100
843 844 -100
1616 1617 -100
1389 1390 -100
800 801 -100
960 961 -100
1569 1570 -100
329 330 -100
1274 1275 -100
685 686 -100
76 77 -100
1867 1868 -100
318 319 -100
121 122 -100
252 253 -100
1379 1380 -100
1293 1294 -100
1892 1893 -100
615 616 -100
385 386 -100
180 181 -100
1402 1403 -100
1070 1071 -100
305 306 -100
1228 1229 -100
996 997 -100
1338 1339 -100
738 739 -100
581 582 -100
903 904 -100
468 469 -100
1898 1899 -100
1667 1668 -100
978 979 -100
519 520 -100
494 495 -100
880 881 -100
459 460 -100
1797 1798 -100
1645 1646 -100
1566 1567 -100
1943 1944 -100
1132 1133 -100
13 14 -100
1482 1483 -100
916 917 -100
49 50 -100
841 842 -100
1588 1589 -100
985 986 -100
719 720 -100
509 510 -100
1698 1699 -100
1743 1744 -100
688 689 -100
1036 1037 -100
1952 1953 -100
161 162 -100
773 774 -100
522 523 -100
853 854 -100
264 265 -100
696 697 -100
1122 1123 -100
932 933 -100
1750 1751 -100
963 964 -100
917 918 -100
1852 1853 -100
256 257 -100
1716 1717 -100
1420 1421 -100
217 218 -100
1147 1148 -100
247 248 -100
1819 1820 -100
1980 1981 -100
863 864 -100
413 414 -100
655 656 -100
1832 1833 -100
1174 1175 -100
425 426 -100
777 778 -100
279 280 -100
1350 1351 -100
1582 1583 -100
1272 1273 -100
291 292 -100
1418 1419 -100
50 51 -100
559 560 -100
1691 1692 -100
1831 1832 -100
212 213 -100
516 517 -100
1767 1768 -100
1059 1060 -100
1221 1222 -100
276 277 -100
1313 1314 -100
930 931 -100
1387 1388 -100
691 692 -100
1694 1695 -100
1843 1844 -100
1442 1443 -100
711 712 -100
1194 1195 -100
59 60 -100
552 553 -100
1262 1263 -100
85 86 -100
1568 1569 -100
1842 1843 -100
431 432 -100
893 894 -100
1 2 -100
1654 1655 -100
973 974 -100
783 784 -100
1724 1725 -100
1861 1862 -100
480 481 -100
363 364 -100
1100 1101 -100
137 138 -100
851 852 -100
1273 1274 -100
1066 1067 -100
1768 1769 -100
405 406 -100
955 956 -100
1518 1519 -100
168 169 -100
1836 1837 -100
1241 1242 -100
1239 1240 -100
1683 1684 -100
239 240 -100
266 267 -100
10 11 -100
1095 1096 -100
784 785 -100
17 18 -100
90 91 -100
479 480 -100
58 59 -100
746 747 -100
1431 1432 -100
1633 1634 -100
1924 1925 -100
232 233 -100
366 367 -100
670 671 -100
1486 1487 -100
411 412 -100
540 541 -100
192 193 -100
833 834 -100
83 84 -100
1580 1581 -100
1179 1180 -100
100 101 -100
884 885 -100
1681 1682 -100
466 467 -100
1927 1928 -100
650 651 -100
967 968 -100
1905 1906 -100
4 5 -100
1963 1964 -100
1061 1062 -100
645 646 -100
477 478 -100
1993 1994 -100
1858 1859 -100
1029 1030 -100
818 819 -100
1384 1385 -100
452 453 -100
1266 1267 -100
1697 1698 -100
1159 1160 -100
946 947 -100
1052 1053 -100
952 953 -100
797 798 -100
787 788 -100
1395 1396 -100
226 227 -100
1816 1817 -100
1023 1024 -100
693 694 -100
383 384 -100
1523 1524 -100
499 500 -100
705 706 -100
316 317 -100
914 915 -100
248 249 -100
597 598 -100
1936 1937 -100
216 217 -100
1775 1776 -100
1828 1829 -100
1464 1465 -100
1570 1571 -100
1572 1573 -100
821 822 -100
1829 1830 -100
569 570 -100
885 886 -100
735 736 -100
1295 1296 -100
766 767 -100
1453 1454 -100
1344 1345 -100
1990 1991 -100
965 966 -100
1779 1780 -100
1025 1026 -100
728 729 -100
822 823 -100
245 246 -100
1595 1596 -100
1703 1704 -100
265 266 -100
1255 1256 -100
788 789 -100
580 581 -100
736 737 -100
1601 1602 -100
1804 1805 -100
1352 1353 -100
986 987 -100
1590 1591 -100
1521 1522 -100
409 410 -100
590 591 -100
475 476 -100
298 299 -100
1553 1554 -100
1763 1764 -100
781 782 -100
753 754 -100
1514 1515 -100
464 465 -100
865 866 -100
1175 1176 -100
625 626 -100
159 160 -100
188 189 -100
699 700 -100
1043 1044 -100
727 728 -100
1016 1017 -100
19 20 -100
461 462 -100
563 564 -100
638 639 -100
1718 1719 -100
1020 1021 -100
465 466 -100
495 496 -100
11 12 -100
1405 1406 -100
200 201 -100
1788 1789 -100
703 704 -100
1598 1599 -100
1792 1793 -100
712 713 -100
1146 1147 -100
1926 1927 -100
220 221 -100
1414 1415 -100
1463 1464 -100
1930 1931 -100
1233 1234 -100
1547 1548 -100
1434 1435 -100
1144 1145 -100
829 830 -100
1766 1767 -100
68 69 -100
15 16 -100
407 408 -100
1145 1146 -100
1202 1203 -100
281 282 -100
1364 1365 -100
1686 1687 -100
117 118 -100
1770 1771 -100
1349 1350 -100
284 285 -100
193 194 -100
1663 1664 -100
737 738 -100
289 290 -100
608 609 -100
228 229 -100
1669 1670 -100
1923 1924 -100
988 989 -100
1925 1926 -100
189 190 -100
1139 1140 -100
840 841 -100
1160 1161 -100
806 807 -100
980 981 -100
1912 1913 -100
141 142 -100
936 937 -100
295 296 -100
1878 1879 -100
1704 1705 -100
1247 1248 -100
1746 1747 -100
620 621 -100
327 328 -100
747 748 -100
1108 1109 -100
471 472 -100
371 372 -100
544 545 -100
969 970 -100
808 809 -100
1321 1322 -100
1129 1130 -100
1005 1006 -100
1040 1041 -100
1707 1708 -100
551 552 -100
209 210 -100
1270 1271 -100
983 984 -100
81 82 -100
933 934 -100
1789 1790 -100
1038 1039 -100
478 479 -100
686 687 -100
1962 1963 -100
1205 1206 -100
1320 1321 -100
178 179 -100
1644 1645 -100
1904 1905 -100
769 770 -100
1877 1878 -100
110 111 -100
1158 1159 -100
904 905 -100
1813 1814 -100
351 352 -100
796 797 -100
1884 1885 -100
275 276 -100
1204 1205 -100
44 45 -100
541 542 -100
830 831 -100
1401 1402 -100
1451 1452 -100
898 899 -100
427 428 -100
1354 1355 -100
1246 1247 -100
838 839 -100
1060 1061 -100
1800 1801 -100
342 343 -100
1740 1741 -100
1318 1319 -100
1985 1986 -100
53 54 -100
345 346 -100
1815 1816 -100
1886 1887 -100
1041 1042 -100
1754 1755 -100
1599 1600 -100
160 161 -100
1833 1834 -100
1695 1696 -100
1130 1131 -100
1151 1152 -100
326 327 -100
1890 1891 -100
469 470 -100
1589 1590 -100
1664 1665 -100
997 998 -100
1366 1367 -100
520 521 -100
1427 1428 -100
1197 1198 -100
756 757 -100
927 928 -100
1385 1386 -100
