2000 2000 100
1926 1927 0
446 447 -100
296 297 -100
761 762 -100
1880 1881 0
1568 1569 0
223 224 -100
1334 1335 0
1492 1493 0
1411 1412 0
1237 1238 0
759 760 -100
260 261 -100
495 496 -100
1663 1664 0
1111 1112 0
127 128 -100
1606 1607 0
1466 1467 0
1745 1746 0
1549 1550 0
115 116 -100
76 77 -100
1436 1437 0
251 252 -100
1199 1200 0
832 833 -100
1503 1504 0
511 512 -100
402 403 -100
1813 1814 0
961 962 -100
508 509 -100
543 544 -100
838 839 -100
1311 1312 0
593 594 -100
1833 1834 0
1722 1723 0
1240 1241 0
544 545 -100
1143 1144 0
866 867 -100
1930 1931 0
1609 1610 0
1007 1008 0
26 27 -100
867 868 -100
1308 1309 0
150 151 -100
1997 1998 0
962 963 -100
1227 1228 0
1043 1044 0
354 355 -100
1017 1018 0
1486 1487 0
1498 1499 0
462 463 -100
428 429 -100
1109 1110 0
738 739 -100
102 103 -100
1682 1683 0
1806 1807 0
981 982 -100
123 124 -100
1900 1901 0
1470 1471 0
314 315 -100
582 583 -100
400 401 -100
1078 1079 0
413 414 -100
1674 1675 0
1928 1929 0
725 726 -100
791 792 -100
408 409 -100
767 768 -100
874 875 -100
1934 1935 0
556 557 -100
1059 1060 0
794 795 -100
1744 1745 0
1485 1486 0
1277 1278 0
342 343 -100
492 493 -100
855 856 -100
1643 1644 0
590 591 -100
1847 1848 0
669 670 -100
1771 1772 0
848 849 -100
1657 1658 0
1798 1799 0
1743 1744 0
774 775 -100
1646 1647 0
255 256 -100
864 865 -100
1543 1544 0
374 375 -100
1366 1367 0
1969 1970 0
924 925 -100
429 430 -100
1899 1900 0
64 65 -100
732 733 -100
1718 1719 0
816 817 -100
1204 1205 0
823 824 -100
500 501 -100
280 281 -100
954 955 -100
1362 1363 0
1131 1132 0
1918 1919 0
155 156 -100
989 990 -100
1875 1876 0
1183 1184 0
1198 1199 0
373 374 -100
1437 1438 0
448 449 -100
1691 1692 0
1224 1225 0
1874 1875 0
1073 1074 0
1259 1260 0
44 45 -100
1690 1691 0
1041 1042 0
36 37 -100
997 998 -100
1400 1401 0
87 88 -100
990 991 -100
1148 1149 0
1091 1092 0
1583 1584 0
1251 1252 0
1213 1214 0
312 313 -100
540 541 -100
944 945 -100
995 996 -100
37 38 -100
523 524 -100
1088 1089 0
83 84 -100
1201 1202 0
1369 1370 0
985 986 -100
1943 1944 0
283 284 -100
1619 1620 0
853 854 -100
638 639 -100
1322 1323 0
751 752 -100
361 362 -100
375 376 -100
211 212 -100
999 2000 -100
627 628 -100
1371 1372 0
220 221 -100
813 814 -100
599 600 -100
453 454 -100
562 563 -100
140 141 -100
916 917 -100
1378 1379 0
1826 1827 0
501 502 -100
1894 1895 0
1496 1497 0
442 443 -100
476 477 -100
1412 1413 0
1061 1062 0
1192 1193 0
1548 1549 0
156 157 -100
765 766 -100
1077 1078 0
915 916 -100
1912 1913 0
1220 1221 0
279 280 -100
143 144 -100
1155 1156 0
378 379 -100
958 959 -100
1151 1152 0
667 668 -100
1757 1758 0
1779 1780 0
1186 1187 0
705 706 -100
520 521 -100
1081 1082 0
1269 1270 0
1191 1192 0
988 989 -100
516 517 -100
1021 1022 0
1025 1026 0
1819 1820 0
1534 1535 0
960 961 -100
33 34 -100
534 535 -100
1607 1608 0
425 426 -100
943 944 -100
452 453 -100
1708 1709 0
224 225 -100
1090 1091 0
601 602 -100
1987 1988 0
1314 1315 0
734 735 -100
1231 1232 0
1901 1902 0
1380 1381 0
1407 1408 0
1212 1213 0
426 427 -100
1232 1233 0
1803 1804 0
1889 1890 0
1783 1784 0
1700 1701 0
1974 1975 0
1794 1795 0
1989 1990 0
398 399 -100
213 214 -100
1216 1217 0
740 741 -100
499 500 -100
703 704 -100
242 243 -100
484 485 -100
1253 1254 0
583 584 -100
1477 1478 0
1729 1730 0
1376 1377 0
1810 1811 0
677 678 -100
969 970 -100
329 330 -100
73 74 -100
1947 1948 0
1180 1181 0
1040 1041 0
573 574 -100
881 882 -100
810 811 -100
241 242 -100
1265 1266 0
975 976 -100
1338 1339 0
467 468 -100
551 552 -100
1341 1342 0
69 70 -100
903 904 -100
1577 1578 0
1522 1523 0
839 840 -100
711 712 -100
920 921 -100
8 9 -100
1797 1798 0
1325 1326 0
1080 1081 0
71 72 -100
1855 1856 0
655 656 -100
1721 1722 0
1226 1227 0
1255 1256 0
790 791 -100
1741 1742 0
1490 1491 0
469 470 -100
235 236 -100
418 419 -100
372 373 -100
871 872 -100
1125 1126 0
485 486 -100
592 593 -100
1359 1360 0
1774 1775 0
936 937 -100
63 64 -100
1645 1646 0
708 709 -100
1789 1790 0
159 160 -100
1247 1248 0
208 209 -100
1629 1630 0
522 523 -100
1117 1118 0
1730 1731 0
1840 1841 0
324 325 -100
742 743 -100
1020 1021 0
589 590 -100
539 540 -100
1071 1072 0
1433 1434 0
964 965 -100
819 820 -100
1852 1853 0
976 977 -100
1507 1508 0
859 860 -100
656 657 -100
1176 1177 0
473 474 -100
1712 1713 0
1809 1810 0
1 2 -100
126 127 -100
875 876 -100
338 339 -100
825 826 -100
305 306 -100
1995 1996 0
380 381 -100
1572 1573 0
103 104 -100
873 874 -100
1598 1599 0
1121 1122 0
521 522 -100
340 341 -100
138 139 -100
640 641 -100
1998 1999 0
42 43 -100
1329 1330 0
935 936 -100
1638 1639 0
872 873 -100
531 532 -100
1510 1511 0
1735 1736 0
441 442 -100
215 216 -100
1739 1740 0
1252 1253 0
591 592 -100
1547 1548 0
1791 1792 0
1973 1974 0
1956 1957 0
1680 1681 0
1558 1559 0
50 51 -100
968 969 -100
1742 1743 0
1384 1385 0
721 722 -100
505 506 -100
483 484 -100
1421 1422 0
259 260 -100
1512 1513 0
917 918 -100
1246 1247 0
481 482 -100
666 667 -100
682 683 -100
1653 1654 0
932 933 -100
454 455 -100
569 570 -100
210 211 -100
34 35 -100
1327 1328 0
1315 1316 0
1462 1463 0
1234 1235 0
904 905 -100
1848 1849 0
1465 1466 0
1290 1291 0
636 637 -100
507 508 -100
189 190 -100
1825 1826 0
1281 1282 0
491 492 -100
1083 1084 0
392 393 -100
434 435 -100
1622 1623 0
1274 1275 0
148 149 -100
190 191 -100
432 433 -100
949 950 -100
1985 1986 0
1953 1954 0
1557 1558 0
78 79 -100
1972 1973 0
41 42 -100
1166 1167 0
1388 1389 0
1280 1281 0
1195 1196 0
407 408 -100
482 483 -100
487 488 -100
893 894 -100
1971 1972 0
1726 1727 0
1430 1431 0
1429 1430 0
1168 1169 0
1716 1717 0
1178 1179 0
1950 1951 0
1163 1164 0
695 696 -100
1130 1131 0
118 119 -100
1723 1724 0
1197 1198 0
175 176 -100
1582 1583 0
1340 1341 0
1046 1047 0
1829 1830 0
1618 1619 0
1499 1500 0
20 21 -100
89 90 -100
2000 1000 1
1768 1769 0
805 806 -100
982 983 -100
463 464 -100
679 680 -100
814 815 -100
293 294 -100
1801 1802 0
572 573 -100
1114 1115 0
1404 1405 0
1679 1680 0
1086 1087 0
1304 1305 0
420 421 -100
587 588 -100
905 906 -100
756 757 -100
561 562 -100
493 494 -100
906 907 -100
1659 1660 0
758 759 -100
1107 1108 0
706 707 -100
164 165 -100
1364 1365 0
419 420 -100
1129 1130 0
10 11 -100
1154 1155 0
1603 1604 0
792 793 -100
1604 1605 0
768 769 -100
690 691 -100
1667 1668 0
1981 1982 0
172 173 -100
136 137 -100
174 175 -100
300 301 -100
1347 1348 0
694 695 -100
1398 1399 0
735 736 -100
1100 1101 0
1570 1571 0
424 425 -100
1888 1889 0
1318 1319 0
1449 1450 0
1941 1942 0
132 133 -100
1821 1822 0
955 956 -100
141 142 -100
611 612 -100
1882 1883 0
58 59 -100
1014 1015 0
622 623 -100
477 478 -100
181 182 -100
218 219 -100
257 258 -100
1573 1574 0
1229 1230 0
27 28 -100
1030 1031 0
1419 1420 0
1644 1645 0
1179 1180 0
1317 1318 0
1830 1831 0
1284 1285 0
946 947 -100
356 357 -100
1525 1526 0
1483 1484 0
1531 1532 0
1108 1109 0
503 504 -100
594 595 -100
1053 1054 0
1911 1912 0
178 179 -100
460 461 -100
600 601 -100
578 579 -100
77 78 -100
1770 1771 0
977 978 -100
777 778 -100
1003 1004 0
1647 1648 0
1054 1055 0
984 985 -100
1093 1094 0
1500 1501 0
1126 1127 0
1717 1718 0
1564 1565 0
59 60 -100
564 565 -100
341 342 -100
369 370 -100
937 938 -100
1170 1171 0
177 178 -100
86 87 -100
97 98 -100
488 489 -100
1417 1418 0
478 479 -100
466 467 -100
1937 1938 0
1641 1642 0
1423 1424 0
1613 1614 0
1471 1472 0
269 270 -100
1782 1783 0
395 396 -100
1697 1698 0
662 663 -100
1633 1634 0
843 844 -100
895 896 -100
1355 1356 0
1660 1661 0
1905 1906 0
788 789 -100
1104 1105 0
841 842 -100
919 920 -100
633 634 -100
309 310 -100
1784 1785 0
1561 1562 0
243 244 -100
1136 1137 0
21 22 -100
530 531 -100
923 924 -100
1445 1446 0
1203 1204 0
606 607 -100
752 753 -100
6 7 -100
637 638 -100
1906 1907 0
1589 1590 0
1354 1355 0
1994 1995 0
337 338 -100
1299 1300 0
7 8 -100
1695 1696 0
447 448 -100
1685 1686 0
331 332 -100
1208 1209 0
1042 1043 0
1140 1141 0
458 459 -100
698 699 -100
274 275 -100
1720 1721 0
1702 1703 0
1272 1273 0
1248 1249 0
124 125 -100
1351 1352 0
571 572 -100
1590 1591 0
403 404 -100
796 797 -100
1631 1632 0
1827 1828 0
470 471 -100
1885 1886 0
1135 1136 0
1209 1210 0
1060 1061 0
1611 1612 0
568 569 -100
307 308 -100
626 627 -100
1397 1398 0
216 217 -100
1468 1469 0
1707 1708 0
1139 1140 0
1067 1068 0
1539 1540 0
1360 1361 0
1205 1206 0
405 406 -100
1936 1937 0
1391 1392 0
773 774 -100
1074 1075 0
605 606 -100
94 95 -100
1098 1099 0
615 616 -100
1802 1803 0
109 110 -100
1321 1322 0
101 102 -100
1890 1891 0
1772 1773 0
1506 1507 0
250 251 -100
724 725 -100
1172 1173 0
1804 1805 0
510 511 -100
1416 1417 0
1058 1059 0
550 551 -100
719 720 -100
384 385 -100
1828 1829 0
862 863 -100
1846 1847 0
1831 1832 0
1540 1541 0
1824 1825 0
713 714 -100
1965 1966 0
1307 1308 0
900 901 -100
835 836 -100
1011 1012 0
171 172 -100
1509 1510 0
162 163 -100
12 13 -100
1986 1987 0
1996 1997 0
219 220 -100
391 392 -100
1535 1536 0
1773 1774 0
1566 1567 0
1838 1839 0
22 23 -100
783 784 -100
1752 1753 0
1585 1586 0
1526 1527 0
1513 1514 0
444 445 -100
979 980 -100
229 230 -100
85 86 -100
579 580 -100
1792 1793 0
746 747 -100
671 672 -100
202 203 -100
845 846 -100
1754 1755 0
1488 1489 0
1669 1670 0
1372 1373 0
95 96 -100
1562 1563 0
925 926 -100
1103 1104 0
322 323 -100
122 123 -100
559 560 -100
803 804 -100
618 619 -100
1442 1443 0
1738 1739 0
1250 1251 0
891 892 -100
644 645 -100
1339 1340 0
1089 1090 0
1597 1598 0
385 386 -100
1289 1290 0
1725 1726 0
371 372 -100
1333 1334 0
1425 1426 0
654 655 -100
330 331 -100
352 353 -100
19 20 -100
1709 1710 0
1556 1557 0
802 803 -100
1270 1271 0
1101 1102 0
450 451 -100
1766 1767 0
1282 1283 0
40 41 -100
1898 1899 0
1438 1439 0
1854 1855 0
718 719 -100
972 973 -100
741 742 -100
1266 1267 0
1285 1286 0
603 604 -100
1410 1411 0
947 948 -100
1173 1174 0
525 526 -100
1732 1733 0
834 835 -100
650 651 -100
1935 1936 0
214 215 -100
93 94 -100
1031 1032 0
1145 1146 0
1932 1933 0
506 507 -100
1157 1158 0
630 631 -100
536 537 -100
489 490 -100
700 701 -100
1363 1364 0
107 108 -100
1608 1609 0
1982 1983 0
753 754 -100
1919 1920 0
894 895 -100
621 622 -100
323 324 -100
1015 1016 0
1569 1570 0
154 155 -100
343 344 -100
1536 1537 0
1728 1729 0
780 781 -100
1256 1257 0
1983 1984 0
192 193 -100
614 615 -100
613 614 -100
153 154 -100
797 798 -100
1133 1134 0
253 254 -100
918 919 -100
896 897 -100
884 885 -100
304 305 -100
149 150 -100
1453 1454 0
1563 1564 0
120 121 -100
952 953 -100
668 669 -100
670 671 -100
167 168 -100
252 253 -100
1878 1879 0
1837 1838 0
1812 1813 0
1862 1863 0
423 424 -100
1601 1602 0
414 415 -100
51 52 -100
1113 1114 0
32 33 -100
1312 1313 0
303 304 -100
598 599 -100
642 643 -100
436 437 -100
110 111 -100
641 642 -100
299 300 -100
237 238 -100
1978 1979 0
1844 1845 0
782 783 -100
1870 1871 0
182 183 -100
608 609 -100
877 878 -100
68 69 -100
886 887 -100
1441 1442 0
421 422 -100
47 48 -100
291 292 -100
145 146 -100
1951 1952 0
320 321 -100
1039 1040 0
842 843 -100
1426 1427 0
1511 1512 0
787 788 -100
411 412 -100
472 473 -100
1374 1375 0
1808 1809 0
133 134 -100
1842 1843 0
1402 1403 0
643 644 -100
837 838 -100
1872 1873 0
144 145 -100
1225 1226 0
106 107 -100
1517 1518 0
276 277 -100
437 438 -100
1319 1320 0
966 967 -100
820 821 -100
490 491 -100
80 81 -100
1552 1553 0
1236 1237 0
595 596 -100
552 553 -100
1454 1455 0
1393 1394 0
898 899 -100
1897 1898 0
179 180 -100
1292 1293 0
778 779 -100
1841 1842 0
1883 1884 0
868 869 -100
1288 1289 0
1038 1039 0
948 949 -100
817 818 -100
1957 1958 0
1233 1234 0
1736 1737 0
567 568 -100
1160 1161 0
1464 1465 0
1737 1738 0
963 964 -100
1600 1601 0
755 756 -100
1110 1111 0
1146 1147 0
1096 1097 0
727 728 -100
824 825 -100
1076 1077 0
1377 1378 0
941 942 -100
1642 1643 0
1049 1050 0
1699 1700 0
1795 1796 0
1474 1475 0
899 900 -100
28 29 -100
1887 1888 0
926 927 -100
355 356 -100
1382 1383 0
1632 1633 0
1472 1473 0
548 549 -100
1122 1123 0
1521 1522 0
702 703 -100
1487 1488 0
1257 1258 0
1310 1311 0
247 248 -100
1891 1892 0
349 350 -100
1230 1231 0
1692 1693 0
292 293 -100
1843 1844 0
111 112 -100
714 715 -100
272 273 -100
1217 1218 0
301 302 -100
852 853 -100
1877 1878 0
1335 1336 0
1746 1747 0
1939 1940 0
712 713 -100
108 109 -100
1678 1679 0
1458 1459 0
1630 1631 0
273 274 -100
1704 1705 0
256 257 -100
1396 1397 0
1070 1071 0
1990 1991 0
1219 1220 0
883 884 -100
991 992 -100
1686 1687 0
277 278 -100
1593 1594 0
684 685 -100
456 457 -100
1461 1462 0
1428 1429 0
1931 1932 0
46 47 -100
142 143 -100
376 377 -100
1162 1163 0
1033 1034 0
14 15 -100
263 264 -100
427 428 -100
560 561 -100
1580 1581 0
809 810 -100
634 635 -100
1635 1636 0
1062 1063 0
1988 1989 0
1106 1107 0
1596 1597 0
117 118 -100
1128 1129 0
1079 1080 0
311 312 -100
170 171 -100
1408 1409 0
157 158 -100
1034 1035 0
1866 1867 0
81 82 -100
1942 1943 0
586 587 -100
230 231 -100
1886 1887 0
1044 1045 0
1734 1735 0
222 223 -100
234 235 -100
538 539 -100
1591 1592 0
659 660 -100
1713 1714 0
942 943 -100
743 744 -100
907 908 -100
1655 1656 0
793 794 -100
840 841 -100
455 456 -100
1387 1388 0
1553 1554 0
1019 1020 0
227 228 -100
784 785 -100
114 115 -100
1432 1433 0
1055 1056 0
1415 1416 0
295 296 -100
625 626 -100
1175 1176 0
1903 1904 0
1084 1085 0
245 246 -100
1051 1052 0
74 75 -100
435 436 -100
404 405 -100
1301 1302 0
938 939 -100
693 694 -100
1902 1903 0
98 99 -100
1050 1051 0
1115 1116 0
851 852 -100
67 68 -100
1554 1555 0
1778 1779 0
1710 1711 0
1350 1351 0
1190 1191 0
653 654 -100
1845 1846 0
779 780 -100
1116 1117 0
580 581 -100
1144 1145 0
1871 1872 0
1910 1911 0
1820 1821 0
221 222 -100
451 452 -100
359 360 -100
1805 1806 0
806 807 -100
261 262 -100
187 188 -100
90 91 -100
29 30 -100
1134 1135 0
1276 1277 0
1448 1449 0
9 10 -100
1156 1157 0
1567 1568 0
1664 1665 0
479 480 -100
1574 1575 0
18 19 -100
821 822 -100
1326 1327 0
1169 1170 0
1187 1188 0
306 307 -100
1211 1212 0
206 207 -100
709 710 -100
574 575 -100
674 675 -100
146 147 -100
726 727 -100
846 847 -100
25 26 -100
623 624 -100
1446 1447 0
1860 1861 0
685 686 -100
2 3 -100
764 765 -100
308 309 -100
1537 1538 0
596 597 -100
1066 1067 0
1158 1159 0
1008 1009 0
1836 1837 0
1767 1768 0
1127 1128 0
1788 1789 0
151 152 -100
1687 1688 0
125 126 -100
1544 1545 0
438 439 -100
533 534 -100
897 898 -100
1405 1406 0
1863 1864 0
1515 1516 0
201 202 -100
1193 1194 0
1959 1960 0
443 444 -100
1222 1223 0
1097 1098 0
512 513 -100
158 159 -100
1196 1197 0
844 845 -100
800 801 -100
381 382 -100
1313 1314 0
1177 1178 0
831 832 -100
344 345 -100
524 525 -100
1858 1859 0
1546 1547 0
1964 1965 0
722 723 -100
244 245 -100
1434 1435 0
576 577 -100
1467 1468 0
334 335 -100
602 603 -100
715 716 -100
1291 1292 0
1749 1750 0
691 692 -100
811 812 -100
1733 1734 0
1769 1770 0
971 972 -100
1672 1673 0
888 889 -100
1260 1261 0
1375 1376 0
1297 1298 0
1063 1064 0
908 909 -100
1719 1720 0
728 729 -100
542 543 -100
1337 1338 0
771 772 -100
57 58 -100
393 394 -100
980 981 -100
415 416 -100
1528 1529 0
497 498 -100
191 192 -100
169 170 -100
346 347 -100
1368 1369 0
1381 1382 0
271 272 -100
696 697 -100
861 862 -100
1379 1380 0
1332 1333 0
928 929 -100
1048 1049 0
1731 1732 0
161 162 -100
321 322 -100
1182 1183 0
366 367 -100
1711 1712 0
55 56 -100
1698 1699 0
318 319 -100
1262 1263 0
1908 1909 0
1541 1542 0
1001 1002 0
319 320 -100
610 611 -100
1816 1817 0
616 617 -100
270 271 -100
228 229 -100
1693 1694 0
49 50 -100
1581 1582 0
60 61 -100
1940 1941 0
1648 1649 0
1414 1415 0
798 799 -100
139 140 -100
931 932 -100
1392 1393 0
1832 1833 0
1514 1515 0
290 291 -100
328 329 -100
13 14 -100
939 940 -100
566 567 -100
1147 1148 0
184 185 -100
1261 1262 0
1456 1457 0
707 708 -100
121 122 -100
786 787 -100
502 503 -100
609 610 -100
1010 1011 0
1385 1386 0
135 136 -100
673 674 -100
254 255 -100
1206 1207 0
876 877 -100
1688 1689 0
1777 1778 0
892 893 -100
1427 1428 0
1796 1797 0
128 129 -100
24 25 -100
812 813 -100
1457 1458 0
1612 1613 0
1118 1119 0
689 690 -100
1991 1992 0
347 348 -100
665 666 -100
1915 1916 0
545 546 -100
365 366 -100
1977 1978 0
387 388 -100
1271 1272 0
857 858 -100
288 289 -100
196 197 -100
588 589 -100
1235 1236 0
910 911 -100
1167 1168 0
1223 1224 0
1640 1641 0
1668 1669 0
417 418 -100
1069 1070 0
1616 1617 0
688 689 -100
1869 1870 0
1776 1777 0
1571 1572 0
197 198 -100
1482 1483 0
750 751 -100
736 737 -100
1361 1362 0
1399 1400 0
302 303 -100
282 283 -100
1210 1211 0
1967 1968 0
185 186 -100
79 80 -100
1056 1057 0
112 113 -100
1904 1905 0
377 378 -100
889 890 -100
1968 1969 0
1424 1425 0
249 250 -100
994 995 -100
1999 2000 0
1671 1672 0
336 337 -100
1036 1037 0
1029 1030 0
555 556 -100
1617 1618 0
396 397 -100
1279 1280 0
350 351 -100
390 391 -100
978 979 -100
367 368 -100
1628 1629 0
878 879 -100
1701 1702 0
612 613 -100
957 958 -100
1790 1791 0
30 31 -100
1907 1908 0
1993 1994 0
687 688 -100
822 823 -100
681 682 -100
1094 1095 0
909 910 -100
624 625 -100
1455 1456 0
546 547 -100
1599 1600 0
1005 1006 0
1763 1764 0
1753 1754 0
701 702 -100
1476 1477 0
604 605 -100
575 576 -100
649 650 -100
265 266 -100
1302 1303 0
1185 1186 0
1747 1748 0
412 413 -100
315 316 -100
850 851 -100
23 24 -100
914 915 -100
1853 1854 0
1165 1166 0
457 458 -100
1221 1222 0
82 83 -100
1761 1762 0
1927 1928 0
1787 1788 0
754 755 -100
1268 1269 0
1403 1404 0
1519 1520 0
785 786 -100
737 738 -100
364 365 -100
471 472 -100
99 100 -100
129 130 -100
397 398 -100
1367 1368 0
1409 1410 0
1893 1894 0
113 114 -100
1406 1407 0
1984 1985 0
39 40 -100
1958 1959 0
173 174 -100
1933 1934 0
1450 1451 0
987 988 -100
54 55 -100
1064 1065 0
1896 1897 0
1764 1765 0
678 679 -100
1925 1926 0
1473 1474 0
1715 1716 0
651 652 -100
860 861 -100
770 771 -100
1349 1350 0
1970 1971 0
1152 1153 0
1254 1255 0
1149 1150 0
1961 1962 0
1085 1086 0
933 934 -100
100 101 -100
225 226 -100
1538 1539 0
901 902 -100
639 640 -100
1865 1866 0
1811 1812 0
1024 1025 0
401 402 -100
557 558 -100
1588 1589 0
1273 1274 0
1401 1402 0
1275 1276 0
38 39 -100
607 608 -100
553 554 -100
1357 1358 0
1627 1628 0
986 987 -100
1463 1464 0
1207 1208 0
1555 1556 0
1016 1017 0
1352 1353 0
645 646 -100
1120 1121 0
1263 1264 0
486 487 -100
1834 1835 0
275 276 -100
661 662 -100
248 249 -100
461 462 -100
1864 1865 0
204 205 -100
890 891 -100
1652 1653 0
1916 1917 0
134 135 -100
474 475 -100
464 465 -100
1022 1023 0
360 361 -100
716 717 -100
1626 1627 0
116 117 -100
940 941 -100
1518 1519 0
1727 1728 0
1057 1058 0
1960 1961 0
186 187 -100
1520 1521 0
934 935 -100
1383 1384 0
733 734 -100
1065 1066 0
1305 1306 0
433 434 -100
1921 1922 0
1992 1993 0
363 364 -100
1914 1915 0
827 828 -100
1324 1325 0
358 359 -100
1975 1976 0
692 693 -100
1576 1577 0
1439 1440 0
927 928 -100
1087 1088 0
1815 1816 0
826 827 -100
619 620 -100
445 446 -100
205 206 -100
1189 1190 0
1181 1182 0
168 169 -100
577 578 -100
193 194 -100
1244 1245 0
828 829 -100
1724 1725 0
1895 1896 0
310 311 -100
232 233 -100
119 120 -100
1705 1706 0
1447 1448 0
289 290 -100
1358 1359 0
993 994 -100
950 951 -100
801 802 -100
183 184 -100
1527 1528 0
105 106 -100
217 218 -100
1444 1445 0
532 533 -100
1615 1616 0
1530 1531 0
1857 1858 0
494 495 -100
974 975 -100
326 327 -100
1142 1143 0
348 349 -100
383 384 -100
1309 1310 0
1605 1606 0
1330 1331 0
1799 1800 0
388 389 -100
4 5 -100
683 684 -100
635 636 -100
672 673 -100
1703 1704 0
776 777 -100
231 232 -100
239 240 -100
1460 1461 0
1356 1357 0
730 731 -100
1706 1707 0
335 336 -100
648 649 -100
1353 1354 0
180 181 -100
357 358 -100
652 653 -100
1966 1967 0
1755 1756 0
1946 1947 0
1200 1201 0
1867 1868 0
199 200 -100
1650 1651 0
1654 1655 0
1662 1663 0
1623 1624 0
1443 1444 0
262 263 -100
945 946 -100
333 334 -100
504 505 -100
704 705 -100
922 923 -100
597 598 -100
744 745 -100
660 661 -100
953 954 -100
1924 1925 0
147 148 -100
1859 1860 0
394 395 -100
1286 1287 0
869 870 -100
1560 1561 0
422 423 -100
880 881 -100
1625 1626 0
772 773 -100
1689 1690 0
1370 1371 0
885 886 -100
996 997 -100
1850 1851 0
856 857 -100
1948 1949 0
439 440 -100
1296 1297 0
1814 1815 0
1945 1946 0
1675 1676 0
1670 1671 0
1345 1346 0
15 16 -100
1578 1579 0
370 371 -100
749 750 -100
1188 1189 0
632 633 -100
1346 1347 0
628 629 -100
226 227 -100
1386 1387 0
1278 1279 0
207 208 -100
1881 1882 0
676 677 -100
1823 1824 0
760 761 -100
959 960 -100
268 269 -100
1876 1877 0
620 621 -100
1976 1977 0
1822 1823 0
1610 1611 0
278 279 -100
1153 1154 0
956 957 -100
1656 1657 0
286 287 -100
104 105 -100
1681 1682 0
1174 1175 0
160 161 -100
965 966 -100
1920 1921 0
56 57 -100
91 92 -100
399 400 -100
697 698 -100
131 132 -100
298 299 -100
287 288 -100
1032 1033 0
266 267 -100
1952 1953 0
198 199 -100
1218 1219 0
1331 1332 0
1095 1096 0
807 808 -100
541 542 -100
1045 1046 0
739 740 -100
92 93 -100
1587 1588 0
459 460 -100
1639 1640 0
1481 1482 0
1075 1076 0
1452 1453 0
699 700 -100
1006 1007 0
517 518 -100
1602 1603 0
1000 1001 0
317 318 -100
1422 1423 0
902 903 -100
647 648 -100
1963 1964 0
264 265 -100
1287 1288 0
929 930 -100
1241 1242 0
1614 1615 0
339 340 -100
200 201 -100
449 450 -100
137 138 -100
882 883 -100
631 632 -100
431 432 -100
729 730 -100
1243 1244 0
52 53 -100
1545 1546 0
1202 1203 0
1651 1652 0
1944 1945 0
1184 1185 0
973 974 -100
1440 1441 0
1501 1502 0
1523 1524 0
1138 1139 0
912 913 -100
1839 1840 0
967 968 -100
1124 1125 0
717 718 -100
1092 1093 0
799 800 -100
1658 1659 0
1758 1759 0
1009 1010 0
61 62 -100
53 54 -100
1661 1662 0
1459 1460 0
570 571 -100
1634 1635 0
176 177 -100
1137 1138 0
849 850 -100
45 46 -100
75 76 -100
1781 1782 0
833 834 -100
1559 1560 0
1343 1344 0
1497 1498 0
558 559 -100
1979 1980 0
416 417 -100
1028 1029 0
1714 1715 0
1323 1324 0
1023 1024 0
48 49 -100
1052 1053 0
1245 1246 0
769 770 -100
584 585 -100
1478 1479 0
1748 1749 0
527 528 -100
646 647 -100
1239 1240 0
514 515 -100
246 247 -100
951 952 -100
1004 1005 0
870 871 -100
1491 1492 0
1102 1103 0
657 658 -100
1868 1869 0
1320 1321 0
1068 1069 0
526 527 -100
815 816 -100
362 363 -100
513 514 -100
1759 1760 0
203 204 -100
379 380 -100
1750 1751 0
617 618 -100
5 6 -100
1164 1165 0
1817 1818 0
1435 1436 0
130 131 -100
518 519 -100
440 441 -100
1533 1534 0
1807 1808 0
1475 1476 0
1508 1509 0
1694 1695 0
911 912 -100
781 782 -100
879 880 -100
1390 1391 0
316 317 -100
332 333 -100
1954 1955 0
1551 1552 0
847 848 -100
1012 1013 0
1775 1776 0
1258 1259 0
386 387 -100
1917 1918 0
31 32 -100
1228 1229 0
1565 1566 0
789 790 -100
1293 1294 0
1484 1485 0
1532 1533 0
1649 1650 0
1303 1304 0
1765 1766 0
1502 1503 0
1394 1395 0
1479 1480 0
468 469 -100
1780 1781 0
983 984 -100
1923 1924 0
745 746 -100
858 859 -100
35 36 -100
1621 1622 0
1579 1580 0
240 241 -100
748 749 -100
710 711 -100
1683 1684 0
1856 1857 0
1267 1268 0
1214 1215 0
921 922 -100
1348 1349 0
1955 1956 0
1793 1794 0
930 931 -100
1892 1893 0
1756 1757 0
1542 1543 0
1112 1113 0
1316 1317 0
65 66 -100
406 407 -100
1676 1677 0
1123 1124 0
1194 1195 0
480 481 -100
829 830 -100
1909 1910 0
675 676 -100
325 326 -100
1242 1243 0
1884 1885 0
62 63 -100
11 12 -100
529 530 -100
88 89 -100
1851 1852 0
1949 1950 0
1666 1667 0
585 586 -100
836 837 -100
152 153 -100
1215 1216 0
1249 1250 0
1161 1162 0
1785 1786 0
409 410 -100
1018 1019 0
351 352 -100
233 234 -100
1298 1299 0
1072 1073 0
1684 1685 0
757 758 -100
519 520 -100
368 369 -100
1451 1452 0
1595 1596 0
1762 1763 0
1677 1678 0
1342 1343 0
465 466 -100
547 548 -100
1389 1390 0
1584 1585 0
16 17 -100
854 855 -100
1328 1329 0
686 687 -100
163 164 -100
1480 1481 0
549 550 -100
1524 1525 0
96 97 -100
537 538 -100
327 328 -100
1637 1638 0
1594 1595 0
554 555 -100
1099 1100 0
863 864 -100
1550 1551 0
70 71 -100
808 809 -100
475 476 -100
680 681 -100
1306 1307 0
66 67 -100
731 732 -100
1141 1142 0
795 796 -100
1586 1587 0
563 564 -100
212 213 -100
1575 1576 0
818 819 -100
1636 1637 0
1938 1939 0
498 499 -100
1413 1414 0
1373 1374 0
1264 1265 0
1922 1923 0
1300 1301 0
389 390 -100
658 659 -100
515 516 -100
1294 1295 0
297 298 -100
1013 1014 0
1624 1625 0
1027 1028 0
195 196 -100
1295 1296 0
410 411 -100
663 664 -100
1529 1530 0
1665 1666 0
720 721 -100
1344 1345 0
1879 1880 0
353 354 -100
84 85 -100
1786 1787 0
285 286 -100
1673 1674 0
535 536 -100
565 566 -100
258 259 -100
1365 1366 0
992 993 -100
1504 1505 0
1002 1003 0
1696 1697 0
238 239 -100
382 383 -100
281 282 -100
1849 1850 0
1336 1337 0
430 431 -100
1418 1419 0
1395 1396 0
1516 1517 0
528 529 -100
294 295 -100
3 4 -100
17 18 -100
43 44 -100
766 767 -100
1035 1036 0
723 724 -100
1929 1930 0
581 582 -100
1505 1506 0
747 748 -100
1592 1593 0
1980 1981 0
830 831 -100
1238 1239 0
313 314 -100
188 189 -100
1420 1421 0
1159 1160 0
496 497 -100
629 630 -100
1861 1862 0
804 805 -100
1119 1120 0
1171 1172 0
1431 1432 0
1150 1151 0
664 665 -100
1873 1874 0
1082 1083 0
762 763 -100
1835 1836 0
775 776 -100
1620 1621 0
1493 1494 0
194 195 -100
509 510 -100
1132 1133 0
1800 1801 0
1495 1496 0
72 73 -100
1962 1963 0
1037 1038 0
1283 1284 0
166 167 -100
267 268 -100
1047 1048 0
865 866 -100
1740 1741 0
1494 1495 0
763 764 -100
1751 1752 0
284 285 -100
209 210 -100
1105 1106 0
345 346 -100
1818 1819 0
1489 1490 0
1026 1027 0
913 914 -100
1760 1761 0
1469 1470 0
970 971 -100
236 237 -100
165 166 -100
887 888 -100
998 999 -100
1913 1914 0
