2000 2000 100
837 838 -31
1659 1660 -36
1274 1275 -4
302 303 22
1194 1195 71
1195 1196 -28
963 964 -14
402 403 5
153 154 12
1772 1773 58
1203 1204 -33
1881 1882 59
1860 1861 -33
1815 1816 -45
1102 1103 -30
1589 1590 20
50 51 91
1291 1292 44
136 137 -78
106 107 -54
88 89 -29
419 420 29
1710 1711 -74
438 439 -7
1805 1806 -61
370 371 5
248 249 76
486 487 -77
914 915 36
1485 1486 77
1077 1078 -5
809 810 61
614 615 -82
84 85 23
242 243 -39
627 628 11
1508 1509 45
397 398 26
573 574 -56
736 737 -82
1515 1516 -8
853 854 8
1502 1503 -53
1021 1022 -32
940 941 87
13 14 -48
1358 1359 -3
891 892 -47
1174 1175 61
1554 1555 2
727 728 63
1413 1414 46
957 958 67
1820 1821 -62
1582 1583 95
1734 1735 -39
987 988 -56
208 209 39
1699 1700 97
1852 1853 48
1072 1073 29
778 779 -17
1563 1564 -30
695 696 -53
997 998 -1
1831 1832 -57
1998 1999 30
432 433 72
331 332 34
1610 1611 -35
1044 1045 2
1648 1649 -92
1363 1364 -32
389 390 -52
1172 1173 -3
1029 1030 -21
664 665 53
352 353 0
787 788 -29
344 345 -35
728 729 -80
49 50 -16
780 781 -75
691 692 -19
618 619 82
725 726 29
1934 1935 62
1035 1036 7
1730 1731 43
743 744 -99
1094 1095 -11
789 790 -43
189 190 -6
777 778 39
1498 1499 24
292 293 -89
1594 1595 59
472 473 -65
1663 1664 -2
908 909 -83
946 947 -50
197 198 -12
1604 1605 -39
221 222 60
1936 1937 92
1315 1316 -4
875 876 -32
943 944 -47
1646 1647 -28
1216 1217 37
1052 1053 -56
1197 1198 7
1103 1104 77
395 396 8
98 99 -26
703 704 0
186 187 60
619 620 -89
682 683 -57
1481 1482 -74
1074 1075 81
1111 1112 94
733 734 21
1705 1706 -5
859 860 81
1211 1212 -42
1853 1854 28
1279 1280 -33
1264 1265 75
259 260 14
194 195 88
32 33 69
1253 1254 51
307 308 51
950 951 5
1691 1692 29
772 773 24
979 980 -40
161 162 7
816 817 16
1321 1322 5
1446 1447 -7
96 97 -80
952 953 44
1883 1884 99
1932 1933 24
1038 1039 -60
1097 1098 -55
580 581 -5
591 592 6
251 252 0
1095 1096 88
233 234 63
1144 1145 9
1493 1494 38
1060 1061 72
1382 1383 53
990 991 -23
57 58 73
660 661 -7
1429 1430 -33
808 809 -54
310 311 26
748 749 69
1193 1194 -4
759 760 65
563 564 -35
1083 1084 44
1310 1311 -7
1627 1628 -4
66 67 16
927 928 -40
219 220 -50
1712 1713 -2
118 119 -65
1651 1652 -80
1948 1949 -96
1917 1918 -67
55 56 -1
168 169 12
509 510 -19
1695 1696 41
78 79 -10
442 443 48
410 411 66
1876 1877 -48
1551 1552 -87
1062 1063 -41
1528 1529 38
1703 1704 91
1744 1745 -61
458 459 -50
422 423 -14
624 625 -52
763 764 73
159 160 49
852 853 -57
179 180 32
828 829 -9
716 717 -50
1692 1693 -20
1629 1630 4
585 586 -6
213 214 -46
15 16 -46
740 741 49
928 929 70
647 648 -39
1896 1897 -18
894 895 -47
53 54 -11
1262 1263 32
1362 1363 65
1526 1527 13
1644 1645 -12
1259 1260 -40
1155 1156 -7
1586 1587 -29
1090 1091 -13
1547 1548 -18
111 112 12
797 798 -49
1598 1599 23
653 654 -64
1223 1224 -36
764 765 -55
1739 1740 3
1957 1958 27
1995 1996 -16
1027 1028 -8
130 131 -3
1735 1736 -57
1004 1005 47
2000 1 0
1697 1698 4
983 984 -49
1607 1608 -25
1931 1932 18
1325 1326 31
765 766 52
1280 1281 75
1134 1135 -9
911 912 36
461 462 -92
285 286 39
1754 1755 37
917 918 -72
1327 1328 39
1616 1617 71
1231 1232 1
190 191 -27
1920 1921 -22
289 290 -15
1689 1690 5
240 241 37
1065 1066 -31
544 545 50
333 334 -55
1088 1089 -25
1200 1201 93
1344 1345 4
362 363 19
889 890 23
204 205 -53
640 641 98
1001 1002 15
818 819 -62
1666 1667 -63
238 239 65
491 492 -44
912 913 -64
744 745 16
1888 1889 31
774 775 -25
1539 1540 7
377 378 -44
1480 1481 -21
205 206 -33
268 269 67
1855 1856 -3
1081 1082 -17
1233 1234 72
1822 1823 13
1466 1467 17
305 306 -1
1606 1607 36
636 637 26
1082 1083 -23
931 932 -22
1053 1054 99
1777 1778 1
498 499 -6
1609 1610 38
1602 1603 32
1308 1309 -43
223 224 -87
100 101 18
1179 1180 84
246 247 63
27 28 -34
80 81 69
1495 1496 51
845 846 36
872 873 -22
1470 1471 22
530 531 -18
155 156 -29
1126 1127 35
1784 1785 -17
1475 1476 -7
398 399 -49
311 312 -65
1348 1349 6
364 365 1
1600 1601 -17
1690 1691 -38
1670 1671 43
1984 1985 -53
1463 1464 -3
319 320 -89
734 735 -32
182 183 -11
1180 1181 -87
1190 1191 85
1738 1739 17
1927 1928 69
1147 1148 -25
1012 1013 -73
1339 1340 -50
1728 1729 -48
440 441 -21
842 843 -48
1499 1500 99
1380 1381 75
1635 1636 72
464 465 -7
1381 1382 -70
807 808 -32
1874 1875 18
1091 1092 -59
1312 1313 -46
817 818 7
1085 1086 -9
1770 1771 61
906 907 -54
1808 1809 63
1840 1841 -30
1487 1488 82
945 946 -49
1491 1492 -88
29 30 -48
1302 1303 -73
1560 1561 -10
753 754 -23
1169 1170 77
115 116 -12
294 295 -44
516 517 -11
839 840 -37
536 537 25
18 19 -8
1330 1331 52
644 645 19
693 694 -24
617 618 14
888 889 26
1461 1462 -19
25 26 17
30 31 -41
1668 1669 -88
151 152 15
775 776 48
1562 1563 20
1910 1911 -42
334 335 69
1816 1817 97
1650 1651 51
406 407 -40
1087 1088 68
463 464 78
1516 1517 70
139 140 59
1238 1239 -80
1857 1858 -26
1807 1808 13
576 577 -2
517 518 77
1455 1456 4
819 820 66
48 49 -24
309 310 -21
313 314 15
821 822 -38
249 250 -68
1523 1524 -68
1342 1343 -34
273 274 57
426 427 24
92 93 -23
1696 1697 -72
1759 1760 19
1295 1296 -7
124 125 -36
1894 1895 68
52 53 97
1101 1102 -40
162 163 57
769 770 -53
1521 1522 62
1414 1415 -87
1440 1441 -40
1630 1631 -7
676 677 6
45 46 72
75 76 -36
729 730 68
523 524 -33
101 102 10
1545 1546 95
318 319 -25
1793 1794 -23
1992 1993 50
483 484 -3
1424 1425 -35
1207 1208 21
901 902 38
1679 1680 -15
152 153 3
955 956 -25
1444 1445 -59
548 549 43
686 687 -65
956 957 -96
1420 1421 -38
756 757 -94
386 387 -28
1621 1622 -24
83 84 5
684 685 -65
603 604 -70
212 213 -56
1617 1618 -72
569 570 68
1136 1137 -43
336 337 -40
1830 1831 -31
1009 1010 -53
1419 1420 22
1819 1820 34
668 669 99
1925 1926 -31
1507 1508 -54
468 469 16
1158 1159 -12
1717 1718 6
65 66 -39
1909 1910 32
1135 1136 59
781 782 13
365 366 8
869 870 91
1873 1874 31
1681 1682 95
1813 1814 -16
1601 1602 0
99 100 53
330 331 2
903 904 -56
836 837 -27
441 442 -83
1866 1867 -13
1457 1458 -5
1676 1677 61
1620 1621 -30
712 713 -41
1270 1271 -63
1394 1395 -20
877 878 81
5 6 77
1862 1863 51
813 814 -43
937 938 2
1755 1756 17
1578 1579 -41
1623 1624 -11
867 868 95
1115 1116 -50
621 622 55
726 727 -2
1956 1957 -28
1959 1960 81
1476 1477 -63
1961 1962 44
361 362 -1
1546 1547 -5
524 525 -67
1769 1770 4
85 86 -15
60 61 -43
840 841 45
1882 1883 -68
1573 1574 -47
1672 1673 -10
1076 1077 -58
1054 1055 -90
451 452 -54
1371 1372 -26
1242 1243 -71
1028 1029 21
296 297 29
1433 1434 27
601 602 18
131 132 -90
359 360 -41
961 962 -66
1118 1119 -85
1694 1695 -2
459 460 2
1774 1775 31
427 428 10
972 973 -19
1252 1253 19
666 667 99
1782 1783 15
1345 1346 -19
1373 1374 -3
584 585 -86
1525 1526 -60
659 660 -45
1619 1620 -1
966 967 -34
264 265 17
926 927 44
476 477 29
537 538 -75
1955 1956 26
1061 1062 -41
514 515 -45
1267 1268 5
1351 1352 54
325 326 -46
278 279 -29
1828 1829 59
137 138 -29
113 114 -76
1018 1019 84
1301 1302 98
1156 1157 7
1576 1577 -14
709 710 63
1099 1100 24
1292 1293 -23
1980 1981 -14
1512 1513 -5
1832 1833 91
575 576 -3
387 388 20
773 774 -51
570 571 -7
793 794 -10
1671 1672 -71
1740 1741 -42
1748 1749 -4
581 582 13
304 305 -74
1448 1449 -62
1324 1325 -87
470 471 -29
1395 1396 92
430 431 37
1945 1946 -22
175 176 87
913 914 -3
1338 1339 -31
1532 1533 36
119 120 47
1941 1942 39
253 254 64
382 383 -7
1256 1257 -56
1912 1913 -12
1647 1648 87
1527 1528 -50
1615 1616 -80
1011 1012 -23
1098 1099 5
1333 1334 -84
178 179 80
1503 1504 32
607 608 -29
306 307 -53
1121 1122 -3
916 917 18
298 299 -60
1360 1361 63
604 605 16
363 364 72
163 164 -98
1202 1203 37
1880 1881 18
1723 1724 86
710 711 -84
421 422 60
184 185 -81
1558 1559 -78
1019 1020 -2
1437 1438 -11
1112 1113 -39
1237 1238 5
1142 1143 -60
343 344 13
503 504 3
1143 1144 23
1510 1511 -70
117 118 -1
900 901 37
1250 1251 -2
1823 1824 3
1319 1320 62
120 121 51
474 475 -45
1222 1223 66
1057 1058 36
1929 1930 -33
349 350 -25
559 560 67
448 449 -63
1332 1333 -22
948 949 20
252 253 -25
1724 1725 -60
1189 1190 9
1875 1876 35
276 277 37
984 985 3
79 80 -16
673 674 3
1631 1632 -46
71 72 -71
61 62 100
1605 1606 -15
23 24 -12
287 288 -32
1977 1978 63
811 812 27
1877 1878 -71
810 811 -73
1272 1273 -31
1281 1282 30
1678 1679 34
1801 1802 -16
615 616 3
1049 1050 41
1 2 -34
1988 1989 -30
1686 1687 9
10 11 -96
11 12 12
1008 1009 87
865 866 -37
1780 1781 23
856 857 5
1986 1987 -9
1003 1004 6
1400 1401 44
1577 1578 74
1824 1825 91
1636 1637 39
1316 1317 -23
933 934 -25
556 557 59
1070 1071 43
1208 1209 -3
392 393 -49
417 418 52
590 591 -41
1129 1130 -11
1614 1615 0
824 825 41
1260 1261 9
1013 1014 44
174 175 -69
1818 1819 -63
332 333 28
1228 1229 11
500 501 5
679 680 -2
1795 1796 -10
1227 1228 -4
393 394 73
150 151 -36
977 978 -9
907 908 40
611 612 34
374 375 24
1826 1827 87
149 150 -69
62 63 -22
1100 1101 -11
1603 1604 61
316 317 -24
1664 1665 -20
14 15 -29
375 376 48
24 25 64
1124 1125 -33
526 527 3
1924 1925 -94
1133 1134 53
1269 1270 62
1965 1966 -21
1580 1581 85
863 864 21
672 673 -54
1352 1353 -31
661 662 3
1393 1394 8
1893 1894 -18
222 223 -26
193 194 -12
234 235 -58
90 91 38
974 975 19
40 41 -84
1752 1753 -82
283 284 64
1709 1710 26
434 435 -92
1513 1514 -50
1837 1838 -17
995 996 -23
345 346 80
751 752 -20
1704 1705 -38
494 495 18
1284 1285 -15
1114 1115 46
44 45 9
1743 1744 34
1918 1919 -22
1140 1141 -28
1492 1493 -17
437 438 25
1747 1748 -58
1117 1118 17
1467 1468 25
1125 1126 41
1127 1128 -43
299 300 -26
274 275 43
543 544 -24
1343 1344 70
1538 1539 42
185 186 40
1552 1553 -41
482 483 -81
418 419 15
1318 1319 -50
1496 1497 -41
228 229 21
1721 1722 -58
1254 1255 49
663 664 31
883 884 13
1357 1358 84
1949 1950 49
589 590 2
132 133 18
1024 1025 -21
1474 1475 -44
721 722 33
1964 1965 22
116 117 38
1657 1658 56
1404 1405 -26
760 761 -18
220 221 16
181 182 -71
1048 1049 56
496 497 -48
831 832 -70
129 130 16
109 110 58
1037 1038 -56
1130 1131 51
1581 1582 -100
656 657 -36
1693 1694 48
1915 1916 -45
1757 1758 -19
1329 1330 -69
300 301 84
1297 1298 -9
1397 1398 5
1768 1769 -55
1529 1530 71
1999 2000 51
1379 1380 -22
1251 1252 -52
1656 1657 22
1879 1880 -25
1427 1428 1
414 415 -19
1665 1666 24
1050 1051 -29
551 552 24
1556 1557 45
1517 1518 -12
629 630 63
886 887 -25
755 756 -51
1304 1305 90
103 104 -69
1006 1007 -4
1642 1643 -6
879 880 -65
1688 1689 31
873 874 39
851 852 -5
654 655 -31
1509 1510 88
1660 1661 11
1786 1787 -4
326 327 -16
1389 1390 -61
1806 1807 -29
1447 1448 47
1725 1726 19
1658 1659 -16
407 408 -55
510 511 95
1674 1675 59
1257 1258 42
1841 1842 -10
68 69 7
1638 1639 -84
973 974 7
34 35 -78
718 719 4
782 783 -33
1501 1502 21
1684 1685 -99
1871 1872 8
701 702 18
1473 1474 69
1553 1554 26
572 573 -19
1045 1046 -48
1271 1272 73
134 135 -97
1364 1365 -55
1916 1917 91
192 193 43
466 467 -14
1451 1452 -17
535 536 -17
567 568 98
209 210 29
1773 1774 -6
439 440 22
1368 1369 -31
454 455 21
1972 1973 38
1241 1242 100
227 228 67
1449 1450 58
95 96 36
485 486 77
1579 1580 25
1839 1840 6
58 59 -6
1459 1460 28
167 168 -52
1654 1655 24
1891 1892 93
290 291 1
518 519 -72
1477 1478 70
861 862 -19
145 146 -65
599 600 44
322 323 57
1016 1017 -64
107 108 21
409 410 -38
360 361 -63
1751 1752 65
1897 1898 -29
1599 1600 3
747 748 -59
1511 1512 -12
154 155 14
337 338 18
144 145 23
1298 1299 26
348 349 65
1534 1535 -33
1110 1111 36
919 920 26
267 268 -9
399 400 64
379 380 -67
1625 1626 -67
1592 1593 -24
1944 1945 -10
207 208 -95
1201 1202 -79
799 800 -17
1209 1210 -85
1290 1291 -24
905 906 85
1662 1663 71
982 983 -2
447 448 43
1567 1568 -93
495 496 38
574 575 3
1760 1761 -76
1432 1433 4
1843 1844 -72
1066 1067 20
1718 1719 -21
1240 1241 -76
616 617 4
1406 1407 24
42 43 -5
271 272 44
502 503 -60
970 971 -6
882 883 -44
884 885 35
1047 1048 47
1278 1279 -29
1812 1813 36
261 262 50
1093 1094 -91
951 952 -73
1766 1767 -54
484 485 26
1971 1972 -35
511 512 14
214 215 82
1902 1903 -7
508 509 -96
165 166 22
947 948 -17
1524 1525 58
1758 1759 -11
981 982 84
376 377 -52
610 611 35
143 144 43
761 762 -13
1903 1904 -39
1596 1597 20
1337 1338 41
1765 1766 76
1722 1723 -10
354 355 -4
540 541 -46
1682 1683 -8
631 632 50
1624 1625 40
1349 1350 18
800 801 94
480 481 -88
1175 1176 -85
1585 1586 27
717 718 24
1593 1594 -21
547 548 7
1987 1988 35
1963 1964 33
1849 1850 -64
1626 1627 59
680 681 8
314 315 55
1036 1037 44
602 603 -21
1104 1105 24
779 780 -19
844 845 -37
1707 1708 57
1549 1550 31
1637 1638 -27
1951 1952 -1
492 493 39
1790 1791 -6
714 715 0
999 1000 -22
1149 1150 -87
1530 1531 16
1736 1737 -27
1574 1575 59
923 924 38
1080 1081 80
1465 1466 9
1817 1818 8
815 816 62
1856 1857 -78
1022 1023 60
513 514 -58
1519 1520 -12
1864 1865 29
965 966 -4
1375 1376 89
1559 1560 24
1031 1032 -32
936 937 92
1023 1024 -81
962 963 79
1655 1656 -74
256 257 -99
539 540 -14
1919 1920 59
881 882 -9
1388 1389 47
549 550 -73
1120 1121 50
206 207 90
1564 1565 82
198 199 -11
1089 1090 67
1687 1688 -3
1518 1519 20
435 436 86
231 232 -28
1612 1613 84
880 881 52
1422 1423 89
1229 1230 21
1196 1197 -43
1829 1830 12
191 192 -4
133 134 87
1421 1422 -35
1275 1276 65
1340 1341 -2
56 57 -61
790 791 -54
260 261 -92
598 599 -5
992 993 96
1277 1278 -42
1456 1457 -63
795 796 27
1706 1707 -52
1064 1065 60
1326 1327 16
655 656 5
1068 1069 -75
708 709 54
1176 1177 -4
105 106 63
1092 1093 61
1221 1222 -59
794 795 14
1300 1301 -52
1791 1792 -21
986 987 44
737 738 44
1969 1970 -51
1486 1487 -27
1040 1041 -94
1184 1185 -74
33 34 -38
667 668 -74
550 551 -5
243 244 -5
1649 1650 22
436 437 -26
1377 1378 -20
1157 1158 46
1000 1001 99
303 304 70
941 942 12
700 701 43
1608 1609 -40
1123 1124 10
1938 1939 69
1369 1370 23
600 601 22
1836 1837 56
1869 1870 14
677 678 -57
657 658 85
776 777 -14
706 707 -42
1975 1976 -23
1171 1172 39
705 706 23
1979 1980 4
428 429 63
1067 1068 -7
1756 1757 -21
1450 1451 -68
1051 1052 -38
38 39 67
520 521 74
487 488 -20
1039 1040 93
1661 1662 -21
670 671 -89
1063 1064 29
704 705 77
752 753 90
1898 1899 73
711 712 23
1146 1147 -76
541 542 67
1119 1120 89
832 833 25
1878 1879 27
1387 1388 25
1439 1440 95
51 52 -96
1698 1699 -49
1885 1886 -58
1960 1961 -63
1543 1544 38
321 322 49
731 732 -63
1886 1887 -4
91 92 -27
1745 1746 22
1462 1463 34
1002 1003 -63
623 624 -1
1078 1079 49
396 397 77
650 651 1
722 723 -69
771 772 55
699 700 -21
823 824 37
662 663 -37
1162 1163 -52
770 771 54
1322 1323 -21
735 736 -20
1950 1951 -31
1215 1216 -88
76 77 -40
384 385 81
1835 1836 -65
1372 1373 -11
89 90 14
506 507 82
1981 1982 -46
1906 1907 -13
1443 1444 -1
19 20 95
707 708 -66
1311 1312 83
921 922 -92
1942 1943 -19
1613 1614 22
1842 1843 59
455 456 -19
254 255 11
383 384 -43
1181 1182 -21
443 444 -25
1991 1992 -66
942 943 -73
899 900 -93
564 565 40
1320 1321 11
1354 1355 -39
1715 1716 -28
501 502 75
381 382 32
719 720 -94
1160 1161 3
967 968 22
12 13 94
715 716 91
1426 1427 -59
69 70 -15
123 124 71
554 555 30
1561 1562 -26
1522 1523 18
1289 1290 72
1838 1839 57
669 670 -21
1116 1117 52
1356 1357 34
976 977 98
1412 1413 -52
114 115 -1
1570 1571 9
658 659 -4
1224 1225 -44
1821 1822 -2
148 149 58
1383 1384 -47
1014 1015 17
203 204 91
160 161 14
127 128 55
59 60 -65
1846 1847 -95
801 802 -1
1565 1566 -3
1217 1218 -46
1464 1465 -6
1591 1592 79
1058 1059 -61
633 634 -87
465 466 -2
1370 1371 62
4 5 -27
1494 1495 14
898 899 25
36 37 -42
1218 1219 11
993 994 -76
146 147 86
802 803 -58
473 474 -16
394 395 -98
1122 1123 -77
804 805 -10
1137 1138 -48
1720 1721 8
1778 1779 40
481 482 66
692 693 -62
237 238 -16
1566 1567 15
557 558 -81
848 849 -25
170 171 -81
2 3 29
1205 1206 -29
405 406 32
172 173 36
1865 1866 -1
671 672 63
1935 1936 -99
1307 1308 -67
279 280 -7
282 283 60
1947 1948 97
112 113 -14
1398 1399 33
645 646 9
104 105 -4
1353 1354 29
534 535 8
255 256 -6
1108 1109 -23
1407 1408 61
1833 1834 9
8 9 -75
978 979 -59
433 434 43
1797 1798 2
1166 1167 55
415 416 -41
128 129 -15
272 273 -50
1854 1855 10
82 83 -16
1967 1968 -73
1542 1543 -40
1453 1454 7
1261 1262 -14
1323 1324 26
988 989 83
371 372 -67
263 264 72
1084 1085 -81
1729 1730 -31
1536 1537 -67
1590 1591 -96
1775 1776 -2
429 430 -63
1151 1152 -39
340 341 40
1488 1489 -46
277 278 20
1731 1732 -11
385 386 -95
1418 1419 20
72 73 -49
1939 1940 -12
698 699 -31
1490 1491 46
86 87 -1
346 347 -9
423 424 7
578 579 54
1416 1417 -93
281 282 -15
1285 1286 56
847 848 -59
1641 1642 -37
1386 1387 -3
1541 1542 -6
767 768 -61
814 815 -39
1555 1556 64
1746 1747 60
1588 1589 83
723 724 41
1639 1640 40
841 842 59
1997 1998 3
964 965 -43
477 478 -10
295 296 51
408 409 -2
838 839 17
1392 1393 -14
1361 1362 -22
762 763 3
796 797 -70
1983 1984 42
452 453 -66
1928 1929 -68
1075 1076 -65
183 184 30
270 271 -63
64 65 51
1802 1803 -17
1884 1885 -59
1096 1097 32
507 508 -16
1789 1790 35
7 8 -20
1148 1149 82
1533 1534 -18
791 792 -7
1711 1712 41
1204 1205 10
929 930 45
885 886 21
446 447 -55
826 827 -6
1792 1793 99
1033 1034 18
1895 1896 -5
626 627 66
232 233 -17
1834 1835 -51
512 513 25
768 769 62
1236 1237 -46
1675 1676 -69
324 325 75
949 950 48
1042 1043 -48
457 458 -64
1071 1072 45
1714 1715 -31
1161 1162 78
1921 1922 13
469 470 3
1417 1418 24
157 158 88
720 721 37
1989 1990 4
1405 1406 -88
269 270 24
871 872 -84
1376 1377 -1
479 480 33
1385 1386 -9
266 267 -91
39 40 17
67 68 -24
1800 1801 -73
1968 1969 -1
1771 1772 -45
525 526 61
1514 1515 28
1827 1828 -95
1954 1955 6
390 391 13
1170 1171 -15
1468 1469 39
180 181 30
1365 1366 -2
1870 1871 7
1889 1890 39
378 379 61
606 607 23
138 139 10
126 127 38
147 148 -63
1478 1479 -39
1396 1397 -20
579 580 -55
1431 1432 -62
1299 1300 -15
991 992 -69
1401 1402 56
690 691 -10
665 666 -80
1669 1670 15
1079 1080 -11
975 976 -40
1214 1215 80
1434 1435 -8
1403 1404 3
22 23 -70
1798 1799 -59
944 945 100
460 461 71
1026 1027 0
854 855 50
1568 1569 46
835 836 -54
830 831 -34
424 425 -87
595 596 -24
1978 1979 40
1359 1360 -82
866 867 -95
1263 1264 -76
1313 1314 78
739 740 5
1595 1596 -70
1255 1256 -65
329 330 -41
1273 1274 -18
648 649 -31
1584 1585 -84
1177 1178 0
353 354 -69
158 159 -84
1479 1480 67
1041 1042 73
1056 1057 20
1249 1250 22
1905 1906 38
308 309 28
1010 1011 45
1165 1166 4
1483 1484 -1
1268 1269 17
1266 1267 -20
1799 1800 66
110 111 47
413 414 71
788 789 40
930 931 29
1702 1703 -76
1673 1674 43
1138 1139 63
1737 1738 24
1030 1031 77
1851 1852 2
493 494 -64
328 329 61
874 875 74
1294 1295 -18
730 731 17
1034 1035 -55
403 404 -29
1890 1891 -67
1727 1728 -32
1015 1016 -6
102 103 8
1408 1409 -2
195 196 -49
401 402 73
3 4 -14
108 109 -84
1863 1864 -74
369 370 -5
643 644 41
1225 1226 68
475 476 81
400 401 -74
1445 1446 100
1402 1403 -7
527 528 -41
350 351 -91
1645 1646 -19
876 877 -31
996 997 -48
1335 1336 66
1974 1975 36
546 547 -25
93 94 5
1872 1873 16
652 653 44
1411 1412 64
1182 1183 98
135 136 92
404 405 3
9 10 99
229 230 -29
649 650 62
1611 1612 -18
568 569 -66
1913 1914 -33
515 516 -20
1750 1751 17
373 374 -20
1154 1155 20
1809 1810 -13
275 276 -96
588 589 0
932 933 -46
1366 1367 -53
368 369 60
1288 1289 -54
1441 1442 -35
488 489 37
1633 1634 19
989 990 -12
1183 1184 -29
1571 1572 25
1059 1060 -27
1185 1186 58
864 865 72
858 859 10
532 533 34
1742 1743 46
521 522 -23
878 879 -31
288 289 95
1506 1507 -72
1810 1811 1
960 961 55
632 633 29
201 202 31
211 212 47
81 82 -45
612 613 48
293 294 81
868 869 -63
687 688 51
46 47 25
225 226 23
37 38 -36
489 490 72
1907 1908 87
1958 1959 -9
593 594 64
1632 1633 -58
1428 1429 73
920 921 5
164 165 61
605 606 45
592 593 -4
1803 1804 79
1131 1132 4
1106 1107 -78
758 759 -60
1953 1954 18
230 231 51
1167 1168 -55
1685 1686 -3
1296 1297 35
1753 1754 67
1911 1912 46
1141 1142 52
1460 1461 -86
968 969 -12
805 806 36
425 426 9
1367 1368 56
1199 1200 -38
357 358 6
1764 1765 49
639 640 -81
613 614 -16
235 236 19
1415 1416 89
77 78 27
681 682 27
1761 1762 -4
1458 1459 26
1583 1584 -8
934 935 -41
327 328 20
749 750 -71
199 200 -44
347 348 -40
1926 1927 43
985 986 1
1677 1678 -57
323 324 -98
688 689 38
1410 1411 -39
1962 1963 -25
678 679 9
1399 1400 -94
1150 1151 14
843 844 49
1653 1654 -14
1569 1570 -31
291 292 -15
366 367 -93
1109 1110 -89
47 48 -47
1317 1318 82
954 955 92
1210 1211 13
140 141 65
1994 1995 0
870 871 -18
1409 1410 -7
505 506 -5
156 157 -31
1796 1797 75
236 237 -62
171 172 64
634 635 52
1163 1164 78
642 643 -73
924 925 -56
1640 1641 -8
1017 1018 7
635 636 -50
1107 1108 76
849 850 22
1430 1431 70
724 725 -28
1328 1329 -78
177 178 -84
915 916 -13
980 981 -22
1212 1213 32
262 263 -72
565 566 91
462 463 70
1937 1938 -21
1471 1472 4
1378 1379 -46
1683 1684 26
73 74 22
169 170 62
1572 1573 -31
1767 1768 -29
1314 1315 -69
1436 1437 28
1680 1681 -73
896 897 40
247 248 -45
909 910 -6
902 903 -57
54 55 -15
335 336 -81
608 609 -4
1186 1187 -59
31 32 53
1858 1859 -25
367 368 1
674 675 49
1781 1782 9
1438 1439 -81
638 639 7
1159 1160 -26
1548 1549 -54
1355 1356 -34
586 587 81
1933 1934 -70
754 755 47
1425 1426 -4
16 17 -12
1618 1619 51
280 281 -36
74 75 98
545 546 -69
1550 1551 50
738 739 -42
1192 1193 25
388 389 73
938 939 -32
339 340 -45
499 500 30
1145 1146 22
142 143 -31
1374 1375 -73
196 197 -12
1497 1498 -70
953 954 -19
694 695 83
820 821 37
792 793 89
1597 1598 -61
597 598 -80
202 203 -49
1952 1953 -23
531 532 27
358 359 68
1900 1901 -4
1814 1815 -46
555 556 -68
1733 1734 -5
766 767 -52
504 505 6
1783 1784 21
969 970 74
1442 1443 12
341 342 46
1069 1070 -40
594 595 -2
1454 1455 49
1213 1214 -11
1716 1717 88
176 177 -20
558 559 -26
827 828 9
258 259 2
241 242 -86
1587 1588 -3
187 188 25
380 381 63
1930 1931 34
1188 1189 22
745 746 -17
1535 1536 43
1628 1629 14
862 863 -35
1996 1997 3
959 960 -36
1005 1006 -52
538 539 62
218 219 69
188 189 -79
1741 1742 35
467 468 -12
444 445 54
998 999 38
315 316 -3
561 562 -70
122 123 -44
1787 1788 -1
925 926 -82
1423 1424 10
239 240 30
1282 1283 -30
1914 1915 -48
683 684 63
741 742 65
490 491 -47
20 21 -61
97 98 20
566 567 -97
284 285 -44
583 584 54
1634 1635 -20
265 266 1
1283 1284 -52
918 919 44
552 553 70
471 472 23
215 216 43
1248 1249 -100
453 454 16
812 813 33
1198 1199 -11
846 847 -19
312 313 -24
577 578 27
1305 1306 13
562 563 16
1309 1310 -13
1504 1505 -68
1700 1701 31
1868 1869 -73
702 703 -80
522 523 44
173 174 -10
696 697 54
1794 1795 -22
301 302 -42
757 758 67
713 714 7
1452 1453 19
685 686 68
697 698 -8
450 451 13
1286 1287 62
689 690 -20
850 851 55
1946 1947 -81
855 856 -56
1331 1332 94
1306 1307 4
1435 1436 24
1861 1862 -37
1276 1277 15
1993 1994 -39
121 122 -50
1982 1983 -22
641 642 8
431 432 -100
1726 1727 69
784 785 67
1708 1709 20
1990 1991 67
1887 1888 -3
1482 1483 -22
750 751 27
783 784 47
1500 1501 -17
742 743 -10
1540 1541 -8
1923 1924 62
833 834 92
200 201 25
630 631 -49
1055 1056 51
1384 1385 7
1243 1244 83
1544 1545 -29
28 29 19
1970 1971 89
1622 1623 34
582 583 29
1749 1750 -61
1073 1074 -62
1901 1902 -52
1020 1021 -11
6 7 54
1265 1266 -53
890 891 8
1537 1538 16
622 623 -3
892 893 -54
637 638 -9
1825 1826 -61
166 167 -58
1178 1179 22
1341 1342 39
286 287 -60
528 529 46
829 830 12
1105 1106 -8
1531 1532 -86
1191 1192 -63
1557 1558 12
1132 1133 -99
1859 1860 82
1847 1848 25
351 352 96
587 588 -41
356 357 -30
1303 1304 0
226 227 -23
1206 1207 68
1232 1233 -51
1701 1702 -15
519 520 -5
1168 1169 -11
825 826 -9
1230 1231 -74
1164 1165 -98
939 940 -51
1346 1347 -88
1347 1348 75
786 787 -39
1032 1033 73
1940 1941 -62
1575 1576 -66
1904 1905 -8
125 126 -26
822 823 -74
416 417 -25
1643 1644 75
1899 1900 9
1713 1714 -23
958 959 28
1086 1087 -22
1922 1923 32
1245 1246 -75
1779 1780 -85
651 652 3
87 88 -28
355 356 19
1908 1909 -25
35 36 92
257 258 98
1287 1288 -77
317 318 62
1187 1188 -19
785 786 12
571 572 -60
1246 1247 57
798 799 63
560 561 6
628 629 -36
1788 1789 -4
887 888 11
1007 1008 -14
1845 1846 94
1484 1485 5
1776 1777 -26
94 95 73
224 225 -17
893 894 71
675 676 27
420 421 -51
1472 1473 -47
412 413 -82
732 733 69
834 835 17
1469 1470 -44
43 44 -28
141 142 -70
1391 1392 -84
1025 1026 -15
41 42 30
1505 1506 85
1762 1763 -26
1350 1351 -95
1976 1977 -47
497 498 -4
1153 1154 -63
1336 1337 -5
1334 1335 -7
1293 1294 -35
1667 1668 93
746 747 72
1520 1521 -58
250 251 21
411 412 49
803 804 -37
857 858 -6
217 218 -15
860 861 -17
1113 1114 -68
1219 1220 8
449 450 73
910 911 83
620 621 21
935 936 24
1844 1845 -59
895 896 -2
1139 1140 6
1239 1240 80
1390 1391 100
1811 1812 -9
553 554 8
456 457 100
1892 1893 -57
1985 1986 -6
1848 1849 67
994 995 38
922 923 74
529 530 -33
533 534 52
244 245 2
445 446 18
609 610 -33
70 71 42
1234 1235 -1
21 22 92
320 321 5
971 972 -38
297 298 -48
1128 1129 18
245 246 22
342 343 -25
216 217 -78
646 647 -5
1850 1851 18
806 807 61
1226 1227 42
1046 1047 -88
1732 1733 87
1867 1868 67
372 373 61
1966 1967 7
1719 1720 -31
1235 1236 35
1220 1221 51
1804 1805 -4
596 597 25
1785 1786 -74
542 543 -35
897 898 11
1173 1174 -72
17 18 10
338 339 14
478 479 -23
1652 1653 85
26 27 -23
1152 1153 53
1043 1044 88
1247 1248 28
1489 1490 -13
1244 1245 12
391 392 -5
210 211 -26
904 905 29
63 64 8
625 626 -58
1258 1259 43
1973 1974 -51
1943 1944 39
1763 1764 15
