2000 2000 100
1278 1191 -87
615 1430 -18
95 852 23
600 42 72
92 144 89
1420 1981 -29
530 1268 50
544 265 -63
934 373 27
1737 40 -45
114 767 0
1306 1530 40
312 429 -57
1108 1184 98
1414 1314 60
75 1629 5
1 484 37
1264 268 78
916 985 -20
1282 48 -25
1378 585 41
1452 1177 -19
357 431 -28
198 1567 5
1520 1913 -69
649 1483 -57
650 1059 -26
779 1609 18
1842 842 -40
1805 203 85
805 926 -44
1686 702 81
1123 739 70
1078 1131 81
1943 54 -9
334 1492 96
1018 230 -69
1291 1339 66
202 1852 74
825 412 -76
1568 82 8
787 1607 -18
641 1522 24
972 1155 64
135 1553 -17
1936 303 -54
1788 1573 34
1128 337 -54
1883 714 -26
1512 522 -84
94 1688 -62
1519 60 -24
1565 1618 -57
413 174 44
1200 440 43
902 1155 -41
1024 841 14
614 1464 -53
271 1276 78
658 512 90
1343 330 14
865 1975 35
1038 1320 0
297 1759 -17
803 1575 86
1665 1244 92
538 609 42
1983 1323 84
7 490 1
478 1571 -85
1270 1719 -40
1859 1540 59
213 37 95
1005 969 -86
352 1307 -97
338 1388 39
37 119 15
575 1745 97
1081 1636 -94
1183 122 75
254 666 46
1763 1808 87
750 1301 79
162 1790 99
1013 1197 95
884 1399 36
1958 263 60
1168 1133 -18
878 432 82
300 1965 -74
187 194 -100
193 428 91
650 1909 95
1012 104 -88
1341 80 -3
903 1231 27
835 1228 -76
1476 167 -66
1866 1165 5
673 1463 95
336 1303 -88
167 835 -76
1018 1671 34
688 647 67
467 297 98
504 1267 3
545 1839 -59
301 407 -13
1944 1048 71
772 1181 81
712 605 -53
859 1241 -48
858 489 -22
204 515 -89
1956 1444 -34
1892 1739 -42
435 1941 68
53 1518 74
1450 1027 11
217 153 18
1680 1863 60
99 975 -14
1837 1465 -55
768 1024 -1
235 1477 -4
862 190 -32
1428 328 -25
1717 1422 86
41 1830 -53
1318 590 -39
863 356 32
624 1211 40
1540 1973 5
826 1844 -4
1177 1542 93
124 1203 64
320 239 42
328 294 65
109 257 -25
1363 342 37
957 457 26
1973 1049 -56
814 892 -92
838 1388 -2
1864 272 50
947 1458 69
70 558 -90
1015 279 69
1085 1413 37
1736 1372 -24
66 506 33
1673 355 14
158 1028 -46
511 192 56
707 1333 36
1423 1532 -19
401 75 79
46 162 28
1595 37 -33
429 766 21
935 1717 -6
907 1049 87
498 1255 32
1583 383 97
1950 646 -25
1499 231 71
1583 1217 -65
1075 429 25
1294 1864 -57
689 1912 72
1154 949 -23
955 1393 -25
402 733 -28
1623 374 -58
1947 1159 63
217 168 57
1769 1094 29
402 632 -97
1268 669 22
1772 23 64
664 1241 75
1357 476 -52
764 1756 76
539 1725 -17
567 733 -89
350 1365 66
1871 882 -33
1367 256 48
612 1110 56
1152 394 -95
1001 517 99
1891 1942 46
806 1603 8
1032 250 -28
860 755 19
1023 1882 -96
1977 494 61
1366 1808 46
1131 1613 50
1128 1360 24
389 989 -9
1981 230 4
1729 1385 -80
1089 666 -93
1169 1855 43
1262 771 -52
1095 1813 72
1075 1621 46
931 598 20
1812 864 -14
1763 1416 20
1238 1072 -42
451 1082 36
1459 365 33
999 757 -80
599 1380 -54
1214 427 -16
1269 117 86
1897 1847 40
768 1843 56
806 548 66
1274 167 -80
1401 589 -38
1179 846 92
1294 43 -47
1931 1463 -75
1949 1774 -26
829 1738 37
1715 809 48
1308 226 -46
532 1828 -81
946 683 5
1176 601 -68
1893 282 76
1496 169 -73
280 1973 9
1316 1462 45
888 1947 68
1850 977 42
226 1981 25
98 1940 -66
1181 298 90
523 327 -57
1979 568 83
1425 119 -37
1504 258 -92
481 695 45
468 1984 -39
614 28 26
1582 1141 13
1050 1138 74
1163 1187 -35
680 1572 -20
1305 1727 -100
1447 1107 34
748 1140 56
840 1836 4
1863 524 -75
1891 1748 -88
1066 960 3
832 390 58
1575 362 -81
1553 1463 98
1881 946 57
1095 430 11
49 1323 94
383 458 -50
1509 1812 -44
1906 1622 -13
1997 421 40
720 1308 39
1852 588 14
1196 1561 -79
882 238 42
549 394 -60
102 1037 -32
18 631 -52
1849 1611 -25
1983 1227 -80
619 695 -79
1781 165 -57
1027 581 78
369 1952 94
143 1759 -1
628 40 -44
1440 1226 96
749 1355 6
1593 972 -88
144 1925 47
513 1255 68
191 1182 58
1861 598 39
1039 193 59
1993 150 -35
482 1845 -69
419 1305 45
222 1407 79
1382 1717 -44
40 1341 31
372 1032 83
813 388 -63
49 1782 -59
1351 1506 -90
1624 1268 -46
467 1216 94
1000 294 -68
1262 1505 3
404 1989 92
890 1515 19
1391 814 61
308 727 -70
1032 198 69
1973 1817 62
1249 536 -69
1608 679 7
1271 1132 70
785 597 1
1861 1743 8
766 1726 33
1307 818 -52
1363 1399 -71
677 686 18
32 262 -61
1079 1761 -29
1396 1824 90
1314 987 40
1024 1763 -90
246 207 -76
537 590 2
694 1341 -38
363 529 97
451 1743 88
945 888 -17
863 1887 43
1318 1020 -99
1497 949 -37
432 13 44
599 1337 19
1476 1432 42
443 1712 -87
71 962 -23
1859 1847 99
337 1314 18
1249 844 -47
925 762 -65
1713 1813 87
1618 24 21
919 1995 -64
1047 1486 -16
845 1049 51
165 1293 42
1766 1499 80
409 930 -38
912 1531 84
1481 8 -60
1056 434 -47
1771 1755 -24
1002 1898 98
837 101 7
1509 368 -81
1300 1817 -29
1811 1729 4
152 1312 -39
1921 1281 89
1069 39 37
1823 914 32
792 1200 -91
481 1540 26
2 893 16
927 1073 87
1479 7 16
1732 1639 57
194 1338 65
617 1710 -9
689 122 14
1163 1962 -23
1050 1615 -82
146 151 -29
1387 1819 -26
1540 84 52
1224 290 54
19 472 -27
1152 753 26
1916 1847 10
140 1849 39
101 1174 -10
282 213 -50
1663 1600 38
296 971 -39
1799 1491 15
333 75 -59
1315 1427 -18
680 395 91
1526 306 99
379 812 -81
122 390 -46
1460 1354 50
727 1735 18
1059 362 93
1897 1603 -21
251 1966 10
1209 311 56
1070 1319 41
1200 477 3
1160 1957 -81
1249 1740 8
243 1584 -3
1539 537 78
1040 405 52
1235 1 92
1727 1850 -89
11 1730 72
1971 1427 -93
591 1095 31
350 1477 -28
21 1227 21
1630 891 44
1177 1498 20
322 1512 -1
1048 785 78
683 431 10
1479 1415 -30
1449 1419 94
1128 1707 17
200 549 -63
1575 503 -23
1301 1980 14
1696 1897 26
819 1984 -45
478 1026 -54
1650 1705 48
1175 420 8
152 348 71
999 891 -68
198 1748 -63
333 675 80
863 634 48
1036 677 -59
1876 1651 7
1420 847 -95
148 767 -59
1584 236 -44
1112 1013 11
698 989 60
207 1945 -41
1496 1727 -66
1152 995 -94
388 307 53
498 1190 -18
835 110 -56
1410 1870 91
829 975 -58
720 1984 32
821 311 -41
1080 1862 46
1906 1629 22
1090 1081 90
234 484 19
1072 1470 47
33 51 -50
990 355 7
1985 1144 54
242 210 -55
901 1734 53
123 1124 -95
620 752 -7
497 894 11
1987 712 -90
300 1729 -55
1904 1106 89
113 1246 61
1684 770 -70
292 143 -24
1102 1053 -64
1223 151 83
1220 1016 60
241 1285 49
1366 466 40
885 137 58
532 1772 -11
1658 720 51
421 837 1
1756 519 80
1888 290 -40
325 1813 -44
826 1428 87
313 105 80
1287 778 49
347 1071 42
1897 659 45
1112 1569 -15
1635 640 44
1532 1223 20
425 544 -47
1799 364 -54
562 971 4
817 1820 62
231 1148 19
1963 1455 91
456 25 -5
731 1773 -63
645 556 -8
1959 840 -51
1124 1164 -52
661 431 22
951 340 24
650 828 86
66 1288 -78
1370 431 81
481 114 -26
1761 80 29
236 1295 -27
1393 1304 42
1949 346 -92
265 811 -91
1890 712 55
1591 879 -19
569 105 -28
955 693 -16
1599 1419 -13
1620 615 47
778 184 2
1157 1181 77
796 1951 89
1206 1169 10
806 1670 -61
78 800 -17
533 1470 -75
1824 238 28
189 1815 -38
739 1374 -94
291 867 83
1567 1124 -84
1365 583 -71
29 177 94
1603 642 1
194 1000 89
381 466 25
1913 520 96
1636 404 80
1172 1981 18
1690 1567 -22
1890 1454 80
967 301 -83
154 1633 -86
105 212 -96
205 546 84
1877 1012 29
391 1178 44
958 1479 -92
1428 9 8
1308 592 58
988 1871 70
767 1928 -59
701 1665 74
1960 1156 -98
678 1866 36
1063 170 9
1978 518 27
1495 692 -94
470 1404 -79
1780 565 -90
1186 1728 17
59 2000 80
1356 797 -61
65 1600 3
161 1274 4
986 1775 35
1043 166 12
5 533 -76
489 922 20
761 442 28
572 955 -88
270 1925 5
1628 57 -39
265 421 -72
1990 22 -66
385 1773 86
1177 908 -10
1252 1103 82
1423 1614 53
825 62 45
917 1755 -15
696 418 -48
1351 912 -61
749 1081 79
1955 187 61
256 803 -37
171 198 -81
1350 584 -40
1700 783 -51
196 996 32
363 1757 63
701 843 55
1063 94 80
1877 225 84
524 481 -93
838 432 -70
413 1494 73
507 27 27
1141 16 -31
334 415 -72
1205 336 46
1572 78 29
590 360 -69
677 561 -10
1386 424 -76
437 851 -84
119 433 -68
1656 790 -89
1512 641 11
1416 829 -84
1040 1532 -86
771 1343 -69
1798 1910 -17
95 542 -33
1565 241 -49
215 1198 -58
1709 781 89
1101 614 -65
446 1267 43
1825 612 -43
396 1752 -6
1166 1359 -52
1627 207 -15
1114 841 21
1782 1776 4
1605 343 -64
1038 1583 95
1612 780 -64
957 211 87
102 796 -88
39 398 -15
1641 1643 -7
209 825 4
440 1981 -75
428 1032 34
895 389 -79
1266 1451 -70
1817 1707 -52
491 1521 -69
1835 1881 57
472 1755 45
1201 672 31
1725 1221 -16
894 67 -15
472 1974 61
247 1923 70
1553 941 31
61 1160 -79
1295 1774 8
1729 942 -21
1752 941 -84
317 788 66
971 1380 -74
382 599 -53
1163 1112 -4
364 810 -7
1625 986 -12
1538 196 40
362 1667 -72
1400 1660 -31
1452 469 21
1649 1315 65
457 1091 -90
340 553 98
1302 360 -79
753 728 -5
1791 1985 29
711 1583 99
1195 1517 34
1288 756 -89
1577 1257 -17
1033 1242 59
842 78 -50
350 1760 83
583 600 -5
572 773 -94
1147 1887 99
1463 1167 69
1029 1480 76
1415 1492 95
22 801 15
1010 1869 -56
324 958 -71
1705 279 54
1591 1878 -11
1062 1230 -99
1916 356 -48
852 284 -87
500 53 48
30 10 81
1339 852 -33
1189 1556 -16
1165 431 12
560 457 80
1746 1999 -34
460 823 -27
1958 1149 71
680 1997 -31
1557 368 -57
1681 1815 16
1275 1957 86
1133 1303 -53
820 246 67
799 1554 -98
869 666 48
799 1503 61
109 28 -88
1722 657 21
1841 536 63
1690 1786 9
1709 918 99
1519 1007 -18
818 415 -25
1063 1418 -59
1353 960 -95
862 1656 -50
1808 538 -99
1027 1320 74
1257 1342 -22
206 1454 19
1326 464 17
887 480 -27
1459 1251 -6
57 571 -44
1753 502 -35
357 742 64
787 1839 -70
1813 1203 -39
1780 130 46
1478 1355 44
1710 1248 54
62 1326 -76
238 31 64
1683 1063 15
1755 1509 85
1244 1115 -47
370 101 16
925 1890 -17
1084 486 8
1926 156 48
1773 977 -85
1443 127 85
58 146 54
1300 964 25
1998 1584 46
1989 395 -83
1905 591 97
1179 669 -96
23 201 17
675 71 10
725 1114 -56
192 1685 -42
539 174 53
1946 383 58
652 7 25
1945 385 -28
1428 1408 0
1324 451 -3
62 1110 -31
953 747 -47
826 936 -53
632 1970 -12
853 1899 -88
197 26 12
250 271 -56
71 849 -94
1363 805 -65
172 1899 -74
1019 1466 53
1437 167 -86
971 1025 94
776 935 -63
1153 510 -83
648 375 57
600 95 51
1394 1292 -96
1222 870 51
656 532 -91
902 1983 42
1968 876 93
1287 1389 96
600 815 -57
124 880 41
1296 512 51
1104 1377 72
386 728 -12
1108 1106 37
968 533 79
1702 89 25
105 481 38
22 60 -48
1328 1737 -8
1942 1271 -76
1546 85 97
1689 1131 -35
1200 1069 -52
1192 858 -78
1653 831 -71
526 508 -7
901 13 -98
1125 925 -64
1105 722 -82
296 1639 16
1827 1926 77
1517 197 -9
499 99 95
1278 1193 -48
1648 1582 13
284 637 1
316 290 -15
1501 557 43
1470 1543 -83
1582 1032 -77
860 301 -19
185 1100 33
87 32 18
1955 1842 -85
728 915 40
216 1418 -67
1660 1396 -64
1089 297 -59
1745 760 97
1685 1828 -35
1629 354 33
297 1358 -52
731 961 53
1840 115 -76
1279 1371 72
1327 1589 24
1132 469 88
840 895 9
1017 339 -58
1501 1674 -82
575 1003 12
1603 672 89
865 191 78
677 1406 76
1382 688 59
996 1231 -56
1871 1827 32
463 921 -67
895 834 -99
1216 1631 24
171 1812 59
170 670 -69
1704 1855 -68
1890 791 9
1950 294 -95
1718 922 -42
1300 1438 -77
515 1955 -92
418 1938 -97
1768 1298 -23
322 309 92
54 575 87
738 1194 -7
687 444 -4
993 1815 -52
189 1866 -44
720 479 -54
1362 502 -39
248 305 -7
639 1255 -10
1452 380 -26
1399 1214 57
938 1229 -17
12 1748 72
426 1100 -3
1405 1449 26
1172 1832 52
228 1930 75
354 1574 35
1415 606 -48
900 1311 -61
1132 1737 -77
755 719 43
1467 683 76
590 890 53
1560 1887 -14
1063 372 12
563 372 9
354 290 75
689 1915 -5
1288 1166 28
667 1688 47
1101 415 29
219 1913 75
1571 1443 87
1486 855 93
1999 895 47
1027 993 5
1735 1805 33
446 1122 68
1785 159 -93
1321 420 -64
803 189 -71
812 452 -40
1866 1537 89
1593 1097 0
1945 1575 18
1939 1347 -9
1478 1501 -59
1892 1525 80
325 500 36
742 1458 -81
1747 1105 -72
1980 838 -23
377 572 21
1842 1111 -91
642 1158 41
1521 158 22
1956 1115 -8
1324 820 -59
938 1108 -7
1127 656 33
334 856 60
215 1479 31
578 1304 81
1125 917 -10
1812 85 98
1671 1798 44
349 1843 49
1847 23 6
1016 1168 70
782 1915 -100
902 377 62
1193 314 -50
1369 1973 -7
400 1392 -56
1565 1037 34
665 1039 46
904 1492 -13
722 971 -38
1971 43 -16
1916 1811 10
715 1417 58
385 792 -35
137 907 -1
1442 773 7
741 1523 84
1605 121 90
762 930 75
784 233 5
1419 338 -65
1636 1447 82
376 1236 47
1691 1929 -47
566 466 -63
25 643 -72
1098 1075 -97
1218 1992 -38
1507 1400 -98
966 1586 -37
830 597 46
976 23 3
902 309 40
293 12 24
1464 1654 -14
619 39 62
1090 15 -12
445 39 85
1796 1946 77
1727 1781 97
1863 940 93
1906 901 -22
1112 601 43
1721 399 2
144 1873 -25
42 1832 52
768 1334 -60
503 585 -13
887 476 19
216 923 39
519 564 -20
1344 949 26
108 888 37
335 494 -40
12 5 9
681 595 46
150 500 87
329 1627 -15
100 1645 43
1303 414 -37
751 1583 -54
1411 707 11
1889 1782 89
798 522 -31
848 538 52
82 1025 -17
1195 1512 -18
1413 1752 -74
846 830 33
44 64 90
1555 323 90
840 592 -15
722 1253 6
1611 1379 -36
1453 816 -99
405 1239 14
634 135 95
158 1224 -17
991 626 -26
941 1755 1
1048 783 -53
436 347 22
1082 1824 -78
614 56 50
143 937 -40
1998 71 75
419 1796 72
95 1696 54
1450 1555 -27
1212 737 38
1736 159 -85
144 1149 20
1910 143 41
1291 1722 -46
1376 17 49
1537 1388 -90
1880 1439 45
7 477 -34
1680 363 -71
123 1378 -5
511 1235 -51
1181 1469 66
700 1444 28
1866 1172 -44
1410 1528 69
960 199 15
60 338 24
1227 322 52
1933 87 -80
1462 806 -94
644 1334 -34
630 1929 48
766 649 -48
1271 1802 -33
320 613 98
1067 657 -19
228 872 -3
1594 153 62
878 1345 -86
1353 1485 -92
1464 1428 9
1570 1503 55
887 710 52
311 48 52
261 1414 91
1587 336 -61
1002 850 -53
1793 1862 64
733 2 -66
1220 1868 -41
254 678 -6
784 1336 57
346 1408 54
484 1997 -25
1145 1732 40
580 935 77
414 215 -87
232 36 41
922 250 -81
505 1523 71
748 90 98
1681 114 7
263 635 31
100 674 87
209 1480 -41
327 715 -79
1956 1486 -6
223 458 -87
729 8 55
1104 1330 -17
1775 832 92
485 788 -57
214 190 43
52 1699 -76
165 1747 16
1666 1051 -23
853 690 -47
287 13 -53
1877 1026 82
817 412 -82
1475 745 -41
1228 296 53
1076 149 1
1856 1508 -79
1168 1520 6
1799 238 87
457 872 58
1700 1476 -20
1157 843 -58
569 1509 60
899 667 -100
52 312 -21
1138 715 37
1037 1326 -77
709 1257 -19
821 452 4
1797 627 88
1787 97 97
754 1432 96
220 1166 37
1055 201 73
363 1596 -68
1305 1512 -47
945 1196 -48
11 144 75
923 330 72
64 1412 82
503 429 96
916 1435 81
118 90 -52
491 90 14
1241 758 48
1505 665 66
735 1170 -71
721 506 67
89 669 45
618 1582 43
265 1722 -57
184 1334 -30
557 1233 -6
670 247 -93
282 579 -32
1971 440 -5
475 1995 3
184 1488 44
623 1769 -42
487 1394 -88
1875 1978 15
606 525 22
134 641 3
1335 150 49
1698 1121 -5
1400 127 -48
1405 888 -54
624 1899 -61
36 802 -22
1651 782 -75
770 92 -28
1174 187 -69
136 1658 0
1118 413 4
937 1998 -14
701 165 -98
559 181 -81
1188 1225 78
771 336 -46
1274 1871 63
451 1760 87
127 406 16
480 9 39
832 518 18
869 1514 30
721 594 -65
1940 1861 100
1311 909 -26
862 1075 -11
1522 1497 -79
1040 1854 -38
423 1378 -42
624 314 -65
1761 432 -31
1721 635 32
701 1718 -89
569 776 82
1499 1899 88
951 1632 -33
55 1672 -84
1149 449 -41
1336 245 56
1181 763 -12
854 1203 -73
796 1146 -25
1087 1274 92
1516 647 93
260 1747 39
1352 707 74
281 1767 28
1325 12 21
1589 786 -49
1521 1635 -30
1716 1664 95
739 521 32
127 1308 -35
1430 1448 36
1655 13 -91
1992 155 44
1573 1297 -53
600 1471 -90
1267 936 -11
114 1740 7
1986 1675 40
1508 1983 -13
1159 232 -6
870 673 -37
1121 883 16
1437 1494 -39
5 189 -29
1923 120 -33
1197 1006 -10
954 268 -62
907 95 -2
1841 1546 -76
1911 760 -89
1446 1696 -85
35 285 5
636 1555 58
1077 297 90
189 1381 -7
828 202 78
502 1541 82
1257 778 -74
818 850 -63
42 1005 -44
1700 597 -63
128 1285 78
1227 162 -1
711 857 -71
766 1095 -98
1495 839 94
1932 1494 88
344 1958 6
368 1016 37
68 1746 -12
639 1708 -42
1245 1033 -86
1728 1305 -6
1413 1475 -17
91 585 85
1855 535 -89
1826 1873 27
1189 521 -96
1498 1008 87
266 1322 66
385 801 -54
1156 283 -36
204 1402 78
885 1192 -40
79 918 -34
250 1606 17
1583 1891 8
765 767 -21
429 1418 -72
1545 1037 85
1806 1292 -64
1831 1593 -35
441 818 -37
1497 357 -65
937 312 -36
295 1203 -75
895 72 -72
1911 619 43
708 958 -56
146 1234 1
607 1318 28
157 239 -40
366 1328 7
1525 828 -40
1015 984 -52
1242 396 -84
4 291 -13
1320 1885 51
1276 341 40
967 1077 70
1822 1638 -23
756 1170 6
1700 576 -60
1463 179 87
1704 918 90
1838 877 -72
1785 1457 56
1040 248 36
1539 1950 29
1548 933 -47
467 1326 25
1986 1646 -11
1376 1308 -8
279 1712 -27
386 923 -92
764 242 41
686 206 -48
1278 1169 -2
500 199 -84
928 64 -71
376 326 -36
34 964 28
404 247 -85
400 1386 -91
860 1800 -73
312 845 -42
1272 607 39
241 1889 45
1150 1119 60
1492 1101 39
619 911 46
1155 392 26
1584 1279 -32
859 1129 9
485 1781 -4
1614 1821 -85
426 1478 -36
1913 1978 -95
680 1110 -16
432 1315 9
431 387 -43
942 1648 -51
1988 1647 -95
1561 599 99
207 1673 -83
457 1044 85
1360 32 -51
167 707 59
762 1033 98
659 1522 44
594 1925 96
37 321 -69
1475 1105 4
1963 1447 43
1259 1966 54
1104 139 35
1451 243 56
835 1278 -65
1826 1032 -50
239 101 -37
341 336 45
683 622 -44
1578 1319 -93
837 931 -93
1148 1298 65
1754 250 14
1599 947 45
690 787 -87
1377 243 5
1942 1401 -3
282 969 29
9 1227 -27
1780 150 -51
796 360 54
1815 1910 4
824 791 -93
423 1997 -68
1360 639 89
237 868 70
835 911 75
1730 287 92
118 989 -14
97 1579 44
1625 1086 -1
770 849 -17
1266 1556 -93
1092 1843 -67
1253 611 65
1235 1470 8
990 1666 71
565 221 -24
1076 1364 -18
852 1977 -39
62 922 -58
518 108 21
1105 1239 -39
428 161 -40
361 99 58
639 1579 55
1134 653 49
905 1040 41
227 573 -16
1146 1868 -63
283 78 -11
1899 1750 9
52 1066 48
1538 1254 81
536 1301 51
1210 1910 36
518 1180 63
1167 1014 23
867 1511 61
968 600 -44
1094 1335 16
1165 404 27
1803 771 -21
1104 333 -71
443 353 57
1551 498 -20
1849 36 97
514 532 65
232 1791 -11
825 54 -97
1436 30 -72
449 71 -61
688 1399 -41
492 688 61
144 1903 50
1108 1197 46
1250 1107 -43
886 558 5
1147 1751 42
260 1970 -86
1669 723 -28
1824 1435 41
1169 1917 -55
1060 1550 -62
230 1835 -28
51 348 30
1857 1982 -85
1151 1903 60
25 1313 20
964 1492 -56
205 1804 12
795 803 43
1927 1302 37
961 129 47
1259 618 -8
741 903 36
1717 1500 100
290 1775 -26
508 1313 -58
1675 1641 -89
680 1590 18
208 456 -96
1953 1987 -5
394 95 70
242 1370 93
274 998 -58
1451 128 86
1839 297 0
722 93 38
99 1798 46
721 1258 5
1355 863 -47
930 1476 70
213 1172 37
1166 218 62
1337 1393 -82
1485 1427 -23
1221 502 -92
1835 1941 12
725 1913 -36
1328 1431 -62
735 1794 -3
1164 1054 -82
1592 1044 -97
1601 421 23
805 1932 62
286 607 -24
292 852 94
1446 708 88
239 1881 -97
928 42 -97
560 747 52
1973 812 -33
1381 260 -77
670 204 -9
579 890 33
127 323 -98
17 324 41
1169 1564 79
1649 1602 -30
1173 865 -78
826 646 38
1723 1079 -20
502 362 -49
1513 1025 28
1755 574 -79
753 264 100
517 1763 44
75 337 -96
1699 1556 -73
1753 793 -77
1258 1403 -50
147 954 46
74 1983 -95
261 1217 32
1398 774 -94
795 1037 22
1312 761 33
592 375 -92
1053 725 -2
177 996 -32
1701 781 -50
1808 1405 -66
553 1902 58
1700 1115 -16
1135 1608 26
1018 496 -53
575 1991 -5
768 215 56
876 513 -40
378 227 -48
1906 290 34
1327 1868 -3
850 1713 76
1370 1783 15
192 1249 72
1494 1322 56
430 772 -74
1384 1628 -81
1795 1072 0
156 1893 -36
1990 1658 75
965 1506 -79
775 1813 27
1606 1534 61
1699 211 -61
1462 8 -48
404 501 -78
339 681 80
825 1917 4
1610 1132 -74
1753 19 -27
1440 1908 39
1942 1788 26
446 1443 -37
1457 1325 43
336 58 -84
587 1068 -3
1588 1891 -58
441 1836 36
78 1259 71
1333 1484 47
318 1740 -49
530 1567 60
392 552 -65
413 485 -57
728 1641 48
795 470 19
427 767 -77
673 195 28
1928 1700 13
562 1510 -31
1967 1510 57
1049 919 -73
1160 451 5
387 1925 -12
1389 1185 26
441 1851 54
212 1968 57
1935 1867 56
596 1307 71
1453 953 -98
171 1869 -40
670 1963 -21
469 1794 75
1132 706 -11
249 197 42
423 75 -55
169 325 98
834 859 85
120 1136 48
600 472 39
784 371 21
1333 2000 11
948 63 -78
13 209 63
1114 267 -41
1109 25 -44
404 1021 39
858 404 56
1694 1468 -5
1583 21 -87
1767 1309 49
563 1912 26
1359 582 81
1801 1012 -15
83 1348 1
1475 403 -67
1840 80 -79
854 1408 11
1047 577 96
1701 165 29
687 4 -98
285 695 -46
580 318 -82
1543 1701 -66
972 941 -23
40 91 -32
1734 751 85
1342 1763 33
729 1270 -68
1982 638 67
1600 1432 95
1625 128 17
800 61 -28
1792 717 -1
341 1047 100
834 615 -22
285 604 37
1173 626 -56
351 1011 68
1623 629 17
1476 1713 -55
1673 146 -32
1389 255 66
1553 1893 -84
1782 1062 -15
1994 194 -51
46 541 83
1930 1986 88
1594 56 -39
745 376 -79
1252 383 -55
643 293 -5
552 426 67
897 1057 8
367 1009 79
1477 1812 41
622 836 -2
1856 289 -38
1382 1388 12
1307 1054 -46
832 1219 -15
1480 983 -92
1134 102 -7
936 85 -52
416 1061 -45
1926 35 -21
1472 1105 23
959 1645 32
1642 461 -15
1986 855 1
648 1065 -3
1507 1264 -92
1245 709 -86
1816 1186 30
1653 966 -38
193 56 47
1226 1355 -54
527 1681 99
1587 644 -18
1214 1212 45
186 1183 -56
1571 1041 -32
1226 1794 -14
1733 780 -27
47 498 29
1170 1327 45
1716 1484 59
892 1883 1
516 373 58
880 118 -30
294 1942 -12
1779 1292 36
1349 1927 -57
762 377 96
1486 1906 -34
1488 733 -47
687 1405 11
1127 1123 23
146 1704 22
1720 466 65
633 1348 29
1327 19 36
570 1439 -74
770 841 38
844 1963 -72
1915 1654 12
1113 1575 -2
720 190 35
1882 1225 -52
298 1400 -29
1761 990 -90
279 1279 -36
1265 1156 100
1226 137 -17
1350 977 62
813 1652 70
1135 391 -86
114 954 73
1299 1775 100
1991 1625 -77
828 246 -53
816 1731 27
1733 1560 -72
510 1040 -95
1847 751 44
1338 1319 -68
382 826 -20
1601 45 -43
113 344 42
299 1152 -3
366 1194 -44
691 1235 -78
1783 35 94
1679 74 14
946 1486 -17
852 1819 57
1903 34 12
484 1391 10
1488 175 12
582 927 -27
1677 538 -4
914 1074 30
1744 1983 -50
662 386 30
236 1567 54
1862 37 -8
968 594 13
3 466 5
1300 90 -6
547 63 20
591 474 18
1549 1868 68
596 1722 -44
836 1198 -84
1716 1343 31
391 466 51
1518 133 18
1319 65 99
809 1383 68
1573 550 48
1317 1527 -60
1352 1198 -27
1054 1422 4
424 819 -14
193 1913 -60
1738 1011 -93
1158 1691 28
1289 53 25
662 1565 -44
1432 1318 96
687 1093 68
1939 591 -17
719 1536 79
505 707 -62
678 367 -45
644 316 -56
602 1042 67
1442 1089 -7
52 213 28
1535 1460 -95
464 786 29
108 1478 34
1578 840 79
1614 1434 -31
1665 1686 -11
117 793 -46
463 493 97
310 87 97
31 220 -76
638 453 21
1490 333 -91
472 1882 -31
818 254 -49
984 1512 -98
1946 1751 45
982 975 40
984 885 52
1150 378 -21
331 934 -90
1313 226 82
80 1668 32
1496 1632 78
1068 1562 0
670 982 34
737 1669 31
1129 311 66
581 1560 32
1501 1525 -66
363 1993 -58
1290 1133 -28
1285 1959 -28
1164 644 -14
1148 397 74
1540 762 73
1455 548 -95
1458 1685 -97
1649 266 62
1904 1091 -74
1388 884 92
1160 567 80
1469 1437 -58
1883 1458 26
191 566 37
288 1556 -67
1807 1937 13
840 818 -24
1490 747 59
638 1501 60
11 241 46
1299 285 66
738 1565 -97
321 950 -10
667 986 -65
1930 1972 19
190 1944 -5
592 892 18
1585 1120 -77
224 1244 -77
989 881 92
1408 1342 -14
1299 46 -50
1409 1609 90
1502 427 67
151 1152 69
227 990 19
833 939 0
145 1389 -44
729 191 -49
187 374 54
338 946 99
1026 1423 -33
1879 1248 19
502 1218 -19
220 630 58
949 508 87
481 160 -84
1819 614 -44
254 1158 94
16 774 29
895 798 -93
1492 1608 22
539 185 -14
1616 480 -98
516 1909 -52
1835 1280 94
73 1209 30
1299 127 -67
323 902 -1
1028 1018 -29
1752 1473 54
1090 240 71
447 1645 -63
1076 1508 -46
791 899 -39
1070 191 88
1388 459 -90
390 1998 -49
529 1801 21
1154 1117 -26
270 524 9
1261 132 8
767 959 -34
1336 1829 -56
1811 1373 -33
1828 491 -7
1694 1162 84
431 917 -83
1380 802 30
368 669 -17
1334 1077 64
780 540 -46
1899 1799 -62
274 1805 -50
513 1698 41
1465 26 90
910 1323 -54
1844 1667 -93
1530 330 81
1586 405 -54
1642 1056 86
1905 1258 72
799 348 93
1520 1238 1
31 640 4
657 854 5
799 1156 20
166 1329 -68
1660 1633 -70
345 1956 -5
159 780 -38
1283 5 65
1666 1121 46
1066 466 -86
914 1857 -23
1580 1766 78
1161 161 83
1249 1253 -47
733 500 44
352 788 82
1513 474 67
1534 1798 51
644 858 24
81 773 48
1605 75 -41
150 531 65
735 1389 -58
348 1073 -52
765 1295 -7
1870 1654 -77
190 873 -72
730 144 86
1144 1653 -32
1224 1622 -3
257 1646 46
1187 1377 80
258 849 -67
1235 1641 -81
506 1667 73
371 481 -100
1099 493 29
1668 908 -16
1610 630 38
18 597 14
1826 1310 76
93 217 82
1486 1413 99
1502 1882 69
981 1267 76
1334 596 -98
338 1274 -81
1751 34 -96
307 1576 -49
751 424 -80
1832 1655 25
1736 1952 -99
1058 1410 -23
1606 18 -92
318 1713 1
1167 651 13
347 1734 -9
1374 294 86
1290 381 52
1969 671 -98
560 1180 25
428 935 67
1981 705 -21
560 1612 -2
457 824 -79
585 42 10
1278 732 50
1653 1473 67
1492 1155 -84
1804 1126 52
894 1113 26
1481 518 97
1650 1999 -63
917 1683 -71
1392 1173 40
1804 1282 -62
213 283 88
369 407 65
1414 1799 -86
1323 1582 2
1023 1835 -6
520 1694 61
1838 1597 81
654 117 87
444 1174 55
209 586 -13
1847 1283 -19
1372 1508 37
1691 1044 -97
240 1921 100
1471 1748 19
702 790 -49
1269 621 78
894 1170 22
513 322 4
149 1515 -83
640 426 -41
756 1230 2
758 1757 -88
1258 1825 27
730 583 -65
507 472 -61
271 1409 4
512 321 58
1718 1865 16
1286 628 -10
410 528 54
141 430 -2
1289 662 -62
1299 1419 97
114 1592 4
777 1457 -50
1691 1153 55
1470 1748 51
738 695 -51
1212 1478 85
841 843 13
187 1721 64
1035 852 -90
1025 1342 16
1437 219 -42
517 477 -85
1016 151 -58
1104 1954 -39
1518 1859 17
1455 356 -3
1372 936 -70
1623 780 39
1944 780 -95
619 1268 49
1083 1567 25
180 1141 -40
1175 17 70
1240 1041 75
66 810 -9
1985 1335 61
1553 1973 20
292 304 -27
1603 1525 -78
1115 1192 -35
275 790 31
1228 602 -96
1912 1715 -33
1316 1660 16
