2000 2000 100
1062 136 -98
443 874 -43
1363 724 39
1442 1118 -6
1123 660 40
1922 230 56
603 19 1
526 847 -89
1128 1983 -35
1372 1088 85
658 260 20
31 1678 100
1988 1889 31
562 152 45
45 199 53
1399 436 72
1342 1223 94
1257 856 -86
680 1407 4
241 1849 -59
854 1631 70
721 227 64
1797 250 4
1899 374 2
1834 144 -44
905 236 -75
467 50 -30
1994 699 12
275 1786 -71
214 1962 54
1963 387 41
831 570 -25
1236 1825 21
1131 394 -31
221 695 70
328 333 75
1409 604 -64
1189 91 -93
1288 1227 30
330 563 -89
136 1578 -89
1345 1592 71
1797 1108 47
267 1899 -81
626 1139 3
175 1121 -66
581 1487 77
1497 1211 84
966 1309 -30
1098 1079 -47
1265 272 69
329 1811 -32
658 1000 100
648 209 -89
415 1197 8
72 1175 -84
715 103 -7
1975 264 -14
560 110 73
1110 1237 -35
815 941 -28
637 1651 -35
1548 684 -60
677 781 52
1443 661 89
1032 1409 42
1251 1227 -43
1691 1687 -53
685 1110 89
905 415 40
1464 1107 -62
1236 1195 -50
258 962 -49
669 346 90
1688 1799 76
1359 1698 -24
257 1357 -49
1 436 -85
701 1815 26
1804 200 87
719 1526 -7
1652 792 -61
89 287 74
1048 696 -96
1856 1373 -95
336 1686 -52
3 1009 88
1609 250 14
1193 1028 -89
183 678 100
310 1266 -46
555 1074 3
1890 1819 -49
653 834 32
961 429 -71
1937 452 -7
1597 516 6
674 120 -45
356 56 23
1256 124 69
1654 108 -67
1683 1278 -29
1467 458 -74
1395 671 -67
1442 1542 -54
1525 1622 -81
1586 1171 -92
1675 109 -25
162 1177 8
401 621 -94
1718 43 42
1143 946 37
454 316 32
1469 711 87
1074 729 62
1339 1238 -89
194 1821 -94
75 1719 -44
614 969 -66
1597 1382 92
463 1867 30
907 1846 26
203 233 99
205 879 17
1011 482 29
693 1416 89
853 1407 -82
1336 866 13
1060 1732 -70
1096 1866 60
436 614 -37
542 830 85
1237 1008 11
415 356 3
1357 1997 -16
672 698 -91
899 1702 -46
325 1982 -70
815 1023 -28
1948 1879 82
1884 751 42
1556 1962 -83
945 907 14
1971 1038 38
329 1997 -11
1870 402 -2
1113 502 -1
1209 1732 -81
1744 43 100
1690 1182 88
69 1375 38
390 972 61
614 724 17
671 864 57
659 1434 -38
1645 411 4
1375 1376 -67
1207 1415 8
441 1769 -15
3 1300 44
1373 1579 -32
344 659 -96
489 625 72
855 1682 -21
1575 19 -17
1008 42 30
788 1437 99
28 1060 90
557 815 62
1605 800 9
748 866 -90
1187 382 -89
1403 347 45
1554 459 97
1838 514 -65
556 1052 -81
1127 1576 88
1943 481 -8
1839 1651 15
1481 842 -29
706 277 79
370 1427 -66
1993 995 -60
605 1182 91
1232 1351 -35
503 827 -71
1670 1538 -84
1942 1298 1
685 119 60
993 273 49
1513 1529 -27
64 875 -49
684 1622 -61
914 181 17
264 1283 -65
1479 304 35
87 1461 -40
616 1695 58
1562 705 23
1996 1601 95
663 717 -34
327 1877 82
923 475 -16
1069 410 97
1697 17 -77
1121 1230 33
137 132 51
1375 1193 -69
1844 1523 92
1056 1383 -53
1283 266 -18
1961 1219 -5
1103 1805 -2
38 277 41
944 771 44
1764 441 -90
303 783 6
292 1087 -68
1705 41 -75
616 1416 70
1728 1250 -29
1867 1384 -47
1189 1963 57
16 1194 52
1553 1912 21
780 786 20
238 1918 70
924 49 -53
826 1165 86
882 1092 -20
675 1787 46
222 268 -63
1496 443 69
779 1768 28
508 365 64
9 382 -100
640 69 36
249 1666 88
952 152 60
1467 609 -72
1435 1668 -69
1027 197 28
23 1579 -60
1668 172 77
509 1600 -39
351 1855 -49
706 269 -45
462 1179 60
1577 1156 93
1096 617 0
962 756 -3
449 1789 75
578 1313 -32
1923 105 -25
604 643 -92
96 712 32
203 224 56
1584 996 23
1400 1816 -72
1435 576 49
805 1189 -17
442 1559 67
414 1689 74
988 913 14
1389 1267 -39
1881 682 3
1896 1406 43
1 679 56
1021 1306 80
999 573 -16
575 1530 -19
561 1508 95
1416 1638 -31
1475 1538 -99
1039 404 -51
1444 402 92
1845 595 -88
1555 1294 -31
625 1698 5
497 116 -18
198 1372 98
552 60 43
1330 602 -14
665 716 -81
465 782 17
1041 985 12
1180 662 -88
1476 1579 43
823 1349 -21
534 1641 -53
1938 452 87
1992 1130 -95
178 648 -86
44 955 -33
1208 102 59
484 342 6
470 1292 -40
199 1385 97
1456 444 87
1029 1138 12
1261 650 51
1351 839 43
1292 861 -56
179 293 0
353 763 10
319 712 69
756 1887 1
1296 69 -74
421 544 -92
886 6 -65
739 1687 36
1778 946 -52
921 871 93
722 610 77
1250 456 -79
630 399 34
1876 296 25
1110 414 49
1102 1640 -22
189 193 25
648 1236 38
1210 616 38
1784 770 53
1828 980 22
1324 1904 -88
1854 1109 80
1061 1105 -33
1846 111 77
816 1263 51
820 164 24
33 159 90
1412 776 14
1477 1011 -41
1986 161 93
1099 1857 5
1001 421 64
1293 752 20
118 338 -14
1297 960 48
1922 1314 -69
554 423 47
610 1730 27
1914 266 0
1931 1657 -74
835 634 -55
290 1978 -20
1015 1979 91
1464 193 -57
1072 1974 -56
1026 1697 -32
1493 1216 -79
210 1869 59
1083 111 -2
1742 1083 -95
1182 1643 -20
1810 1695 72
347 1792 -49
833 735 -7
706 592 21
1544 1599 55
351 1562 7
1837 391 -51
1349 810 58
434 1095 16
940 1414 44
1337 1613 47
1901 806 -5
1604 862 59
935 1090 21
1413 584 33
1300 1330 40
829 1355 84
361 2 34
81 698 -72
1949 1922 77
1163 778 -49
444 1192 58
380 1456 67
1474 489 -70
602 1864 74
1788 1567 12
1691 1406 -92
662 428 -86
1525 698 -56
775 1528 -83
1335 1380 -42
346 718 16
1913 872 -29
1853 392 48
1608 1806 -31
1615 616 2
1782 716 67
963 1832 96
260 1259 86
1152 166 -31
156 979 19
1016 21 -8
1647 1172 -27
1255 472 -23
200 1848 -49
1689 1287 94
1338 1775 73
1119 170 -17
831 191 -27
1233 1373 0
1792 1979 50
593 1794 46
174 1821 9
98 1130 -64
1027 1098 -9
511 418 -79
140 449 90
992 1421 22
1662 1599 24
222 126 2
1931 1989 -15
1514 825 -15
1293 1001 46
733 1909 -68
101 1011 72
1069 1468 77
1209 1304 70
682 957 -35
410 787 22
1153 749 34
1096 1260 -57
1712 1866 -17
1608 551 83
1058 1232 -90
197 217 -6
321 999 7
248 240 -14
970 688 87
228 238 -41
1128 231 95
72 1371 -4
731 730 26
1171 608 8
1910 1544 21
249 1035 93
720 1891 9
1989 1846 10
1694 1989 100
1399 428 -96
1719 1147 60
1781 1481 -56
138 136 91
510 597 -46
1130 542 -67
695 570 -90
1095 752 -45
1825 1590 -99
400 1868 -75
644 1604 -83
861 1792 95
1102 458 33
764 227 100
1856 1087 89
1138 1307 -52
721 402 -96
1802 1581 -75
1878 1752 -24
974 616 16
1298 1854 -31
1980 657 14
742 1837 58
1186 1299 56
328 1835 -28
1504 913 16
1425 698 -7
1282 1257 -16
1429 438 47
714 380 -12
1394 596 -37
628 1523 -11
174 1660 -34
1906 314 -83
162 1578 17
292 440 32
1740 1698 -69
214 543 66
990 148 -7
416 1952 -88
89 710 84
1158 872 -57
1828 823 -41
696 1494 42
716 618 22
819 513 11
1400 405 35
338 178 85
638 18 60
1413 1481 -99
1402 1818 -50
774 586 -12
347 1802 -8
1178 395 -57
482 1330 96
893 1780 -21
347 1121 50
670 913 21
700 502 -78
580 1687 98
1191 875 45
1846 244 40
888 1413 -53
985 1452 -45
430 1843 -48
1468 1305 -21
1087 11 -1
580 624 -89
689 1017 -82
642 331 98
1311 412 -94
721 791 -62
474 131 -39
1363 1298 -27
427 1117 -86
795 1758 48
1449 1748 83
1052 280 -31
1064 1667 -27
390 1337 -97
754 1533 -34
412 1486 46
1643 516 -96
929 1513 18
1741 1736 -57
1201 934 83
150 1195 -13
1777 1455 86
1125 1766 70
1559 1756 72
1956 38 24
897 1170 -40
941 403 -87
1618 1147 75
957 1391 -72
1983 1646 32
173 1447 -86
239 769 54
1612 1103 -25
1291 1197 -55
716 1631 -98
1146 1437 -37
1012 1182 10
1561 87 -16
657 408 -85
503 1404 -10
1931 491 -77
1421 865 -7
809 554 90
708 1879 73
621 486 52
1555 1474 62
312 1533 98
912 333 1
1421 1350 13
1796 1295 -93
973 833 78
1333 233 19
760 143 -66
111 1766 -55
1516 874 13
630 1034 80
1521 944 1
135 426 78
1165 733 -20
1907 499 85
1737 1044 -92
411 1940 13
1052 313 -14
1627 389 -37
1079 457 -26
213 81 77
1252 1582 56
400 342 79
603 1676 -11
1457 828 -42
261 948 89
1330 377 30
1695 1388 -2
1692 1060 -57
1926 1411 -49
614 226 -55
769 1022 -41
1847 424 -73
1281 479 77
1203 1893 17
331 1096 0
630 1212 -29
1691 402 67
375 653 -8
795 1916 -76
1990 1 61
769 181 -36
1749 573 -69
1180 942 -57
1102 1065 -97
1805 1609 79
1514 560 -5
1744 1806 -86
1541 1597 -75
1439 1549 -100
387 295 5
1234 423 -71
1074 1365 18
1525 1161 -41
714 142 -54
430 1692 61
338 875 -25
685 894 -59
1165 631 -37
102 391 -11
1026 753 -93
622 1526 0
1377 1328 35
706 1471 -89
50 1732 -17
1566 568 -19
1918 811 -69
1262 980 47
1475 1023 -81
1879 749 -76
1242 1214 81
1863 1607 -85
323 1712 -66
495 1727 97
898 121 -38
1393 1718 -68
1486 1047 -18
1073 1668 52
1637 1446 97
1130 1817 -7
404 1477 -63
745 683 -18
1710 1426 10
961 781 55
1882 391 -55
1844 907 -38
145 1117 3
1672 1889 -16
1412 675 -58
819 757 -56
359 993 -20
865 363 27
1372 1432 59
771 2000 82
1945 2000 24
1128 1808 -32
1039 791 76
1432 1116 84
817 1847 74
1594 652 -55
404 724 81
1700 1876 -97
1409 654 63
1403 24 -79
194 235 -35
1869 1036 22
866 1221 -34
1062 1172 -52
8 92 -52
121 1843 82
619 1675 -57
13 1897 26
345 376 -26
479 1304 39
1872 680 -71
361 338 47
532 365 6
390 1624 -40
1748 1417 -80
1121 303 91
278 1299 -63
127 688 -82
1270 367 -24
1846 1283 -43
1546 740 -15
1095 467 5
426 1451 63
606 1567 61
1531 823 -6
1993 545 -91
104 1377 6
1977 1215 -23
889 1448 -66
1598 800 94
1924 589 18
68 1950 22
1784 1080 -8
627 1871 6
1406 1831 98
624 1120 79
471 1016 -31
357 123 91
1182 2000 -1
573 1664 100
496 795 -23
1998 651 -48
1986 1808 76
33 1541 89
1433 1766 -58
479 1772 -68
240 1588 -39
442 1399 -60
1893 1478 87
28 421 56
1294 396 9
1165 1989 98
897 760 92
1424 403 -51
1858 38 67
603 650 3
1737 1946 -49
910 792 55
339 1884 48
246 778 -20
1104 1351 -34
562 211 -19
128 1990 57
1395 478 -55
264 1512 -58
1614 671 87
127 1948 -69
549 619 74
758 1299 46
842 1832 88
1519 1870 48
1088 1440 -76
1510 1493 -2
1690 1655 -86
1652 254 -47
1828 1381 -42
1706 946 94
777 75 -21
333 522 46
1836 1610 57
1130 1012 -93
969 1189 -19
1997 1706 30
539 134 5
618 828 -84
1521 1490 3
1712 1228 83
1410 573 -78
52 1991 25
74 1360 41
1878 1489 57
1001 1972 43
1228 1832 -15
1534 353 59
1770 723 -29
1481 1486 19
1080 1332 -51
927 1535 -38
28 1184 -47
453 1025 40
1607 1973 13
1593 1827 -56
126 1897 68
271 578 61
152 1162 -25
1932 74 23
461 1015 -79
1809 562 53
638 879 27
687 950 87
523 288 40
1029 546 46
425 1008 -6
1104 853 -45
37 788 13
1438 1542 -83
1609 1150 -35
1755 1707 -74
799 993 -15
1014 1050 -42
1588 1364 -41
475 468 -72
1216 1672 -95
670 959 -89
682 738 -4
1833 212 91
231 1297 35
136 891 57
1857 1847 -96
903 349 80
278 748 45
129 1236 47
628 45 -75
366 1107 -5
964 1080 93
1810 1754 47
769 1908 62
1030 375 -46
1005 1543 -62
259 1356 -45
474 114 -79
1423 704 65
498 1668 -80
428 1403 -89
155 30 25
1242 1659 43
1816 342 86
80 92 -52
165 1791 38
1240 1734 -59
1408 1920 93
244 657 -83
647 42 -95
602 1384 51
133 860 67
1031 443 35
1657 1092 -100
1070 1396 18
674 1234 -98
1332 352 86
1766 936 22
1372 669 -28
1626 1527 70
1731 1586 65
286 1952 50
1238 1831 -98
1132 526 -53
614 198 16
1920 919 79
1378 1726 34
1276 808 -72
929 702 -51
226 254 -78
1423 292 -75
52 1057 24
988 1404 75
1239 476 -77
1168 1531 -48
153 65 43
28 1848 7
1704 1104 92
233 4 88
1340 279 60
518 104 -66
1123 57 88
862 648 17
777 1752 -95
539 851 68
1921 1370 94
1885 123 -77
320 15 8
1349 1506 -2
512 1436 40
1861 958 18
693 1124 80
815 1856 33
447 1059 51
1174 204 87
1642 835 -15
269 1089 11
120 1828 -10
398 967 -19
246 879 -98
679 1844 -68
414 1171 82
1642 961 -42
1985 1357 21
1681 1699 -58
1473 291 -48
1834 897 42
1121 1658 -49
477 1183 -28
1513 540 17
987 297 40
973 1402 -84
343 736 40
1593 169 -34
390 1115 -29
1263 1832 75
227 697 24
119 1528 75
73 49 -75
1190 1692 -75
1444 379 -17
1980 304 -82
1808 1678 64
881 29 -77
524 1497 84
1723 439 65
1620 1595 -100
450 540 40
1261 1932 81
1675 612 -42
659 778 72
1829 255 100
1043 1264 61
64 481 -8
1924 167 47
1785 1473 -18
309 1410 11
1888 817 -70
88 196 -96
1780 902 55
442 1969 -74
611 846 -31
1553 344 87
1874 886 -77
1844 77 -47
1231 638 -71
349 1688 79
538 274 46
546 961 -68
1447 1421 98
1312 529 -6
41 628 77
1041 296 -97
1881 1055 -68
965 1729 6
165 1438 -43
41 850 93
1357 479 43
1186 1930 -51
253 1206 -39
301 613 35
286 1273 85
1124 3 -45
1270 442 -3
1370 1153 1
688 221 9
1791 472 -87
1567 65 29
1240 1088 48
1155 862 91
658 1007 85
175 864 84
1527 786 -18
1312 1566 -90
377 566 -76
966 144 -21
1597 50 -39
554 986 42
888 1702 -41
1033 603 64
811 45 58
1783 528 -72
1928 744 17
1686 1445 34
985 638 38
1602 507 10
1967 1714 30
1883 1951 -2
1789 549 67
1903 605 30
1271 1371 64
204 595 1
782 869 -83
1086 794 -53
929 1729 16
1475 944 -54
44 735 56
1123 1853 90
1011 801 -31
334 243 76
909 1642 -67
556 1179 -77
712 943 -94
730 1956 28
290 524 -81
837 1762 -56
1784 1977 91
1439 1616 -76
1579 293 4
1531 448 43
1791 1368 92
447 389 41
1943 1269 58
467 865 -3
907 900 7
776 203 -97
1621 93 -46
1978 962 -83
1963 1809 42
1074 474 -94
1239 1161 20
532 617 -55
555 794 21
643 200 -87
255 1977 60
1187 1486 -73
551 1227 8
77 203 40
1240 1223 5
1382 117 -83
1434 1808 -81
1783 253 14
1029 609 -55
1472 1390 -1
1954 1095 -92
566 292 6
41 606 67
1400 15 -78
1841 1942 -94
1834 348 -38
97 388 59
378 1600 -35
541 1364 60
112 588 75
220 248 -10
1792 1790 -83
1483 391 8
1212 270 26
174 12 -77
1182 1889 11
398 323 -28
848 1336 -90
877 1633 -63
425 1775 -73
1203 1896 -8
521 1220 -52
1409 767 39
34 1144 70
1479 1095 31
728 1938 -11
609 1318 -29
1769 1434 75
1937 1835 87
1848 1158 -3
1735 563 -59
1957 1199 78
1526 1399 -2
743 1503 -77
1929 133 42
1265 304 -46
1260 1666 -34
787 1497 0
1689 1115 -24
225 1125 8
316 1591 -100
1185 1593 -87
564 26 48
552 1095 92
505 1411 64
1595 1897 -26
533 829 -68
368 1766 17
1895 1230 -82
1400 782 -61
1416 1464 17
1211 684 52
355 305 -79
86 1589 -11
1784 1551 -59
1563 444 36
1846 186 38
106 902 -53
732 250 -90
1469 1133 -60
910 319 18
1057 1179 -29
1963 604 -98
1563 1429 43
578 485 -93
1158 177 -67
1592 282 23
270 116 85
329 202 14
483 439 -69
923 1069 9
1533 871 -92
185 386 41
1555 62 -88
1780 1893 -66
471 1202 -87
1145 433 70
1766 1709 -11
1129 1842 -62
1381 518 56
723 1238 3
1008 246 58
1608 390 10
462 30 -56
622 1633 25
1834 1687 59
1675 1514 -80
1460 1548 60
1293 937 -41
1566 526 19
448 679 15
1531 494 11
1490 1870 63
1444 252 -51
917 538 44
1924 1218 20
555 1866 -95
456 1788 -77
1384 218 45
487 185 -84
836 1975 -91
600 697 -12
929 285 -26
771 313 -5
1713 850 78
1207 1141 -29
827 531 -81
1295 933 42
178 619 -71
597 1871 76
38 101 -91
187 156 10
1988 319 93
623 1419 90
1572 1711 -47
694 1499 -69
1191 1249 -6
1779 869 73
764 1203 87
1827 132 -57
349 879 -41
1862 1136 -46
862 567 50
1374 1568 -53
876 66 -71
1140 166 14
1116 863 32
78 1747 25
1038 1723 95
1865 322 -96
912 225 43
769 1235 -43
605 4 11
87 398 -95
1643 20 67
119 1549 52
530 936 88
915 54 68
1424 1251 -15
52 110 8
1130 81 -85
1886 1863 -77
684 1029 75
1087 1064 -41
317 140 66
663 634 47
581 1835 76
1258 1118 -43
712 825 -68
420 1217 60
764 335 -62
957 1848 -80
1445 1044 68
1366 499 -92
714 864 46
135 697 21
1360 332 -80
217 96 80
815 1917 33
1374 196 78
156 1993 -80
1891 1330 37
1902 1792 -4
849 517 87
1443 374 -97
1810 1894 -10
1487 728 58
87 1168 87
1690 1823 -48
1298 698 11
1034 554 -41
302 1039 10
1110 746 97
1406 1058 -43
1180 483 6
377 51 -63
1422 1187 29
325 512 -88
1930 1796 40
760 400 44
878 1924 -7
593 1295 58
263 467 17
1205 1692 -51
466 1273 -43
1039 1087 49
1604 338 -85
1558 1983 -17
881 1910 -69
1376 698 38
273 1148 23
759 594 100
808 811 71
14 615 23
1327 988 12
1179 1910 8
1340 793 68
159 471 -4
1350 508 30
526 1800 -3
311 844 91
827 377 -73
1786 665 75
494 409 82
1694 1605 12
962 13 34
548 1174 -66
312 839 74
1298 966 -91
225 1806 64
766 1873 95
1689 471 -84
96 820 -85
1042 1496 -12
305 1459 63
903 1004 -75
1492 1581 -12
630 1551 -5
1567 823 -94
1124 1359 -73
1054 1771 38
928 766 44
1727 1612 -47
1100 1044 10
970 1616 92
1951 162 38
1910 179 -59
1590 999 34
1510 1416 6
228 664 -7
309 1429 -90
1491 1232 59
857 483 -65
639 964 54
296 57 57
1907 595 -55
1165 159 -71
1204 1379 -30
181 1778 77
469 1462 -80
720 1320 91
589 623 -5
625 1707 14
1677 1854 -14
7 806 -63
997 1107 -97
293 507 -1
1682 279 -4
1479 1853 -91
307 1701 -66
1491 579 4
1923 838 87
875 1765 -47
527 1498 -57
557 1178 -42
1506 514 -76
325 1950 1
1554 1083 -88
167 130 -27
889 839 -91
1484 22 41
324 598 -30
846 7 -5
1264 305 21
1242 384 86
1453 245 28
1414 1574 -57
1407 1469 -35
1776 1523 -89
340 1668 93
1323 1557 -11
1775 315 -31
494 1724 -64
114 1266 -95
1321 1631 -13
437 1237 -54
354 1042 26
1908 1843 100
472 1189 73
1574 165 65
1541 682 93
63 1347 -79
1273 907 -29
1142 524 0
1906 984 25
1878 968 24
1253 312 87
698 165 -72
62 1075 29
1702 1934 97
518 1771 -24
509 1964 15
233 1759 -98
1537 1475 -43
1784 1505 -96
996 1931 33
1930 992 9
1125 1328 -73
890 1712 27
1427 1840 -19
1324 788 -35
1966 591 98
641 811 -22
1817 1107 -65
374 518 -73
725 656 26
19 458 -42
375 71 -74
1850 402 5
1583 1282 96
1172 1796 18
493 1864 -61
1874 1888 -75
289 1411 -7
503 1890 23
1504 577 -42
698 177 -74
1523 995 47
662 589 52
1744 1594 85
1514 1656 94
1413 96 58
1104 1011 11
757 1351 -79
549 1761 -42
1439 231 -51
1427 1950 89
844 1602 32
1363 1168 37
1612 1568 74
158 135 96
687 1693 -78
1342 1148 82
1770 1480 -97
283 338 43
501 1179 41
1493 510 68
487 452 51
45 1117 -35
340 263 -100
113 339 7
1886 1536 94
798 1909 -55
1344 553 32
338 1903 -29
1022 106 -49
1478 556 51
729 499 96
775 1277 -49
1660 1818 -94
1791 1021 -29
1265 1842 -28
353 427 11
561 1877 54
858 1090 -19
1687 1060 12
1581 424 68
1956 1720 -86
84 37 9
1141 642 -6
1241 1703 49
1887 1414 -54
1647 918 84
1294 145 -6
1375 64 22
1821 1134 -4
1384 488 -66
1320 789 -10
1081 880 20
37 713 -43
1591 1808 62
608 303 31
1568 1947 -9
1267 1576 -70
960 1781 100
815 1269 30
1707 727 46
1110 1085 -91
94 570 7
1308 453 44
1562 1855 -99
763 1439 8
1869 350 92
1439 393 2
1283 1969 87
1060 436 -25
720 489 58
1006 402 8
1129 1991 -52
1354 190 -68
1874 1598 -54
731 545 -64
1812 1894 -35
1466 299 78
1305 215 14
1158 138 74
1240 653 40
1229 1712 -14
1732 433 46
933 573 30
794 1373 -2
789 1663 -29
164 81 2
99 1401 -66
1873 1142 -79
1522 704 -90
710 739 -36
565 1344 -80
1203 433 99
744 1127 47
1024 1984 -32
1896 1814 100
1997 1121 84
1268 1911 -5
196 1712 -99
889 661 64
242 1965 82
535 379 -53
347 674 -100
1856 1115 -47
146 1700 98
213 857 24
1969 1180 -61
553 1276 89
1086 190 49
224 142 60
1117 501 65
1061 169 58
40 1678 86
807 1384 89
1177 275 -20
353 1159 -75
1190 1034 36
642 691 58
124 1051 -45
342 524 95
1211 1687 -75
288 707 56
1499 1850 13
976 1525 36
485 473 31
500 1817 -82
1349 485 22
1183 852 83
1983 1031 39
1052 1247 7
1290 448 -56
1029 1873 -45
962 1273 -93
1207 1674 27
252 366 -42
760 1039 -36
575 1072 97
1721 364 -6
1693 823 3
1451 1252 -93
1998 826 17
1654 1001 95
1326 695 -76
758 693 84
582 861 -5
1766 1502 20
1254 1803 -5
1938 385 -59
543 1309 -31
1380 405 23
272 309 -58
592 1155 62
1817 469 -72
258 1300 44
674 524 20
1573 1086 84
561 1370 -90
262 1139 -19
1180 464 -49
1247 1858 50
879 127 43
46 1142 10
1580 1370 7
1408 406 92
1682 207 98
1024 1099 16
329 676 28
30 780 71
97 1867 -59
576 818 7
1889 1035 41
1559 1690 65
1925 899 11
169 1760 -85
1159 731 -38
1642 1446 55
583 1909 -52
113 801 -25
599 1461 77
991 1575 98
1574 683 85
1945 748 96
106 726 -99
1506 1412 88
1108 325 19
217 1405 -74
739 1864 39
10 1534 -11
1556 1517 14
1038 815 -44
738 389 53
1891 369 -17
817 861 -77
215 844 -94
719 838 -17
299 1052 -75
1871 340 59
429 440 -79
588 453 -24
609 1223 62
937 756 -97
1513 1773 -45
258 1496 -66
1762 1243 -6
159 1738 -7
218 402 -64
421 155 71
1791 1734 -98
769 732 64
1782 800 4
1441 562 81
1088 940 53
1311 1875 -26
404 967 -51
917 1192 12
1462 546 -59
1387 478 99
1561 40 28
683 1757 1
1989 780 -42
1482 827 -73
1597 1731 57
1094 1991 88
1645 261 76
375 1701 -82
731 1066 -33
209 1521 100
175 703 -74
1666 1557 60
321 1404 -1
886 1919 33
1671 754 81
1591 307 88
356 1676 65
868 1327 85
1814 1167 54
798 36 -84
339 857 18
388 151 33
186 951 -91
378 1819 3
1364 465 -30
1249 766 -45
1840 1219 -75
1184 564 69
114 1379 36
1423 592 41
985 407 94
1816 284 58
250 747 68
87 1868 18
36 952 29
1373 11 -16
495 87 54
1958 405 70
1414 496 13
595 1947 47
1419 94 21
1134 561 59
327 1542 23
589 1567 -31
1610 497 -80
1026 1950 -38
270 1986 -68
1038 87 -44
131 1632 63
941 332 -69
777 22 -33
1871 1299 24
1879 338 20
1418 225 78
1391 46 -2
1759 1856 31
1556 1748 -73
165 1207 -87
195 344 33
844 1705 -61
293 623 26
1651 1466 -40
1056 28 48
283 1381 40
1689 1995 57
573 644 82
166 814 -86
736 426 61
934 725 -3
1402 145 -75
823 713 82
464 1822 6
427 489 57
1188 902 -100
1735 1376 45
736 1044 28
1889 1187 80
789 394 19
1591 1562 26
1527 553 -65
362 1026 -56
927 1904 57
280 495 -14
742 885 34
1376 1283 -27
428 1000 -53
1773 1572 7
636 1794 -44
1470 682 75
594 1966 33
433 802 -42
551 1359 -65
463 1967 84
299 1915 -88
1708 429 17
109 1621 72
1050 1199 28
11 89 -29
384 233 -3
304 1364 85
294 262 -22
885 1624 65
217 1471 -53
69 1569 -78
386 994 -43
161 1251 -35
1922 279 -34
1158 1945 -73
1437 1676 -96
324 328 8
571 1902 -41
1255 1638 45
646 254 -65
1088 1997 -21
420 525 40
1078 20 12
1902 675 73
1277 458 16
299 1560 -36
938 175 -47
479 820 -77
1830 1679 -12
1463 1933 46
544 599 31
492 88 -8
1571 1313 38
733 1313 -56
657 1675 -92
590 1311 -26
732 1026 -5
191 996 87
950 107 20
1612 734 -92
1284 18 -57
1042 33 -100
968 1178 -55
1 365 45
1657 962 93
724 584 -39
1696 1434 -20
343 113 29
1085 1848 -64
1847 1040 -54
982 1609 39
13 333 7
1333 192 14
721 1387 -35
1641 1887 27
555 992 2
561 1111 -50
1370 576 -14
519 1110 45
680 203 -24
35 1978 55
9 1042 56
366 1230 -18
145 234 -9
365 65 43
562 564 54
475 1048 85
801 428 31
535 1520 -94
1896 1834 78
1528 1620 51
583 1588 82
1646 714 -31
166 381 -82
1588 155 -69
756 1818 -52
620 618 48
685 66 -19
444 581 -85
1807 531 -85
1115 209 77
850 1236 46
277 777 8
1141 939 -22
1774 231 -56
1244 607 -53
1055 205 -90
441 942 57
1202 1055 0
1814 919 -27
559 1925 97
601 1216 26
369 1569 63
503 1732 -58
300 73 -15
33 1367 96
1583 353 59
1029 672 7
1597 170 46
766 1211 -95
802 1166 -55
509 184 93
422 1992 -37
827 10 -25
1478 228 -31
1256 1331 -92
176 1394 79
1788 1998 25
1572 401 68
1375 1000 87
1891 1058 80
1513 1829 -79
476 597 75
491 829 76
910 7 -62
728 1642 -60
1451 609 62
526 1447 -74
570 682 -95
246 1290 -98
1280 1830 -12
1400 13 -93
162 398 37
1230 1481 97
832 1712 28
708 1842 -93
1905 192 46
1269 1814 -36
1723 519 -75
1958 1620 48
1980 1463 18
548 542 -11
804 946 29
1435 1229 -57
210 761 -79
845 133 -53
967 1940 -40
1076 1826 77
469 1853 -10
1009 508 67
642 922 -25
1337 237 -25
1877 343 24
777 1270 32
1023 823 -68
907 633 66
1963 1226 -33
834 1594 82
245 1852 39
955 396 38
1353 633 -48
639 1045 -29
1393 323 -71
1962 122 -75
1804 499 90
1022 742 77
1412 1866 47
576 455 -8
1335 412 -13
1810 624 41
1492 1946 2
525 1613 87
1358 491 -18
473 1812 63
81 1138 9
244 283 -13
122 1207 -55
1610 1334 31
1234 1507 -87
839 1881 39
519 1524 -29
1196 1146 -57
1183 958 -90
466 338 -56
1676 635 -47
1603 561 5
513 592 -31
46 171 38
1313 101 -81
1359 145 -54
1312 677 -8
1773 1283 59
778 1456 37
1115 418 7
742 1715 71
563 844 10
154 713 26
620 736 -52
1032 336 10
542 723 -12
683 1571 63
1972 586 79
521 1613 10
628 1079 32
700 793 -78
161 1998 41
671 1179 16
1627 1588 -29
1874 959 -58
1907 603 78
1786 1357 94
779 851 2
1477 1316 -49
1408 1223 -31
1257 1585 -29
818 1798 38
1736 365 32
1566 660 -62
279 922 96
1595 1582 22
422 714 -94
266 854 -9
1677 444 -48
1947 673 91
693 1973 -10
865 704 2
1632 282 21
838 1751 7
1925 1953 49
1877 1936 -31
1938 1050 -13
737 621 -49
90 128 19
1756 769 89
1793 48 9
1509 1366 -95
1580 405 74
405 415 19
59 981 16
1994 524 78
966 1180 88
1512 505 -66
847 1260 79
497 640 -17
734 818 -16
472 893 -58
1702 1250 74
94 33 -77
756 1004 61
1064 222 72
896 1245 14
1613 278 89
1507 1992 -19
230 698 97
1881 358 83
1188 999 40
555 1907 53
731 278 10
994 470 -61
272 621 -19
788 104 -56
579 564 -69
1170 226 -46
483 1919 82
327 1496 -49
760 301 69
212 470 3
916 577 -30
199 235 -72
441 1335 -76
1399 907 -82
1158 1485 -1
1603 1660 81
326 172 100
1241 1100 -35
588 1093 50
784 1172 -42
519 1157 54
1699 64 88
1538 1792 -17
656 1984 50
311 1198 35
252 376 22
1549 1696 -81
1077 487 20
1781 1156 97
225 1815 89
600 533 57
520 1052 53
430 360 92
1038 414 -2
237 1761 -26
14 438 100
603 1345 10
810 1456 24
1072 752 41
1899 248 -51
286 1904 -19
1483 677 22
206 1151 -87
210 1223 54
718 495 -52
1578 1944 59
399 983 -73
777 1022 -60
1227 1865 96
274 1815 4
1275 1976 -100
614 1249 31
1551 1783 -66
732 602 44
799 1233 -56
1645 1028 -34
438 1348 92
1238 1807 -57
1830 950 65
642 1143 20
946 504 2
736 318 70
331 137 0
1602 1182 -82
1595 479 26
1234 280 -13
1251 588 -82
1752 1990 -56
1794 592 33
1038 1077 -46
856 75 -92
1712 1904 -58
21 635 -79
154 98 -55
307 1719 -34
603 398 -96
701 722 -89
798 1652 -43
257 146 -42
1028 1090 -94
487 843 -92
1168 1032 60
1265 1447 85
1655 1584 60
645 1146 5
1771 1581 21
1083 760 0
255 1830 -15
29 1623 -62
559 1995 81
171 1569 -78
548 1136 42
844 95 22
1629 1024 -35
295 1434 31
67 441 10
498 1538 54
1182 701 -7
1067 1654 -75
1534 1724 -60
313 1554 57
935 634 -87
1975 1174 94
1512 1721 49
364 858 -30
218 1991 -24
1917 558 -1
298 921 28
1900 9 -1
1790 1815 -15
177 1265 81
959 1966 93
26 1647 54
1157 1713 -25
616 1197 75
1735 668 -15
1990 1578 31
599 1230 71
1688 1972 -75
1125 1707 -39
951 885 -27
392 216 99
1394 1293 62
475 1611 -14
1535 1373 -18
270 1238 -33
291 245 -59
1617 1754 -35
882 861 -83
1295 1520 74
1897 1240 -100
1292 628 86
