2000 2000 100
586 575 81
1216 49 77
986 1005 15
924 312 -58
1368 470 99
1647 1715 -61
781 754 -16
1623 1208 -72
693 60 -100
808 1505 6
758 1145 -20
479 755 38
1952 482 -37
914 486 -13
321 1708 83
1459 813 42
1483 1281 56
1510 1977 -67
690 1400 -12
1723 967 -89
1080 180 32
222 97 47
48 707 98
355 971 -60
307 1016 -18
343 1832 100
1867 1859 -79
1776 1690 73
1807 1098 -28
1167 180 9
72 1467 -92
315 662 33
1446 1153 57
3 1196 43
1548 1311 64
1846 951 -43
1146 1946 37
254 1688 -52
57 24 -10
413 209 31
935 1585 -38
143 611 11
576 1220 71
1221 962 -36
1150 1977 20
384 1405 58
371 1367 -28
1460 311 7
1678 1828 -7
1450 487 -37
1646 392 66
132 191 19
647 1256 -26
791 1684 -72
933 544 -72
1871 1561 -72
1371 867 -14
1563 460 83
1575 130 -53
207 1137 -97
1919 1408 86
1903 1048 -45
694 1931 -99
489 1128 -88
438 172 12
1218 5 -64
573 1593 -24
1049 365 -6
139 284 96
1630 1284 64
1109 574 -93
37 604 -41
1549 727 -96
1703 1539 -26
53 547 91
239 734 -95
1696 1235 67
1933 1918 67
1178 1438 -76
1844 388 -92
912 1551 57
474 1812 59
1228 1612 -29
461 1698 -67
814 897 4
85 1855 -99
354 1636 -69
1498 1635 6
974 1231 66
735 435 -5
9 847 -7
18 478 76
72 486 3
1814 1877 88
1733 1930 95
2000 1027 43
1639 474 -80
1944 347 99
1214 1234 -15
19 1911 56
688 917 -42
457 9 99
1384 2000 17
1298 1745 21
964 1524 -23
1272 628 91
1323 1520 -2
321 249 91
1017 1278 -20
1750 794 -9
61 1050 -90
40 1614 96
950 51 -92
503 1137 55
1486 137 -69
1106 397 -47
1763 430 25
1710 189 -72
628 1501 -94
172 1352 3
834 1413 59
1650 1962 47
283 377 61
450 884 -72
371 837 0
884 551 -31
1655 1878 -41
1792 1765 -56
1792 385 100
143 649 42
833 1118 28
76 283 -46
641 1519 -88
1269 1371 -23
545 1985 32
405 975 -71
327 897 76
1255 1455 -2
1127 189 20
1757 1385 17
1897 1881 58
1302 1843 -79
1859 1370 85
603 587 41
1705 696 -20
427 128 -23
1027 1974 -17
1070 907 38
502 768 66
409 1556 -80
1277 1405 98
608 1150 -54
1246 1098 74
139 1116 21
852 591 -3
1592 255 28
1481 318 -44
1625 51 46
1837 1602 100
1864 741 -95
403 29 26
735 294 -12
811 221 1
189 1808 -7
466 1960 -34
968 1059 32
1864 108 85
363 111 88
399 1228 -11
182 1509 -70
561 1221 -99
169 1259 1
451 589 80
1977 391 72
1966 1846 -32
1829 199 -68
1618 35 -65
861 339 -87
1249 1347 65
1775 1975 18
1223 1561 -58
1417 810 9
761 625 -8
7 638 -7
1084 1439 40
884 546 10
1059 1991 85
1889 1814 76
112 114 9
1189 247 98
812 604 -63
541 320 -84
1295 246 77
1654 1586 -50
1597 1214 13
1487 1140 -71
1367 1661 -13
443 108 18
1467 261 -22
148 110 -88
1862 435 -46
937 269 46
1800 1908 80
262 1573 20
1900 107 -6
1973 1838 -31
1495 662 -81
421 159 43
931 1999 -96
1279 337 -18
930 630 80
294 1411 0
414 1331 30
271 1470 -57
420 146 26
573 300 15
1652 1574 -28
98 941 -17
953 87 -20
1837 3 89
397 641 65
1987 273 -65
1759 425 32
1957 1055 -48
194 1285 4
1295 900 94
1551 234 55
1033 1469 38
535 920 -40
1849 85 37
1319 1135 15
510 917 -6
320 1370 9
1675 1973 -99
581 1103 3
722 42 -64
86 627 96
422 1147 -74
1400 211 93
969 486 -69
1593 548 55
1993 382 90
1011 863 -19
1240 670 -12
1387 1870 -88
6 1362 -2
1895 890 10
995 309 93
412 1261 51
989 1655 33
1663 914 -22
115 1849 52
1262 83 9
1264 1716 56
715 794 1
1478 405 95
376 1810 -68
79 1527 -46
1680 567 2
1911 1619 60
1659 1135 -75
1917 700 -18
537 1112 -56
239 1743 36
1871 1706 -3
212 1725 -28
145 1285 34
1303 1147 -27
1533 1026 -83
1224 1084 45
252 147 14
408 516 26
1947 145 -4
1119 1864 62
1291 891 -88
1557 823 -35
452 695 -46
976 1870 -90
743 494 -52
702 729 -59
1705 541 24
244 1866 -36
729 807 22
1051 773 20
914 1052 92
879 1272 15
1481 351 0
27 474 23
1806 1292 3
1241 1845 -68
816 1045 5
857 1545 79
1147 744 6
1623 224 -65
306 1512 -91
837 882 -93
1643 349 5
1645 1193 -49
1378 657 22
100 1805 -8
1482 1115 6
1702 1725 84
1538 1969 -24
1576 732 -48
1938 166 -35
1575 1720 21
859 67 -97
1058 766 -87
687 23 -26
1769 367 -56
476 720 -90
1530 312 -75
1509 430 -94
362 212 -57
1764 519 13
1778 1684 24
109 1623 -31
1145 1428 -59
426 1339 13
1025 845 -65
309 942 3
879 77 -90
1329 6 -85
322 1823 59
655 1271 -13
655 299 -8
1861 1409 96
1869 1308 -20
1037 22 10
1828 130 -69
1103 369 0
1 495 -86
78 1216 -60
1697 1132 66
483 743 -69
1384 1751 -40
859 1780 -100
426 789 -12
935 884 17
1697 1241 53
330 1747 51
381 850 74
1090 479 32
1347 798 97
1159 339 -2
1096 707 89
584 1351 -38
1271 1962 73
297 1000 -55
9 1054 -88
1439 2000 -58
936 1694 -15
148 428 54
1840 1763 -6
1776 1143 73
335 457 32
1532 1208 83
188 646 -40
958 1663 -97
1315 1606 -77
534 1961 -36
1271 1749 -28
1841 615 -30
1233 829 15
750 996 50
646 273 87
544 1049 -71
80 84 13
1684 1247 -21
1342 118 83
742 1077 -57
357 1036 -11
340 162 -91
704 779 -91
1592 1326 43
990 450 -29
1994 1942 40
1311 1371 21
1977 1478 -64
333 706 -8
1661 135 99
698 1182 12
1959 1617 79
942 1649 -55
387 1216 13
620 1567 -55
1236 1889 47
1147 594 -93
1432 1329 -56
1456 780 -77
1456 757 -4
1717 780 1
1202 1766 -15
1424 1192 -39
1145 1613 -92
578 272 -40
1248 1043 -15
1828 258 -10
1337 1580 7
26 1211 56
1123 229 36
482 4 53
383 1629 -40
1974 1872 -97
1737 447 54
730 441 73
972 1550 35
881 1552 -57
1898 162 74
1001 1971 11
1868 1472 -74
1617 1181 -43
810 1643 97
294 1391 22
999 657 -80
363 505 1
581 1183 -18
1022 1854 -10
1976 48 -20
872 200 -45
1708 1886 -90
1320 85 77
636 255 -93
1796 1874 76
1319 1470 -6
293 1714 -76
573 427 -91
1779 1292 -61
1879 1204 -99
483 658 54
1371 1270 100
181 1317 -18
1492 305 -33
1421 34 70
1367 950 91
986 895 -17
1887 402 55
1695 1176 -40
1299 612 -2
1413 298 -78
1136 1970 62
1592 109 77
1485 443 52
1856 575 -6
1369 912 37
1770 1924 37
502 1890 -19
1469 1795 -60
873 1495 -25
1721 673 -77
1134 1783 -50
936 1787 81
1915 198 -28
1334 1638 -42
1725 1588 -70
130 1764 58
1417 1741 -20
529 1240 -7
201 999 -81
182 1950 -31
1986 1737 54
230 527 49
685 838 -58
495 1612 -4
32 1154 54
1907 1257 -27
242 1310 -68
1863 670 78
217 307 -27
864 1903 -10
1190 317 57
752 329 -58
722 552 78
156 120 -45
1676 1920 -52
410 26 97
885 1531 -69
385 180 -87
1609 1489 -25
1305 534 -62
931 1486 -8
477 721 -27
1467 132 42
318 799 -7
1150 1113 -38
1316 1388 6
1801 366 -12
869 1705 -63
678 1116 -99
180 424 -39
1781 1959 41
516 1369 -60
611 1779 -15
155 60 59
1531 820 23
1762 1044 -44
301 278 -84
533 239 -73
618 833 9
876 146 -70
1431 1765 -8
120 1628 -15
1992 1962 -32
1874 619 -70
701 486 69
213 1415 -22
1633 1710 77
1178 1789 -100
1285 493 22
342 1473 -30
298 809 -7
1254 375 -86
1140 424 -12
825 1539 95
522 102 83
661 1067 88
1684 1380 -29
1199 184 -34
1392 864 34
297 1918 51
793 61 33
816 761 -84
1523 1663 63
1512 1449 -91
655 1281 -22
514 1767 3
1458 1793 -75
1278 1773 56
355 1249 21
1918 50 -75
659 1704 -90
95 1400 -46
1982 1737 -6
75 1817 92
1517 887 -88
1504 1956 -32
1742 1774 -82
1552 269 93
1403 1174 81
1478 41 93
616 1279 -71
1111 823 -46
1060 1592 -86
1915 922 -33
1430 451 95
1813 1068 95
687 313 74
56 307 32
1596 1645 -38
888 649 -64
616 1264 -95
1554 1024 90
662 669 33
595 1713 -1
795 7 -16
1838 1875 -53
135 1180 47
174 991 -2
161 1635 52
1710 1379 -4
1009 1021 -20
831 484 -61
149 776 -10
444 623 -60
682 1458 -89
1211 1316 54
605 655 -26
909 1402 -82
1226 1374 -91
798 682 -21
1658 548 37
628 1979 79
96 859 -40
1050 1134 43
1851 275 -52
375 638 -70
910 624 -22
304 1896 -66
989 1683 24
108 1403 -87
819 1057 -95
1425 1080 77
455 1528 90
1773 86 -22
764 1955 -82
1805 1591 54
1228 261 -92
1292 1529 79
1231 170 16
1207 1239 41
1643 1242 100
1361 1474 -69
101 1660 23
1164 582 -97
641 1177 88
530 1209 -69
71 1783 -81
1439 281 -8
281 831 -55
446 1252 14
1262 90 32
1279 1640 5
510 1766 -32
1573 343 48
1342 813 40
1005 395 77
495 848 83
923 16 92
590 129 12
736 1191 98
1888 80 81
233 1280 47
948 489 -87
218 205 32
1738 1498 -75
1134 1279 -31
141 1918 -76
628 567 57
148 1032 -21
116 876 96
368 976 57
1350 836 89
57 694 73
232 1823 -19
180 1207 -11
599 1757 -9
230 347 95
1670 629 -1
403 856 74
1878 1049 -92
1675 1511 -70
276 1217 -41
240 974 55
1263 561 30
719 886 95
723 1342 -21
1940 1297 -72
696 1379 62
918 1320 60
273 1655 62
1013 1884 57
1062 1353 3
1599 605 13
1048 1952 -94
387 349 -77
1487 38 -28
1235 452 -15
1116 1400 -100
1161 1788 -98
284 393 17
101 1427 100
1883 629 35
682 1588 15
1357 356 86
273 324 18
1295 509 58
406 1290 71
947 658 44
1883 518 -65
395 1883 54
331 402 46
747 1765 90
894 773 86
1845 1271 -70
938 153 49
1940 1241 -84
407 852 21
1979 846 94
1473 1020 80
692 1761 41
179 423 -30
1878 1118 -62
775 1878 -94
37 184 16
537 387 22
1932 785 43
773 1496 88
1886 406 49
714 1794 -3
1852 83 57
666 1146 19
685 1063 -56
590 1713 -83
622 625 98
470 203 -46
1867 790 -92
622 362 97
1693 209 99
1726 1926 -72
298 37 34
400 806 45
1564 895 27
256 1592 -35
493 1145 36
1564 869 -29
234 1214 -59
1538 989 -35
1956 582 56
230 1308 50
1935 1492 -67
1865 84 90
1804 1950 78
273 1789 91
1661 1632 -79
397 721 -60
1242 336 52
1236 1212 -35
14 909 -35
1391 721 96
508 361 -70
1283 1303 43
386 1571 -79
1692 1037 67
1579 963 77
1140 1293 -61
1108 897 -58
1851 1952 75
42 1953 -46
558 389 -19
856 182 65
816 1401 -45
480 721 -49
1313 324 13
1226 167 83
1182 1651 -15
1653 1735 19
1068 647 -52
911 1868 1
1722 89 -100
1858 708 39
704 904 -67
1209 100 47
1417 150 -44
1584 1255 74
1569 1127 -11
273 766 74
1500 1414 19
1074 1548 -61
812 1439 84
1229 1119 65
1691 649 -66
916 1229 -89
783 713 -36
939 1907 -4
365 921 28
564 25 81
358 465 57
248 959 -87
1664 1410 55
826 329 -86
1402 538 -23
1890 1704 -34
1128 1130 62
73 639 42
162 1855 -57
1628 1723 -69
460 1810 21
288 1756 38
1893 1647 -5
1824 1071 29
591 734 -84
1148 138 73
13 340 92
1204 1583 88
508 1226 87
758 1483 41
393 1791 44
1768 1136 -96
1252 439 -27
1124 273 71
300 1005 -69
1294 1220 -71
611 1959 -93
1083 82 -66
1385 1312 -57
1324 1219 81
435 111 -35
768 875 91
16 1720 10
1098 1224 15
1888 218 0
566 213 -59
1286 1978 30
1021 191 73
43 122 6
1321 1401 18
1036 1749 -37
1895 820 64
801 1317 70
1420 343 97
50 616 -6
917 1725 -92
1918 22 -70
1794 45 34
1420 24 20
1055 936 -18
1638 534 -62
1776 462 23
1746 1954 -61
206 290 -11
880 1825 -91
1970 1272 3
625 129 18
1964 1245 -40
920 1513 56
1417 866 0
1098 920 -28
1507 911 47
1957 1328 34
916 1466 -50
781 1940 20
1612 954 28
103 1595 -85
1108 581 -22
837 1040 -12
1502 320 -27
28 1311 -49
108 42 85
1453 782 64
376 1905 70
1956 679 -63
1317 190 -86
33 366 -26
1958 1681 87
194 880 -58
275 1416 -55
270 820 79
1969 864 54
120 845 -82
587 962 -27
557 741 -68
1295 793 -42
1641 1537 -60
901 1597 46
1896 1140 -28
1020 1019 25
316 1932 -81
1401 749 18
813 1422 -74
385 379 -35
372 576 39
1508 1849 70
1917 705 -29
1597 740 29
1418 1826 -6
651 770 95
402 572 22
1436 1883 85
63 192 -80
1870 870 77
166 809 -32
1515 1024 89
1379 72 73
143 1673 34
1617 763 -60
563 1097 -77
1219 437 18
943 910 76
49 1042 81
1762 1608 38
710 1101 58
1045 939 -31
491 1203 -46
702 453 -3
592 533 -41
1777 568 -20
63 1237 54
1278 872 -97
282 1945 -92
897 1152 63
1751 1595 87
1059 819 -36
85 282 -95
157 476 90
1716 238 93
478 1251 -22
1679 1262 -7
1512 531 10
902 1417 71
1421 882 83
1369 1805 -54
106 848 -19
112 1723 5
191 371 65
1467 647 11
893 413 76
1782 1380 -75
150 1808 -15
394 1760 -16
248 747 -44
713 1920 37
1822 702 -64
562 891 -59
392 1094 77
1632 483 -2
886 625 72
1761 703 -9
1810 159 98
810 1919 55
873 606 26
1231 834 13
197 20 -67
1157 915 19
1047 1082 -56
636 490 -21
1183 132 38
1666 1379 -94
749 684 3
35 1379 44
1908 1567 -84
1177 186 19
231 1457 -17
1183 285 -65
1014 582 55
1297 411 72
1772 785 -42
487 417 -53
1543 907 -22
1341 651 -95
1091 66 -31
431 1823 96
1277 372 16
1288 531 -36
763 1274 50
610 1558 -100
1616 106 17
748 2000 52
651 625 -16
1605 664 21
1035 585 -53
1719 1816 -89
898 502 -87
1289 484 36
1979 103 -19
1590 1818 54
691 94 -56
1655 876 -59
1789 955 -75
1774 261 -96
558 1495 65
1376 762 -44
1207 581 13
1761 699 -93
999 1416 -32
356 1315 -49
1439 775 -64
747 1746 91
869 723 26
842 1435 12
1549 148 -99
274 222 28
1240 502 -74
1016 404 -72
1845 1682 -69
1792 955 -90
1476 1928 -25
1979 1528 -5
25 606 4
183 1094 94
79 1690 -100
778 1750 -75
268 60 -63
551 600 32
1123 1808 -20
1529 471 -46
128 1144 67
1558 274 -30
1831 557 9
715 1854 81
596 365 -74
1163 560 10
1567 1643 58
1305 1445 61
1438 392 45
258 1114 37
1483 981 73
1346 882 62
601 932 15
162 280 37
315 619 95
1207 1795 -62
1116 129 -55
384 800 3
1462 149 33
366 660 38
1560 1138 -11
625 1564 85
761 1071 71
102 1160 45
381 70 -43
93 595 73
1197 1595 54
277 1766 30
451 457 88
1604 1645 -87
1508 216 23
1925 1502 67
1289 1408 93
46 1633 90
1066 142 -89
572 1876 85
955 690 7
1212 1101 -9
283 1066 13
1919 686 -82
1198 1926 -78
1952 1865 25
663 1747 59
1094 1667 -5
45 776 -78
780 244 75
203 720 -18
1243 449 -71
268 661 -46
461 301 -33
261 1087 -77
1886 1737 -6
785 30 39
1102 1427 100
677 1597 87
430 1255 55
493 1432 40
751 182 32
126 1714 30
1655 991 -57
47 1199 -82
352 426 -67
404 1502 43
1861 1348 23
1998 113 -58
540 686 -70
1426 214 78
1188 862 66
829 1823 -17
1736 352 12
159 1429 33
1341 863 35
740 401 3
1114 886 -11
1577 709 -99
522 36 99
537 1686 4
75 529 41
597 1349 -39
812 1204 -88
1866 1052 -55
1544 369 -81
1881 248 34
1089 1036 30
111 559 60
908 858 -20
1523 658 85
1462 748 64
180 1479 79
375 1518 -91
61 782 18
1378 1074 71
1242 578 23
314 479 -41
1804 1749 -69
1073 544 -11
815 106 85
25 1874 9
1116 153 -69
973 1112 -10
515 1559 69
453 791 57
1595 1521 79
1718 1694 13
1105 153 -90
905 1712 -10
1702 1969 81
1911 1285 -9
955 234 57
575 392 90
296 1309 -42
924 138 52
646 285 75
424 750 50
389 655 -74
1137 113 47
104 276 64
1452 571 -69
1095 251 -90
1281 63 68
1654 1081 13
1749 419 -70
1142 1875 87
480 1502 -79
589 1498 58
1335 622 9
410 277 -64
232 1212 94
1799 305 -15
867 96 -84
793 211 82
1259 1067 -100
159 668 -90
125 1031 -66
1595 1145 -36
729 999 -57
1929 648 -31
267 1927 -15
245 1029 -72
21 522 -2
216 1503 -15
1956 506 91
1587 346 -67
1558 749 -46
1105 129 89
82 1695 -76
402 1103 -36
495 1148 -68
40 954 46
887 581 95
600 1426 -76
401 446 62
1981 227 76
957 816 63
1405 1983 -69
1790 1114 92
550 1805 42
1388 314 -75
1791 1022 -56
709 935 92
281 1274 34
1603 1002 90
184 1070 96
955 1617 -93
12 588 -20
1502 991 89
425 890 8
1578 255 -33
25 18 52
1681 280 -69
270 880 -62
1591 1887 22
1507 1386 -26
192 1005 -19
1511 1259 -87
1198 1022 37
894 840 -61
804 885 20
202 436 59
1130 544 29
660 1567 -99
581 152 -52
1336 1991 52
431 303 65
1781 1193 -5
986 349 -25
1821 1284 -67
1855 1495 53
1767 788 -81
1737 879 -85
363 482 87
1642 117 55
900 628 64
375 1345 12
1856 853 0
1350 713 27
811 539 7
738 537 9
491 393 9
31 1162 -93
470 1779 -98
987 893 -54
1441 525 66
258 1375 73
1858 1745 -6
1052 1637 -77
98 196 47
1123 1066 83
285 781 -34
418 310 45
917 1338 -56
506 336 64
991 704 -4
68 1492 23
1689 1229 98
1256 1819 -74
1995 403 -93
1441 1459 36
1071 1486 -33
474 444 81
1443 184 -24
195 1263 -78
143 164 -52
588 830 -6
738 436 -88
979 989 37
1436 1878 -34
1516 64 -73
196 941 97
17 251 64
393 598 2
1182 492 58
1395 1604 94
1385 600 58
750 244 47
1736 1346 46
1981 68 -59
481 1235 3
577 1824 68
202 832 23
948 1546 44
407 461 -5
912 1100 72
846 1573 61
1060 999 -10
1367 287 -50
1160 1168 -9
691 592 69
337 119 -51
438 1645 65
1141 85 26
1329 186 -72
1412 992 -29
1734 386 -13
515 1365 64
918 709 60
436 1576 -41
377 1643 42
1838 587 71
597 1620 45
1812 636 64
1655 1925 -11
1380 814 27
74 143 7
259 753 -16
1386 1811 71
1211 770 -73
1695 1363 -29
1623 101 -34
1910 1209 47
1126 1043 -14
959 1189 92
63 523 -20
1916 361 60
834 1262 39
320 990 -22
1218 1106 -56
257 339 -37
1412 1739 -27
1016 969 -5
1023 1906 -37
807 1828 89
108 339 -30
1212 47 10
624 792 -51
911 793 1
467 673 17
717 438 45
1930 1944 -8
1143 858 -39
641 424 63
66 720 19
1000 849 -64
1585 1744 -68
255 1482 -20
1875 1678 -18
670 136 -13
1005 1878 -92
1188 1757 67
311 53 47
1410 751 -15
762 335 -13
693 38 4
60 180 42
14 1016 -18
902 721 34
1959 1234 -94
444 1654 -45
1177 1923 36
1063 1915 1
1919 1583 83
1568 633 -28
1325 343 -12
67 1376 44
1256 1346 68
25 949 89
673 878 48
1163 896 -4
1792 517 12
302 207 -41
369 1060 -75
271 1916 4
1511 1892 -26
647 350 7
1134 1840 18
735 1934 -58
714 1873 7
1350 1723 -30
1309 1643 63
1890 1988 -71
817 173 62
728 850 -5
891 1947 -66
1876 1904 -49
1546 359 5
292 95 -49
1019 432 35
153 618 -27
1589 143 -8
406 1945 93
1059 256 -69
977 1455 27
495 835 40
1872 674 56
1715 818 -74
1851 699 56
1154 1025 25
178 1565 -1
1123 360 59
1406 1017 1
294 904 -76
1944 351 -38
1631 1062 15
942 1510 -63
247 1886 27
939 1254 58
18 181 40
1940 1583 -81
643 342 -37
1067 179 60
909 438 65
1359 1025 -86
1290 688 -60
114 722 -39
793 465 -21
441 457 -5
1760 911 5
1952 1999 45
1833 1425 85
922 366 -46
989 852 100
920 1672 -29
918 1484 46
423 1677 71
221 367 -26
1190 696 86
1549 1378 95
937 1852 -50
894 614 -57
1819 1976 19
585 1358 66
18 967 -46
1827 1881 10
1402 679 -9
1965 1732 41
1299 1405 -35
521 807 24
907 1577 -20
1607 1501 85
1190 640 23
1358 882 42
1751 1406 11
830 1986 73
870 1220 15
848 1184 -72
713 1304 -34
1589 1062 -81
1052 1446 -99
1843 426 -13
1610 983 10
1958 1603 -18
1045 1588 -82
1801 597 -8
488 1624 -43
810 196 -13
1979 1657 -57
16 376 -69
1934 1199 -56
306 139 -32
1432 811 17
1526 445 -85
1134 269 77
1903 470 -82
273 1047 23
1893 1517 -44
793 1192 15
1818 1801 16
494 820 85
1076 157 -20
20 311 -24
1399 834 49
892 1540 -89
927 1373 -42
954 232 24
593 697 -14
1221 1391 -18
1225 1851 9
1223 446 -39
1075 1649 -51
996 1632 34
1174 464 11
1445 1282 -29
114 604 -4
1274 1212 79
1816 1217 -79
221 685 50
1791 1652 -85
853 521 88
686 1384 -100
1492 558 49
762 1611 1
480 1418 -48
1817 1276 -37
1382 1311 98
1871 1237 63
833 871 -24
1494 1699 -71
94 692 26
1580 815 -77
704 1507 -88
1664 507 -16
636 1798 43
344 1015 15
1456 546 -28
400 1013 -55
359 992 -3
1680 399 49
1000 26 14
721 881 3
1643 579 84
388 1001 47
1234 829 81
1329 431 96
1443 906 -57
1610 13 -73
1734 1467 84
1919 1799 62
483 1845 -1
1356 76 -48
272 188 97
53 509 -15
109 434 -34
1502 433 -82
1501 1809 61
1218 875 -80
567 1944 90
1671 135 -45
603 375 92
1048 1250 -75
1492 1000 9
1033 1967 -81
948 1640 -23
1818 931 -79
486 572 -89
1464 1266 69
785 18 -55
838 85 33
278 909 -46
437 1905 13
904 1710 -40
1810 1919 80
625 732 -76
1319 1883 -75
1868 1930 74
448 636 2
1360 1956 -61
1344 1521 45
753 1303 -31
1329 62 -15
1535 1858 31
448 652 -18
1112 1205 -14
983 1101 -82
1332 1015 -72
948 737 72
1253 352 -83
946 255 99
737 487 17
158 966 -93
1115 1027 50
345 562 60
694 761 -41
907 607 -94
1637 1956 45
580 3 -98
96 641 -53
885 16 -76
138 661 75
22 1496 -89
1274 673 -9
638 748 -55
1744 610 -28
630 245 59
1455 1739 81
354 1700 91
1623 638 27
1477 783 -13
271 862 -66
604 310 -96
53 1178 -55
1802 44 -31
820 1130 71
1162 1862 59
1228 1794 -34
1082 165 -89
177 1286 -32
1378 31 11
1714 12 83
1556 255 80
1390 1291 -82
206 538 55
1210 741 89
845 1807 13
1071 1558 -96
297 1341 70
1652 1469 8
200 1128 -10
679 1970 -59
1561 588 84
1214 1910 10
482 817 -30
24 756 0
1752 180 91
1292 1324 -60
933 124 -74
799 648 -56
1453 1184 41
695 836 -40
1080 1861 88
1087 1827 -72
599 224 -19
145 1355 23
1514 387 -29
759 1729 -89
609 259 -70
1867 1829 -40
172 469 46
1509 78 -50
801 1148 -61
1252 82 42
910 1443 29
884 1126 100
121 761 -63
1305 820 96
1830 352 98
913 986 85
1559 913 74
1893 536 -46
1734 1115 -16
1003 812 30
1711 318 -57
1560 1609 17
778 340 -40
447 863 -13
802 1055 12
1064 1889 -98
1334 943 36
788 635 29
1092 1880 49
755 1615 60
1590 854 38
1015 1962 -24
122 1035 13
77 420 11
741 1684 -97
34 1500 61
1646 260 51
1881 1327 -25
1588 1430 -68
1403 1955 -20
620 1102 -28
20 646 -32
1962 275 48
1070 960 -20
934 1514 59
1825 1660 55
1660 1538 -3
244 673 44
1469 1488 -68
82 237 41
1568 480 10
360 1887 46
11 927 -81
1527 424 64
449 1677 18
268 490 -20
6 1461 62
337 1998 24
1850 1158 32
1101 984 -79
1740 474 5
376 444 -41
1745 314 25
774 1135 -40
49 1633 -24
1118 1807 -31
73 1190 -91
1204 120 94
646 1993 -15
37 112 89
511 809 -14
628 1225 -32
326 790 -52
1373 900 5
1739 739 53
211 103 39
236 586 -2
739 812 61
1313 1792 -44
836 1059 -70
331 177 -1
1512 690 -42
721 979 30
1849 1354 23
1881 320 47
168 458 20
1421 1822 81
475 1493 94
319 1438 19
1430 308 40
519 1680 -54
779 699 -41
1829 1050 -61
29 357 -81
146 344 -74
1729 282 89
1564 670 -7
1765 1065 -54
1110 364 28
1053 1662 63
1619 420 53
248 876 23
1843 1554 34
1790 1548 50
1782 612 53
219 969 -88
720 1444 63
1010 1055 32
1876 1824 -15
667 1254 -24
396 1854 -9
1083 248 -63
1908 807 -13
1035 877 73
935 130 -40
559 1680 9
195 571 24
1426 1085 49
806 312 -65
304 856 -48
192 1833 -95
512 744 29
964 232 97
1162 724 -40
1061 1846 62
1698 404 -2
623 1741 23
744 355 46
1813 828 3
890 1337 35
107 1833 43
1265 164 64
1138 1199 22
757 1298 66
35 306 -93
1741 1940 -49
1648 310 3
506 1781 -74
818 1207 21
1677 29 98
1213 1837 99
259 329 8
721 732 -17
10 1815 13
1872 986 -75
1514 1856 -62
560 1698 -32
1799 1640 26
347 201 27
1808 82 99
640 1532 93
1053 1420 52
155 426 -87
1074 1756 -44
1123 1881 15
1344 283 -10
170 429 52
1817 1622 -96
703 337 -32
1933 458 46
1267 1038 -47
96 1286 42
1584 1254 -90
925 159 -20
956 690 69
1690 461 18
17 974 35
747 183 -60
1215 465 -63
117 1956 -4
975 802 37
607 1187 -7
1170 1995 59
1446 371 -93
1768 1544 34
48 394 0
403 251 32
987 1283 -37
768 1882 2
997 889 -94
992 977 -80
1252 184 72
922 173 -89
1352 647 -7
1876 54 75
119 1837 -6
1602 1483 42
319 1145 90
660 546 -14
170 870 1
1458 342 -95
607 270 50
1361 1494 69
544 49 -89
947 1854 -47
29 1456 -20
387 1806 -28
1189 1995 83
602 1297 -17
744 503 -73
1345 67 -92
883 731 -35
95 1219 52
1428 701 90
1444 86 81
1094 1402 -44
1099 1850 -52
804 1479 87
700 1018 23
1326 1231 -63
725 117 -57
1141 2000 84
1805 533 84
1467 1731 -6
416 1600 -24
1248 1010 61
1268 1941 50
1286 505 52
297 1326 22
1449 829 31
1043 1210 -34
1691 1983 -34
461 685 -44
118 1092 -24
351 991 62
3 121 -10
717 1121 51
1177 407 42
1486 1979 -43
1883 1346 -38
961 909 -37
427 406 -49
1743 1179 -35
994 1020 -45
1917 1701 -94
604 1248 0
342 1968 -54
719 1959 -75
1243 948 -99
1827 105 53
46 157 -91
1388 16 38
1302 649 79
213 1007 -56
1420 948 -22
1269 552 -76
1358 501 52
556 1903 -9
310 218 -7
1625 232 80
571 624 -86
1832 1492 36
1113 230 93
260 1382 -85
1818 1308 -71
1741 1563 -67
1648 237 43
153 540 53
1291 1799 -27
44 871 -27
1484 1530 59
954 1126 -40
129 1402 10
1763 1323 -30
1490 1902 28
782 1493 82
1996 225 80
1045 1402 -13
1417 869 -50
513 1515 67
783 1764 71
1565 211 -32
517 557 -56
732 1412 -76
1416 1639 8
401 1905 -56
382 316 72
1799 295 47
1351 1400 -67
1655 1444 -81
1651 89 65
1275 1483 -100
994 1620 26
1364 691 -1
37 1245 47
613 991 -85
1651 434 -79
1533 716 56
779 1108 7
825 864 -72
1424 1840 30
1722 1187 86
865 809 37
865 1747 4
1952 1108 71
993 1326 -63
533 1646 -15
660 1089 -68
401 995 99
706 610 -5
457 901 -4
1064 697 -62
1694 413 15
802 347 -72
1352 758 -41
1341 1074 43
437 1829 83
1176 240 29
1125 473 -42
1349 1266 22
669 1717 -39
886 741 55
344 787 -60
1432 1349 -57
211 586 30
1603 1716 83
1829 1145 -46
360 902 -68
623 1092 57
1312 1375 53
314 671 49
718 1234 19
51 968 50
392 1345 27
1510 1518 75
1383 1021 -53
1327 1296 45
1418 1961 -25
233 1155 -48
1788 1869 5
1768 1057 46
1545 117 -96
377 1835 -3
1989 709 -53
1714 1779 11
563 631 0
1339 1249 -35
1658 467 19
203 673 95
1645 324 65
1653 743 63
937 1644 -43
1424 791 2
824 1999 18
393 40 -9
768 1664 48
294 690 -76
1951 770 -64
509 1849 99
351 1150 -60
1040 1530 38
1406 322 -50
1191 235 -12
85 1453 100
1690 1793 3
1984 1272 -4
1941 679 -48
325 962 59
168 1721 81
398 1285 5
1978 1488 59
1541 1403 84
374 667 -89
591 538 52
1375 1871 -37
1692 1076 29
1582 4 11
672 396 -1
172 1841 47
849 738 86
1981 446 63
1491 1450 -96
249 1505 37
413 1948 -44
1422 953 -4
252 1255 92
1538 1628 17
787 1834 92
1256 1966 -52
1333 1235 25
1020 35 -50
1643 1348 79
819 1141 13
1996 101 38
365 1364 -100
1025 153 -53
1296 227 -39
318 391 87
1613 1596 84
993 664 16
420 1849 -9
1819 501 41
1764 1170 -56
1216 1177 91
1202 349 -65
1048 1325 -62
1512 1429 1
751 1057 -43
1819 1234 93
101 1154 82
1298 1112 95
1868 745 6
640 1710 -32
1106 160 -29
1195 1709 91
492 533 11
1615 1240 45
1171 719 18
518 633 -60
419 1549 -52
1956 831 -98
113 1388 71
1962 1283 6
982 1024 11
992 22 58
1426 1390 -96
996 446 42
733 1513 -87
157 1937 -89
734 1371 -76
1520 1033 -40
1570 538 25
27 1201 -27
1055 1836 -15
1799 1029 -76
1973 1258 -90
1435 1546 17
1795 961 79
472 848 31
425 410 76
1346 723 -56
1412 370 -92
148 1644 -55
1090 1816 -58
1580 1757 57
701 65 79
1347 1315 -19
743 297 76
1058 1484 30
1763 748 83
228 1200 -10
51 1755 11
911 309 66
310 1443 -29
259 660 -15
1348 1223 78
83 1640 -56
55 460 -41
1785 1712 -32
396 225 25
1270 1196 73
1968 139 100
1836 273 49
1059 1774 -63
482 294 87
751 302 95
1682 1577 37
1442 13 34
1032 1341 8
1898 1952 -96
80 1876 -13
1827 494 38
2 99 37
554 871 5
49 20 -63
953 1242 -10
1152 401 -38
97 1759 -18
1635 1123 58
411 174 46
870 558 -35
572 587 -46
1199 934 53
29 1405 38
336 786 -44
