2000 2000 100
1639 1518 10
969 1146 70
816 1358 -66
1955 1066 32
1208 425 52
606 214 -51
127 177 -88
949 1164 -86
1225 1601 39
332 1817 -54
613 608 -92
1112 1582 -26
925 1028 -44
1640 1180 -37
362 1149 -48
1944 290 6
1067 1663 21
1280 1850 -19
742 1949 -19
1197 667 -46
1269 931 57
1497 41 17
352 319 -74
1967 937 -70
1710 567 63
1636 1621 77
1355 201 -58
169 1289 57
1482 785 31
326 1081 8
1612 279 26
1901 380 74
391 144 -10
349 999 31
537 754 -8
1674 1151 90
615 778 34
1438 648 99
457 1638 0
1213 1939 -67
361 1416 -31
581 57 -68
1935 1376 -24
1343 1894 20
1925 1604 18
1242 1079 -52
1296 567 -90
613 870 8
1141 321 73
825 1757 -40
398 26 65
563 894 13
98 291 82
1392 661 73
1085 1442 -36
1971 623 32
501 968 26
160 922 12
1165 1570 -99
48 1590 69
473 1982 -86
1020 312 -22
905 555 61
785 513 -55
794 354 -4
323 1125 -81
1786 678 -66
1912 1472 34
1421 544 -14
520 54 -96
1876 20 2
467 53 96
1959 632 45
147 1223 81
1486 1523 34
331 207 -88
527 83 91
280 1071 -83
1446 1358 95
1708 1713 -38
1307 1849 -4
1910 225 67
1189 1137 27
1344 1779 92
1593 381 -5
714 1211 76
1710 547 40
1698 1716 24
1056 740 -99
273 1365 -38
803 1627 47
444 1250 -58
1737 1884 -62
865 214 -23
1250 1305 -96
1328 23 41
1152 1503 60
633 1145 40
48 1749 37
430 1565 49
109 274 -40
1160 1373 -87
1675 639 -100
232 332 71
1686 1881 50
1359 1203 -65
1808 677 63
962 838 -25
738 954 49
707 767 71
1846 1270 79
511 107 -66
41 582 25
1262 996 -82
401 323 89
128 1936 -29
1861 873 -64
223 689 43
1826 1022 -45
1050 14 38
942 207 70
935 976 16
1131 1438 -94
896 1202 69
1218 1205 47
1979 267 17
1852 1382 71
679 1208 -70
553 1482 17
125 255 -87
1879 600 -13
1639 523 -71
418 964 -74
877 59 42
1101 332 48
990 1212 37
460 506 98
989 1581 -75
369 891 69
1878 878 87
1509 279 81
1356 641 46
642 1568 89
1215 1724 -6
1364 699 79
869 881 5
1028 1268 35
630 944 -27
1340 68 86
1137 646 25
748 1670 50
1166 324 -44
1015 1127 -82
841 1665 48
407 464 48
400 81 8
1586 425 12
1263 1308 -87
669 596 92
722 880 -48
984 1426 -62
1801 588 -31
1260 1174 -46
1484 726 -96
671 707 -21
1898 382 56
1878 129 74
1927 1587 38
333 1923 -97
944 447 92
982 1603 98
1744 1407 18
1155 257 45
832 527 89
885 743 14
754 397 68
721 864 -63
1589 1018 -60
946 154 -70
1005 1611 34
1813 1937 -48
597 712 100
659 684 63
1987 1467 -36
1923 1208 -2
19 649 -33
1554 816 -88
1532 1923 -57
1481 1005 40
1497 1410 -8
149 260 20
1922 786 17
937 1230 96
1787 121 8
1645 1230 0
1535 1185 43
1739 540 4
1074 781 -43
1635 1051 -7
1942 534 -28
168 1510 -60
1998 525 -38
1288 746 57
992 1064 63
464 1395 -16
596 1903 -52
1927 1672 -35
106 648 -28
37 57 -21
54 489 -97
1762 752 30
1401 1760 -53
478 1381 10
1552 1889 -2
584 1132 70
1104 881 -94
475 958 40
917 1418 65
1338 994 26
1760 1309 -46
667 1089 -89
1276 818 96
449 1209 -2
612 895 29
1018 737 22
1601 726 -41
1392 1511 67
1184 43 92
1846 705 -35
1992 288 23
1583 1369 -62
239 1093 27
1806 288 -10
1258 1886 43
446 1412 20
297 1445 79
1119 1709 62
146 1674 -8
780 1196 49
1037 880 -38
231 1088 99
979 438 49
700 878 -5
4 154 83
410 1023 -18
1416 377 -18
1121 486 100
1167 116 72
856 910 -27
1903 1035 -59
1142 675 29
1622 944 -49
340 825 -32
1598 697 -91
644 1237 35
1738 1841 87
720 1361 -47
1726 1916 -24
1231 1583 55
1390 239 -10
237 268 24
1801 905 -24
661 388 3
1854 1524 92
1282 1051 -47
1898 1658 18
1635 1380 -62
631 929 26
841 1448 1
1489 1770 -33
761 1218 -34
1244 1131 -100
1889 309 63
491 1558 86
193 253 -58
1894 497 37
186 1666 40
959 249 -26
103 222 -99
1793 1088 -46
1217 900 79
1534 1961 -64
1594 487 -22
1729 1935 -40
1245 1228 1
1200 1292 36
1317 1582 -11
1538 775 79
559 1477 93
150 1609 -33
1669 865 -96
1412 1072 1
114 464 93
1153 329 -85
1166 1915 -82
778 902 -10
852 1485 -9
1937 1571 -14
841 524 66
1899 507 0
882 93 100
1313 1413 -43
738 18 -54
1281 1527 28
1980 160 -2
1598 1287 28
1511 1062 -28
444 1773 99
727 830 -93
654 466 -48
993 1376 26
1600 1307 20
646 396 41
1872 1801 -3
1154 1312 33
1775 1883 96
1320 1393 -2
1628 373 48
1275 663 -85
1435 288 65
885 1927 -43
96 237 -86
448 1210 -49
1469 1507 6
1005 931 72
1529 220 5
1088 1325 -15
113 1542 63
534 1923 100
1026 1340 -23
1336 147 -65
850 1084 -94
803 1006 -33
1433 1320 30
1038 927 53
1938 1234 -56
202 1463 -6
322 218 52
641 1628 -2
903 1289 -54
941 79 2
479 1648 63
954 1572 41
630 1667 57
1942 222 52
1268 313 77
491 764 -1
1735 1707 84
507 306 -26
403 1110 84
419 160 -72
1483 1651 -80
1835 568 -27
1317 274 -75
1954 845 -33
1226 1234 -77
1221 825 -69
973 319 36
685 334 67
1538 1453 -69
1394 1773 -68
1674 935 -60
106 149 36
253 317 -55
77 325 35
1291 1914 -84
831 1288 -5
409 1241 68
1221 1595 94
228 1248 88
1736 1962 -99
1522 780 -23
1712 1951 47
674 1161 62
1001 9 37
1527 157 52
868 1246 -91
1413 1769 -85
318 246 4
637 993 -59
231 1125 -36
1627 855 90
983 1528 -78
1571 1848 -88
1087 1765 47
1100 1289 4
891 190 -97
1574 1863 -48
583 1257 -89
1150 1725 56
1394 833 -15
1831 711 21
1462 775 -79
1147 1969 -83
803 496 -66
741 1203 8
135 1645 -68
1892 1749 -48
1420 1789 -49
1394 1618 61
246 1244 -1
855 912 22
1505 350 -5
1790 381 11
1032 1374 30
1758 498 -83
1371 1852 -37
440 764 76
976 766 -24
1945 358 -62
1771 763 96
809 1927 30
285 1284 35
1001 1668 36
1150 1047 -45
205 217 -44
703 1489 2
680 679 80
640 124 -14
1 1638 31
1407 362 67
1502 464 41
1204 842 83
1847 1249 79
1267 17 69
1746 26 -50
1010 606 55
1653 254 82
1320 1521 -17
236 384 -58
354 1747 30
22 1924 -66
61 747 19
945 1967 94
1522 661 -97
334 111 7
998 986 1
905 1774 53
691 1368 -56
59 1786 83
1121 422 -42
565 1809 -57
1530 508 -64
1745 1600 18
926 195 -40
1635 892 30
946 1229 -12
1999 1466 -13
1566 428 59
1071 1987 1
418 1575 -93
1632 943 -92
1459 751 -26
627 586 9
566 232 45
1858 1228 11
724 1982 -33
654 644 -71
1952 864 -49
376 1677 98
1902 299 28
107 1176 20
779 383 -46
342 424 -24
1681 769 89
1025 763 -3
331 1596 -53
1058 1971 -42
438 270 89
1359 1220 7
860 1287 53
1364 562 -61
1348 297 -57
125 1865 82
465 1716 24
1788 473 -91
1357 769 -16
1451 1170 1
874 396 -79
471 1936 83
629 1971 -93
569 1775 -3
1431 1438 82
935 1788 -14
802 1401 23
744 1889 92
602 861 -4
1454 203 -29
1891 934 83
1205 580 53
1769 1691 75
1366 1793 -59
1155 1050 -40
1209 457 -60
1255 785 42
1558 1831 33
161 1575 47
1705 1504 -1
1410 81 55
273 1407 -66
371 318 61
1914 1592 9
1427 1434 -12
1721 1923 10
312 1459 58
1920 1096 -27
1382 1705 79
369 1920 -58
616 1232 -19
1628 1841 -61
1814 1913 -93
268 280 -9
985 390 87
848 1058 48
671 200 -21
1860 321 -5
33 1728 -54
1863 1974 -46
120 761 -14
1399 141 -57
1646 102 -25
1668 1661 96
251 1240 60
78 1738 20
1229 1167 84
699 626 23
895 106 -41
946 2000 -16
583 154 -60
1591 104 66
219 393 -62
1422 173 -11
1876 1633 -67
188 247 -1
749 1803 -71
490 1154 -68
1375 309 -46
681 1135 28
1060 951 -95
113 1868 -89
1408 891 -93
261 1553 -14
1849 195 -44
1855 1611 49
1107 1716 49
1204 730 -82
105 1307 -83
11 450 94
1568 925 68
272 1715 -75
466 890 16
1380 1363 -35
1291 1033 79
269 1189 96
1228 1339 56
1970 1332 -13
1016 1821 22
478 75 -67
1323 268 -57
481 1368 -49
535 1675 77
1926 541 -4
1100 453 95
1289 1939 70
825 1361 -1
1707 876 40
354 141 -80
654 415 -9
1002 1668 88
118 1029 23
1248 387 57
1314 1018 74
1316 1810 -54
984 294 -46
1781 58 -1
1475 826 24
889 1485 -39
1429 869 -53
669 375 85
1705 140 -30
1999 1766 -33
1247 285 -14
1553 1581 -16
1822 1430 -57
1469 1042 15
109 1493 96
1852 1621 62
334 682 44
1320 1229 73
33 788 4
541 457 -77
1571 1891 23
817 1014 -3
1305 1885 88
1570 1660 -86
1681 229 -66
1438 631 -69
328 199 -42
1573 1364 -87
1384 1310 60
149 772 -35
1083 816 -59
1382 999 -1
138 1783 15
401 425 54
70 199 43
1914 1880 -95
1534 986 6
1342 1150 -37
894 755 76
549 1969 -98
425 1869 -49
1656 1083 34
1110 1314 82
491 528 72
1061 1132 36
601 213 44
804 566 -18
780 165 88
1696 800 5
1216 1300 -90
1688 403 1
1585 251 95
541 403 65
51 813 -41
1160 529 55
1011 1184 -40
1061 1781 9
1286 337 -27
1646 1317 -95
794 493 -39
182 444 40
419 795 -23
1903 1019 -50
1631 735 72
481 888 91
1107 370 -99
1335 1865 44
1303 1101 -90
1108 403 -44
298 1221 -13
49 1899 90
1730 1896 7
893 720 66
1103 1639 90
1941 1808 94
1386 630 -64
1977 1543 57
933 1814 -4
1013 481 77
381 1507 4
1946 240 81
1785 1913 99
652 1805 -10
1858 1371 -64
29 1219 -91
90 678 28
1361 494 34
548 1327 -95
796 781 -10
703 630 27
1414 114 -75
1061 76 74
1499 63 -83
1315 882 12
1889 399 -51
1672 1394 18
869 1823 -47
195 617 -37
1248 681 39
353 1859 -13
260 1866 -35
18 598 -10
539 1836 15
345 1880 34
1471 1120 75
1118 274 83
1681 818 31
1375 1807 -57
1565 63 92
723 1571 31
1390 1023 2
248 1261 70
1433 676 -16
1092 369 -77
1852 1943 13
718 1776 32
1638 635 -98
1373 1199 -71
1323 670 66
1941 1009 42
1767 1131 -84
1024 1175 5
114 1441 -15
891 444 91
268 1153 -6
1865 641 17
1849 1604 30
896 648 -5
904 320 92
1128 631 -81
144 1568 21
668 189 -68
676 817 -69
1140 795 44
884 497 -93
193 106 -47
1446 1663 -72
621 1269 75
146 804 -71
1349 831 -68
1189 1256 -5
560 1023 1
59 1007 -73
1051 1148 -36
1800 623 -62
1309 841 -60
1388 1904 -94
1758 509 11
157 1941 99
1388 368 -65
283 1796 10
723 1446 21
604 1915 -97
1063 1735 66
1348 1679 77
805 230 -43
1181 925 -38
378 704 52
910 683 -23
425 184 -98
1986 1807 98
495 1957 -22
950 1699 -96
1256 1846 -21
308 1714 -96
1640 1544 -94
1940 1359 89
255 391 24
726 1853 99
573 1598 19
320 1270 23
1697 1536 31
1469 1433 20
369 288 3
1178 1198 -28
1459 1891 -5
130 546 -69
717 25 33
750 95 19
1589 1615 52
111 1110 -52
890 1375 -36
964 1092 35
1924 1768 -73
458 37 -29
1607 1846 -55
398 1429 15
971 1994 53
728 780 80
1101 1914 -53
801 206 -87
962 1694 93
1390 1195 71
1933 351 13
1982 78 -44
1367 1568 -51
226 171 98
1302 1719 -68
230 1397 34
900 1430 -43
1029 612 -75
1452 1456 35
250 1968 97
763 1483 -63
578 546 71
369 1453 -61
1577 276 7
641 126 -15
1663 120 -46
1047 264 54
1193 695 -64
750 1946 -13
1581 877 -83
1493 1541 68
1880 34 52
825 1903 71
238 1086 17
585 404 -61
876 1453 -71
1574 1270 -12
1935 110 -8
708 1369 79
442 1605 81
819 1752 12
687 117 -94
1637 935 -14
1622 1384 72
1144 1775 58
733 248 4
1944 600 -13
555 1136 -16
766 1511 -76
668 361 -16
1890 1639 89
245 208 80
504 1981 -16
157 1474 -98
1816 1434 78
736 1443 29
375 200 -29
687 1171 -30
1621 973 64
1582 1224 37
1600 1853 66
1008 1395 -69
1205 59 -66
294 629 86
1277 33 -90
853 1305 30
1070 57 62
1937 1475 71
204 1342 -2
983 1076 -83
985 1403 77
1010 319 20
452 504 -96
612 439 -83
1417 462 -73
774 1750 44
877 1434 80
168 885 -9
1386 689 60
864 646 22
103 1248 -27
922 885 -21
1844 169 6
1591 1759 17
485 639 -48
1949 832 -66
1456 962 8
761 1979 38
1372 1793 99
666 1154 -91
797 449 -16
1310 26 -96
9 1770 -90
1821 826 -85
1363 1375 -74
863 1220 -79
1770 980 48
1749 1253 84
1964 1658 1
1092 390 1
1014 914 -6
653 1318 82
1600 1723 -51
1600 1968 1
583 749 -11
1428 861 84
1767 1214 -74
1759 619 -78
281 712 91
441 1639 57
294 1749 39
1523 1156 28
737 963 80
1045 1543 79
256 1430 25
923 262 -91
1827 1355 55
260 1471 -70
1531 60 -23
1118 608 -67
1231 387 27
1368 1203 35
1923 1565 -80
452 327 -54
188 481 4
1297 956 -21
785 1410 -24
75 989 0
151 1140 74
1257 74 77
938 1085 21
892 1587 -26
1218 366 -45
897 331 -2
910 1412 61
1146 99 -5
1949 1270 45
93 182 13
957 1472 -68
1105 143 -17
682 998 53
864 318 -60
895 15 -11
646 1123 -63
1242 1982 50
91 1571 25
84 171 -21
1955 1911 -99
375 327 46
1259 1348 -78
457 1466 -12
1921 1539 -9
632 509 -27
1369 225 84
1932 1667 -41
1759 1959 -84
1517 1216 -14
1823 825 -94
1580 1954 -8
111 196 99
1658 1532 -84
1289 270 -4
1178 153 41
211 292 -85
1073 1114 -17
1480 1701 95
1432 1231 41
1600 1216 47
1392 1736 -39
1367 1377 97
418 374 -31
186 991 64
1346 12 -66
110 541 58
1384 416 -27
331 867 41
411 1464 -43
1629 663 -21
692 1755 89
1738 987 56
578 1561 91
404 207 -2
610 1766 13
1868 1977 66
856 1980 24
1061 679 76
1754 478 47
421 322 -53
1161 1579 34
1289 1081 -18
278 1219 -9
139 990 90
1575 803 -35
1602 1963 88
1709 954 -67
1458 677 -73
1786 1762 83
1391 358 -49
1690 1994 31
1659 205 31
844 19 26
1740 876 -18
1258 1001 71
444 1594 2
1135 1324 -67
677 1988 71
1225 930 -53
900 1731 -52
1733 628 -47
1563 786 37
252 1830 80
1282 1413 49
1202 1504 -54
1271 605 -34
1860 118 45
791 1084 0
102 398 -84
183 236 -20
981 34 -76
187 931 98
1594 1515 -13
1576 1804 -15
1808 946 7
103 1672 69
1729 1534 27
1971 174 -70
1517 704 88
1084 1310 -39
187 582 64
914 1643 -63
383 50 -39
211 1898 51
1226 1132 -22
1951 282 -1
1776 378 7
1121 1017 89
1977 776 -28
1273 197 1
182 896 -49
316 964 -67
508 472 -18
276 980 95
1322 703 -24
1174 1462 -66
471 779 12
927 641 66
267 269 65
276 371 -44
1386 262 42
797 1429 100
198 1306 55
1829 1594 78
1291 1427 49
1773 803 69
227 1509 -90
125 1878 -84
1894 322 -83
1170 214 -81
1975 321 -75
1979 1923 90
579 1805 -58
594 621 -37
1424 1473 34
635 1565 -67
1165 375 73
1765 1430 76
49 693 -68
893 436 -63
827 482 25
1868 171 -10
440 651 -1
84 1924 3
644 357 26
1169 429 67
691 1979 34
1629 1789 39
131 1320 38
1663 551 -46
1286 1470 34
1286 438 -23
1145 276 84
563 942 -24
377 1944 9
872 1600 33
1967 752 48
733 507 36
975 555 -50
1890 1513 90
387 707 76
1761 81 9
1615 222 91
294 1494 28
650 1895 68
1126 1621 -100
1543 1687 78
641 1557 -73
1020 416 -19
771 41 -90
870 491 50
1623 375 30
124 985 8
1750 410 47
172 1885 24
929 1980 -28
1419 652 0
391 1084 27
1475 1047 -30
1071 1288 40
184 1255 -11
1264 1184 37
816 851 77
982 595 49
1633 478 -77
1810 1357 76
1652 1734 0
991 1131 -34
1034 1424 -59
1530 904 -53
1894 171 20
1322 124 15
238 841 -31
1490 618 -44
1467 1605 -29
129 350 83
851 932 -42
406 628 -47
398 1920 -13
1025 1325 -49
331 600 -14
209 1623 0
336 1862 -94
129 1213 -5
208 503 66
917 1415 -75
1124 1534 92
1027 871 95
1624 1392 20
1752 1134 41
271 1511 -18
1155 1091 -50
1791 1108 -25
126 1522 -4
864 1131 46
1800 1593 -5
823 1998 7
867 1344 -70
494 1529 77
688 1056 95
1668 819 -100
697 560 -14
1440 317 38
1528 150 28
573 1045 -12
188 598 -32
1017 523 -82
972 1537 71
63 351 -16
1226 76 71
269 1037 0
1196 1772 -85
480 1751 -63
425 454 -8
35 1954 77
1982 1352 31
1339 1958 63
172 1792 82
283 1285 -86
1304 1222 21
178 269 58
214 1646 -38
1651 768 61
1875 1973 -36
723 231 46
613 204 -61
1809 814 -72
14 1904 51
1144 1418 10
1015 411 -33
274 1907 -76
1135 1780 93
1054 1821 -32
1034 69 34
432 1335 46
741 1304 -8
1719 1582 -66
735 209 -55
1760 1735 -33
260 1933 28
349 1167 48
784 1377 -56
752 1942 -12
1437 1737 88
711 1336 -21
728 906 -23
645 1526 67
1646 467 40
962 1446 -51
572 113 91
967 858 -34
1177 1218 -25
731 1785 -67
1543 969 34
665 1384 -69
1897 670 85
1440 115 -49
509 125 17
689 88 -41
1434 527 -10
239 1751 69
634 1483 -67
391 1772 97
291 634 -14
146 1222 77
1702 1570 93
757 1381 93
1507 1182 -80
488 1344 88
1550 501 3
910 9 -39
1778 1148 -67
1259 309 45
315 1272 32
1719 125 17
678 633 53
1955 1216 -41
818 1516 86
430 1506 -90
507 1746 50
524 381 -83
1971 1268 -28
274 54 83
1361 1783 -92
1848 665 -61
1518 727 69
893 203 -9
1427 1555 23
831 1997 -76
1363 1848 -7
814 1181 -35
1966 1496 -79
1650 38 -92
1 489 -16
237 1898 -26
1772 2000 6
1429 1412 22
977 1062 37
574 111 42
877 987 -21
426 1278 -44
1445 14 -64
1162 1859 65
452 1110 -75
1755 1200 -37
104 1404 -99
1903 1815 73
932 938 50
451 1725 -11
1517 679 -80
1483 525 61
1648 1553 -100
1944 1432 -80
4 564 -89
651 87 67
1928 740 2
575 565 -94
1824 1727 96
1500 1331 77
284 992 14
247 1069 -96
1967 1147 39
634 1351 -1
732 1747 49
1888 1065 -30
1551 990 -42
872 1258 37
1246 430 -54
453 1477 26
717 1810 88
1270 1727 -13
1163 1017 -45
1745 1878 -51
129 824 52
1755 1020 -23
811 1159 9
1134 1107 -85
645 951 98
450 1722 94
1103 749 -17
1606 708 76
1677 1721 -56
1279 294 25
1493 1017 -58
1671 1272 -15
129 1959 -15
700 1469 37
1222 1228 25
468 1012 -11
1779 609 -15
1768 478 -71
1136 1127 -89
900 1540 73
1229 182 -64
1387 1287 88
1273 1621 -88
505 944 -15
1942 780 -75
1976 473 83
1276 91 29
945 1563 46
923 1873 21
751 1700 39
1156 195 -89
354 1438 16
1832 77 -89
199 1917 84
197 215 -3
875 998 22
1768 185 58
1825 737 35
746 859 90
955 1016 93
1861 378 -76
366 1965 49
546 1337 -22
588 1215 -91
522 1345 -96
1753 599 94
1352 1527 89
744 251 42
1437 186 91
1257 1254 -38
1442 1878 -48
693 56 -23
1483 1307 -4
360 1106 -56
1617 21 26
912 294 23
845 791 -44
628 141 81
1309 1617 -69
956 708 25
559 271 59
880 805 59
1892 282 -66
1695 625 -43
1260 1738 -7
1470 1240 -17
853 1960 -6
1846 1230 11
1614 1531 -16
464 98 82
147 853 97
396 1846 20
114 1612 -46
1605 806 -33
309 766 47
816 357 -84
1939 255 49
1496 1399 98
1205 750 51
268 405 -18
1459 486 -28
1281 1652 86
483 390 -68
324 1954 -18
1333 873 -47
1398 332 -13
27 768 42
1131 868 1
170 427 93
1951 938 -84
279 1908 -71
278 365 -52
1021 1792 39
1423 951 -16
1213 816 -61
1959 1164 -59
1919 1291 4
1427 561 42
1033 1151 33
1688 1055 -64
1956 511 -95
1311 1890 -89
1985 284 74
350 1143 44
615 1498 40
817 217 67
970 633 62
712 1538 -96
712 934 28
1543 1986 -70
1462 1527 16
83 1967 40
181 403 -10
36 1920 -58
53 124 -62
333 1407 16
910 705 9
1981 691 1
985 1189 22
200 565 -78
1867 22 -9
1726 112 18
898 1428 -28
1284 169 60
461 885 99
1783 164 35
815 431 -19
398 580 3
1965 1559 4
1503 1653 65
331 1111 64
1940 558 -85
813 422 30
417 551 29
148 903 42
1453 191 83
1881 731 25
1290 885 -58
288 554 -68
613 1765 34
1146 1017 14
649 724 60
1412 1480 40
752 1964 -65
1294 1717 96
1164 1031 -68
1069 495 -21
811 856 -41
1215 1205 -60
1030 1821 69
1782 625 83
1410 1183 49
936 1901 -96
81 1532 82
1694 1798 -91
311 656 -14
613 610 10
594 1047 -6
826 974 -64
1779 1215 -43
919 1946 -30
1090 1569 22
1991 1790 36
684 983 35
112 723 9
128 1983 -71
1183 1657 -53
1536 782 58
1079 364 -14
1320 1308 -97
1026 216 -41
1574 919 29
1740 804 15
1399 339 53
1553 362 64
1463 102 -53
1466 1060 -75
51 856 -99
1031 479 -80
1052 366 16
291 278 -10
571 299 2
958 213 -85
1791 314 -7
1631 858 -19
61 1426 90
538 164 49
1123 713 18
1443 1206 38
1376 866 -14
464 1306 -34
1088 302 64
278 1037 -59
1925 1046 85
1488 735 -29
795 1243 -43
1569 1671 -5
841 973 -19
1634 862 31
1609 1588 -28
1501 76 90
893 1436 74
46 470 -19
1900 1913 -49
1217 561 75
1255 76 -100
15 580 2
1583 1211 87
1800 1053 44
1309 471 92
1340 1620 -49
1894 90 79
1966 959 21
1679 882 77
1890 1906 -77
1312 204 -36
1731 678 -36
1406 1859 -46
1747 1873 -36
404 1853 14
680 67 28
270 392 41
1850 542 49
1456 1681 40
1987 1455 -5
594 693 -41
767 823 -82
1102 1602 -19
766 1589 -19
1230 1968 -42
161 1223 -79
297 369 -28
26 1228 -18
958 1402 77
1394 1338 -93
766 1361 -46
206 1813 75
635 1434 17
1059 1202 63
821 270 96
1833 818 -48
337 1798 8
277 504 40
754 889 78
1749 1473 -66
548 1538 -25
1762 1086 -29
1514 826 -48
1453 1201 -35
1698 553 -79
1857 1343 24
1820 455 -86
1808 1098 51
578 1664 -49
1925 1853 -75
934 1901 -27
1973 1046 33
504 809 59
1907 1820 38
797 287 -94
1088 764 -8
1848 1198 -34
1003 587 71
128 598 47
920 1446 -98
53 29 -16
78 1058 -13
995 1532 39
698 86 -57
345 1074 48
1739 408 -3
2000 99 24
213 1782 -30
554 452 -11
1081 712 87
1508 435 3
1569 1223 94
930 599 3
521 207 87
1215 892 46
1365 315 87
1095 71 -62
1740 1174 88
1054 739 -71
1051 626 -36
1155 1834 89
145 1758 64
532 208 11
74 1451 -100
527 54 -81
1040 869 -98
622 752 80
1636 1670 11
1219 1866 -90
442 1474 -76
28 1153 97
1788 298 -35
786 1648 16
946 1309 60
364 337 28
383 1773 93
1218 707 65
1506 428 -6
1166 1279 22
986 1160 -76
1953 317 -72
1072 144 10
701 804 -95
1870 914 19
210 883 59
1596 554 68
1337 1534 -83
570 961 87
972 809 -35
1223 1003 32
174 131 83
1556 1285 -49
1758 64 -88
1560 1321 -59
1262 1908 89
986 1322 -72
162 943 7
1798 1275 96
1455 607 82
1581 299 72
1647 481 -2
399 400 46
675 1954 -9
759 1155 -74
595 407 -63
814 116 61
1140 996 -50
1297 807 60
1894 213 26
890 776 96
733 30 38
222 624 57
396 768 -64
1789 1086 -77
1958 640 -70
1895 1757 -48
1267 1131 54
672 1718 -77
509 223 0
1213 984 12
1318 1447 -51
1908 1717 -83
167 256 -27
1253 1031 -90
1023 812 73
1116 558 70
970 390 30
232 1130 51
1831 673 -56
1999 1087 48
1310 419 47
1906 1373 -38
1139 1758 -3
1683 1488 62
414 895 -20
53 1166 14
508 1532 17
462 1349 -30
1751 720 100
835 1748 53
1093 1392 -62
1520 1261 3
1536 559 26
1384 799 69
1073 688 -12
920 640 65
1536 354 -17
1328 829 55
1313 1454 95
375 1772 -58
372 1235 79
1571 130 -26
1516 1877 -8
772 1971 88
218 796 -56
1361 1543 -43
936 1963 0
787 124 53
122 777 59
1712 1170 -47
165 709 97
422 1657 18
124 1492 -16
1218 1483 38
1544 1480 95
1091 1850 98
404 1982 -1
764 1894 -52
1912 1720 -66
1513 899 6
235 52 -85
937 1691 -19
1441 1015 27
1171 289 -11
1350 818 -43
705 222 -7
523 1198 62
1066 688 -63
1058 1538 -34
828 1511 -22
1792 1409 34
1838 375 59
1099 1003 -38
168 428 -17
744 218 69
1784 1177 -12
189 1505 -26
1454 603 66
920 1802 16
274 543 -58
700 999 46
668 1078 20
525 1743 -83
1019 1656 23
1128 1383 -17
1964 1918 35
1327 200 -7
1850 561 65
69 1543 -94
1093 1562 98
572 1075 -46
1135 1740 70
1256 418 94
335 197 -30
349 948 4
1983 1085 -26
854 1801 60
443 329 -19
1593 1595 68
687 1153 -92
111 231 19
1009 1395 -54
1275 1501 -13
136 989 20
1159 1615 -68
1395 1740 99
1601 1991 -66
1496 487 48
1214 722 41
178 62 -85
954 185 69
1435 1285 -90
1153 15 -96
1630 58 -87
1321 1004 72
826 1503 -65
1895 1587 -33
548 390 77
1982 1358 8
612 1578 43
1975 1577 87
1957 1615 95
895 1628 42
1143 432 -33
1164 1240 71
1474 188 -72
304 1943 93
1825 182 -35
708 751 11
1155 1323 92
593 442 34
684 1919 31
1370 1622 16
81 1556 -66
1701 1214 12
131 1726 -82
1827 1849 -97
1556 1775 -79
1885 480 -59
1044 301 -4
469 85 1
378 905 53
1417 965 56
1807 566 -44
1774 1784 15
100 1371 -51
533 90 -82
1559 1102 -67
817 234 28
574 1325 50
1408 356 -29
1057 400 89
1792 1447 33
1918 1657 -37
1085 970 -43
1031 1100 -43
46 1253 -20
630 312 17
1067 473 -35
735 1012 15
143 1610 98
1201 942 -15
1429 1222 -45
443 783 -90
78 555 -28
65 930 89
496 1429 47
264 209 21
1765 964 7
206 785 -38
752 1016 96
1101 1630 55
870 846 -94
106 1591 52
1350 1813 -37
1794 618 8
856 1723 -54
193 561 66
339 1268 8
1900 403 -52
744 429 -91
846 1239 64
1402 1789 -42
156 1617 -42
460 1968 -56
1182 1619 -42
654 1033 75
1960 334 -51
1141 1649 -40
26 554 -80
427 1791 51
1134 1502 -12
1559 816 -77
1034 489 14
1967 595 -37
450 1367 -77
1361 1959 74
190 1507 98
566 200 -22
977 871 -63
592 39 -54
1900 897 10
1246 525 76
471 1475 -97
1201 1225 60
1151 1489 28
751 1729 74
1132 1845 31
1535 167 26
929 1323 71
1856 1299 -86
182 1517 91
1060 873 20
1624 1565 -87
1320 1517 -80
1817 65 1
1778 1984 -62
651 1610 -93
397 1844 33
321 330 22
1892 451 -37
706 523 27
53 571 -27
1612 1955 -77
763 236 40
76 1558 31
1689 872 51
1471 1735 -18
998 324 79
478 585 91
1998 156 -14
167 1031 -90
1683 1281 -77
313 1452 45
1669 1175 -88
170 1768 -76
1183 1274 51
1644 394 98
974 1894 -80
1976 1515 -45
327 1533 11
970 298 63
752 611 -88
603 305 -71
1445 1119 -13
1816 1797 41
799 1570 37
1982 828 90
593 1601 13
373 1552 50
683 147 -15
239 1586 -41
1699 656 -70
878 1677 -35
108 1318 -72
1544 781 57
239 513 24
906 1228 -71
823 1725 -52
983 1928 1
1573 189 -98
1475 1104 -47
1126 1874 -41
1396 479 37
737 1629 86
1411 298 57
1353 335 -70
283 1509 63
334 1441 -31
1363 1597 -33
1883 46 -52
1920 1436 40
1158 210 -63
494 1635 -29
1841 1801 100
1889 84 -75
1292 782 -59
560 583 -22
207 1002 -90
580 1034 71
1789 1573 -9
558 386 -35
323 1676 41
122 946 -34
806 877 25
398 863 -4
1533 1992 -51
63 3 -12
280 967 -5
1219 102 4
138 135 -6
1144 180 1
1609 91 100
1582 812 37
276 1725 87
1443 923 88
1527 771 72
316 1478 -39
459 126 73
1411 1042 6
792 892 63
496 785 52
106 581 -66
1025 1763 81
1237 215 -3
646 398 -18
582 1152 -86
1722 1563 -79
1171 80 -86
1749 249 58
69 666 -42
1167 826 -75
241 1485 67
632 1214 32
936 1899 35
65 1514 92
1989 1210 44
1477 1166 68
873 1052 98
864 1906 -52
120 645 66
1121 272 60
764 1198 29
1389 282 79
1586 1094 22
1150 22 41
1207 1225 4
697 470 -52
914 1220 -9
1997 983 -15
357 43 39
1240 264 -40
1469 1768 -39
118 1106 -59
1439 632 99
1907 1063 -2
280 1011 -35
1434 1083 -68
351 146 -33
428 1487 -13
504 865 -40
741 179 -89
1665 548 -81
1268 1056 -14
1015 24 -64
459 893 -97
1425 1841 -78
1965 1060 74
43 264 -70
1575 776 -23
188 1320 -60
95 1779 41
980 1783 -95
459 1579 42
1452 584 54
1336 1362 82
90 651 -34
1704 877 96
1934 544 40
1619 1928 -41
1896 476 21
557 1953 -56
1431 1738 65
140 867 19
182 810 -97
1453 60 -41
34 488 -57
613 1358 -59
1133 292 36
1123 157 -55
628 1261 41
879 1691 85
875 696 -64
470 728 63
278 1933 -62
403 1031 -42
1206 1203 -77
1573 1041 50
418 1137 90
656 1171 -27
1397 1417 53
1953 1914 67
215 1765 -67
248 580 -53
1516 1860 95
13 47 60
1811 754 -62
1524 1144 84
297 351 96
993 958 26
324 1516 46
979 1213 -70
24 146 -93
761 555 26
1185 653 68
1296 1925 28
1212 45 -28
908 1554 91
1734 1593 -12
1610 1791 61
771 886 82
1645 154 -16
708 209 36
1102 1986 -10
1208 5 -69
985 1382 35
164 1852 75
280 654 -58
21 856 60
1795 1892 -91
1292 794 -4
41 1193 -8
649 116 49
1266 115 -10
1456 323 74
1123 1474 84
1943 453 -30
559 1749 -69
781 1697 -97
1088 1808 -2
256 1008 -33
692 192 -39
324 816 -44
1476 1159 -24
240 1582 41
1598 1721 -75
1381 839 -2
1782 1349 -96
1134 1153 -1
716 593 -2
