2000 2000 100
1352 267 42
1580 22 9
50 1233 19
1249 1848 -44
1989 299 24
1951 1029 -99
1001 918 94
1079 1819 -81
317 323 95
159 277 33
1072 1880 -71
417 1892 -60
1982 1536 -76
1448 1650 79
396 1001 -63
745 1488 -90
292 121 45
1846 1529 -46
354 1146 80
1233 656 -20
1540 1701 -10
505 733 39
808 1689 78
453 1563 29
842 1618 -92
450 593 -77
978 636 28
906 930 98
1019 243 -14
657 272 47
792 395 14
476 317 -46
1571 1721 74
908 1100 4
1671 111 74
1129 1543 -61
990 224 75
1782 766 -39
1407 969 79
1403 1027 75
1 908 -44
1624 917 -66
247 1918 -50
177 1063 -93
374 1133 -11
143 261 -94
1033 1115 -74
544 1086 -6
294 759 -25
569 1611 -25
1583 730 24
43 1644 -3
1635 1939 41
812 1582 -2
1940 693 -34
1732 1814 9
1791 1338 70
1416 1924 -43
1952 559 73
1794 515 62
1956 832 -15
338 230 -34
684 796 64
823 1418 1
1832 1786 19
1847 1646 86
1748 287 -90
1060 1348 18
1891 599 31
77 1820 -10
1692 1774 -36
844 1176 33
147 128 -43
1946 501 76
461 282 -92
1241 1394 22
958 525 63
1372 1963 67
1930 213 -62
1758 902 -53
1372 838 -74
1286 427 73
285 1063 86
630 1836 83
1066 752 50
1221 1373 -16
1101 1164 -49
1469 1876 97
1071 381 73
1514 1294 -77
847 688 69
94 1219 60
1083 1518 -25
1597 1588 80
1623 1004 53
372 259 -47
358 364 71
379 1091 9
1004 38 -37
601 1017 -1
1437 1904 -10
765 885 20
192 1350 -74
1887 373 -29
1346 90 -63
953 853 -61
591 1506 -79
717 1703 72
1509 370 -75
183 1255 -80
1676 1504 19
332 1968 -52
95 1130 -38
457 768 -46
273 557 -85
1301 1478 -85
1386 7 -20
1050 773 -6
526 444 32
1930 91 36
1176 1861 -89
377 588 -29
498 195 -53
1725 406 -63
710 626 -97
1457 1894 -43
1266 1937 -19
1686 1748 65
1497 1252 -43
344 1811 -48
202 640 47
1714 428 -46
1303 1684 82
120 198 4
894 919 -72
297 14 23
43 1850 -70
1297 1380 3
1669 1862 64
556 1116 16
968 1181 7
233 1824 -92
482 1537 -5
1607 1404 -47
303 1245 -45
874 1340 -22
1223 672 -63
1715 1336 93
301 1025 66
793 1730 -46
142 503 -13
1865 581 -66
1434 878 -15
1135 874 14
918 675 -94
1986 1276 -92
1128 589 82
1155 396 27
1605 22 4
476 328 62
1635 1107 36
1450 1873 -47
655 1725 3
1729 737 57
1520 1989 -38
446 903 -28
1634 1965 60
1272 237 17
1560 1233 13
1543 1417 67
496 1940 -40
1329 871 16
882 1789 7
1489 607 -61
111 1881 26
1849 411 -79
583 903 72
1959 1910 -16
224 252 -18
586 809 97
1554 957 26
1766 1466 63
1679 1071 -41
1862 947 37
20 413 -66
1733 59 -33
1654 814 -33
1663 1732 -21
1225 1394 -67
1329 1168 29
1164 753 1
804 66 1
131 1104 91
825 90 -60
1280 1752 90
186 597 94
294 295 -88
573 82 -99
347 1586 44
1879 850 -95
914 643 -94
770 1805 47
424 1969 23
1791 1697 -69
1646 1489 56
1566 594 -67
511 316 -69
1823 930 -83
720 1387 82
891 711 57
710 888 8
50 993 -84
1345 461 -34
1376 155 81
550 1395 -93
1433 1825 -65
671 1707 24
1477 228 74
1418 1990 -61
300 1941 54
942 521 94
689 1621 17
278 841 20
784 526 44
1055 906 -20
1487 532 -20
1952 709 -16
1048 1175 5
727 825 -79
1163 544 -18
978 619 -73
398 1847 -42
239 687 60
521 93 25
203 690 -51
1515 547 2
742 436 -49
991 1826 -52
1368 498 63
858 1527 7
441 927 75
1768 935 0
470 580 -24
1651 1485 99
1332 1400 46
510 1616 -17
1025 1957 63
1968 564 -6
619 274 74
1721 1342 -62
1174 121 4
820 840 -3
946 805 -19
1352 1641 50
863 873 12
731 921 -41
1199 743 -73
1020 422 -2
1678 1377 7
1094 1769 56
1182 455 -41
528 339 -15
773 1230 -88
576 1384 -3
1203 216 31
605 1886 -91
872 251 -4
617 983 -72
604 805 82
1934 1017 80
927 664 -70
1852 1602 -19
688 1332 -83
1522 1109 6
1777 1994 -74
1933 1429 -64
627 215 26
805 742 49
1005 343 16
1738 467 98
1551 704 48
1112 86 -31
421 1834 56
806 601 -58
1937 1153 -65
180 1530 9
1705 1639 24
440 1362 -44
1918 377 77
179 1654 32
240 1258 25
1674 1539 -59
1547 1735 83
1050 924 72
1506 1997 63
1645 625 -8
670 1202 66
1301 882 -93
1371 1504 92
109 1078 -36
430 24 -5
1175 803 -60
1158 20 27
878 584 -22
1192 1527 41
320 210 -54
554 299 -10
156 772 0
917 880 54
1767 1697 -3
625 1151 -38
1235 598 -28
144 1440 -82
1893 470 19
918 677 -56
1508 214 17
1878 1119 78
328 1973 6
1574 1055 65
1910 1587 45
973 939 84
1601 1772 9
1589 1416 6
1130 1705 -81
1748 1490 80
418 1121 57
232 1280 -36
1400 1497 -90
27 188 12
66 1571 -85
957 674 55
658 227 7
1116 1580 -48
1162 746 69
1775 732 94
1870 414 17
381 164 -71
591 1881 67
324 472 -39
549 222 18
947 1356 -89
754 287 63
627 984 63
1867 1391 -94
386 1583 -96
1640 373 20
365 800 73
1805 453 3
499 434 40
413 920 0
1974 1616 -32
487 232 -67
1879 1508 -74
1376 1805 -81
1901 1268 -38
431 1996 14
243 181 65
1455 1134 -89
1071 1754 -21
1792 565 57
1204 1500 -23
1526 1651 1
1747 403 -8
1648 1583 -23
697 1996 -92
254 980 -3
227 1695 76
1452 1607 -89
364 1030 34
1613 1685 -35
39 1524 57
1287 345 2
313 1880 9
654 1147 -58
492 877 -94
1894 655 -69
1943 1075 81
65 650 39
1900 124 42
1264 1215 57
860 1323 18
1360 906 56
1864 281 -32
159 970 46
1355 1925 -51
379 329 80
752 1666 -63
1717 1399 -65
243 999 -45
1893 506 10
360 1372 66
270 1791 -2
571 1241 98
930 1529 46
1935 1125 -15
1172 870 54
1111 1096 -76
663 1961 -87
223 1227 60
1820 1095 19
597 1090 -88
1414 541 98
1336 189 8
1266 1189 -66
631 1355 -5
787 657 -16
1411 1812 -2
1650 1871 -57
642 722 -43
1076 173 -10
523 627 45
667 629 -64
480 774 35
1026 22 19
1317 1320 -58
1445 1734 0
1366 27 7
1511 129 -79
1371 508 -55
269 356 90
1406 218 -94
336 1334 51
711 281 -8
1155 655 1
1824 1804 46
276 24 59
1592 440 32
1637 708 41
148 1369 11
647 151 -32
1360 749 -94
971 1294 9
1008 644 -37
1482 1494 -12
766 1525 15
304 746 23
763 816 -86
370 830 41
1058 341 54
549 762 -100
1178 584 -45
1989 1778 -27
1553 1645 20
368 1016 26
1711 898 46
216 526 52
596 367 -84
733 1053 29
456 1040 94
614 1434 -81
436 543 15
214 720 -56
1469 126 -1
664 492 -71
1971 1153 85
309 1828 38
58 1005 100
1902 728 74
1794 1934 80
72 913 -45
85 182 5
565 619 -86
416 346 -74
1611 515 -25
1224 1472 30
458 682 48
1538 592 -28
1602 515 74
115 33 22
445 1452 -96
744 338 96
265 1098 -1
452 122 39
596 1097 -90
1309 702 33
1353 415 49
795 1111 41
162 659 37
1097 1061 77
1451 1844 95
1586 368 -62
520 61 -92
299 792 71
1004 560 -9
1964 1681 -85
546 1954 36
374 1278 -48
1718 710 47
339 1461 -11
427 475 69
877 1032 76
1399 453 -64
452 1700 -23
798 1912 -31
464 1659 -97
1467 1676 16
1056 1673 84
913 1192 54
1839 407 -92
1140 936 -24
598 186 22
1163 1037 -9
920 347 -59
686 290 54
1594 205 85
1205 328 -37
896 1459 39
1723 241 46
1693 1318 61
233 1876 -9
230 92 -84
989 179 -30
1929 1893 91
1079 944 10
499 1249 74
1765 1095 -26
1701 1292 -91
1491 1522 28
323 1943 -20
1252 1357 -48
1494 255 -51
1329 863 71
446 555 11
475 1991 -56
995 1894 83
1216 430 -30
1560 191 -8
547 457 64
1802 1779 -28
1981 418 -2
587 1671 37
1955 1971 65
778 1398 -56
1255 1239 91
496 664 -85
142 1913 -94
1135 662 -6
1535 389 92
687 1571 15
116 1186 -87
504 438 81
1911 1445 33
780 1183 57
410 1783 11
872 151 19
1513 1612 77
758 1709 36
452 1630 61
1704 815 54
1925 1953 -8
1080 1355 -77
772 1009 -1
1021 271 -3
1384 1394 -88
1065 505 -98
947 1889 37
11 1486 32
1486 1120 -61
37 1375 -79
145 1458 75
1339 1364 -77
1814 1625 42
112 2 43
1066 1826 52
1904 1432 -30
72 535 -23
1704 706 -69
153 1516 -83
1789 1434 -85
1103 1997 65
1988 1519 -3
398 57 -20
19 640 -3
1663 11 -95
276 45 47
1328 1111 0
1709 413 -86
880 1787 -43
166 553 -58
936 1933 -59
1188 1468 -5
1644 906 -51
1291 53 0
582 1815 -74
544 598 22
442 920 -59
24 892 -72
22 1283 -33
1612 207 34
34 1377 -44
1843 906 78
722 135 24
1139 1538 -100
693 398 55
354 850 -70
1289 568 -94
327 654 21
1023 1712 33
427 1972 76
1132 148 60
970 1446 12
1086 524 -39
1728 1857 -92
1539 554 -63
1783 1564 65
1069 717 -12
210 1205 -34
1771 564 -81
1050 412 -25
1895 780 -28
1472 1328 52
505 540 -87
1889 1810 -23
764 77 -27
1780 45 44
541 237 100
1085 304 23
1845 1890 -17
1479 148 14
700 212 81
472 1927 49
320 1171 -33
1914 1964 74
1916 70 -57
248 278 -62
1647 1099 -75
1370 30 -9
272 1656 25
1189 297 -44
403 807 -64
1413 612 -57
271 159 -24
753 973 94
821 954 36
564 519 18
515 1494 -26
1134 966 82
708 822 95
60 856 45
1882 696 -67
1757 46 68
712 1544 66
1174 440 69
1256 1873 -27
154 163 65
1752 414 -28
1002 313 -64
9 839 29
786 751 -8
1435 1554 62
1352 1685 78
1778 1343 49
1619 240 8
400 1501 2
210 181 54
1986 409 46
275 312 -40
1779 1683 82
455 1295 37
794 331 -40
253 475 -37
246 1042 72
765 175 -38
1346 1343 -27
1340 1186 -54
1527 1624 51
1059 1977 -18
1594 1632 78
1563 1448 5
1851 1422 63
1794 1660 2
1116 1668 32
1100 94 -65
1481 929 -78
1235 1342 63
581 36 76
1866 280 6
1432 1636 46
1373 938 70
319 354 -48
1968 1121 73
1582 1909 -36
434 1110 -69
1150 1946 -3
20 1974 -22
816 2000 -75
222 1763 -33
537 1357 24
16 1159 86
1966 979 1
1180 1863 -70
1779 173 54
1344 165 2
823 1382 76
174 55 -9
1928 748 -28
916 296 46
1629 1929 67
1276 1706 1
1630 1892 -84
933 1520 -83
1815 134 -90
1595 808 60
59 1065 54
972 1867 98
74 1770 -93
821 938 -35
375 1612 63
140 1020 47
56 724 81
1504 385 -59
365 508 -15
188 1562 10
1406 1939 -57
1098 1318 73
919 1312 76
672 1315 -52
901 691 14
342 434 78
135 1751 69
127 1691 -86
57 872 12
1593 1594 55
866 1617 -99
255 1453 -71
477 530 11
238 310 92
553 365 26
375 1967 19
1212 929 56
1828 1533 -65
1596 588 -6
555 1609 -63
444 1231 -66
490 823 -30
96 941 68
1184 1270 22
1089 1702 96
1333 1456 96
895 1666 -15
1719 202 -76
1191 1231 66
1168 1765 94
429 1105 36
1242 963 39
855 124 -100
1192 791 -82
839 721 10
1009 1952 -46
804 1722 88
1114 1597 6
385 993 -88
310 475 -75
203 1885 -11
294 1312 42
1078 835 -47
779 1140 -30
735 193 89
481 1416 93
1985 778 31
1324 437 26
1020 188 60
1356 1747 7
513 1629 -54
193 1896 98
987 1585 -71
869 550 68
1033 962 -87
52 1875 43
1486 1208 55
1186 1053 -52
495 1050 86
1319 1389 74
1075 426 -94
1818 812 -58
1409 496 -43
1561 1286 76
1289 1766 -100
1318 1346 40
209 1749 3
788 1775 -86
1453 270 37
1660 273 -37
1747 1410 82
206 314 -4
938 567 -25
1013 402 44
490 434 -22
1799 1704 -37
959 785 -93
560 856 -98
1188 374 88
44 759 58
1222 823 -46
807 283 9
70 1643 85
426 621 9
732 1865 -56
63 1289 -64
939 1526 -54
742 665 -96
1230 1220 -18
30 1382 66
258 1313 -94
1707 1088 -25
82 236 93
1617 1234 75
1026 387 52
265 909 -5
1067 692 -98
1127 1242 45
732 1746 14
1591 1864 74
985 1384 83
277 1189 75
103 4 67
1466 866 20
1728 1638 98
178 651 96
1262 394 46
427 1830 -70
1417 1345 -71
956 1305 80
285 21 -40
552 550 -78
1399 1733 -15
1788 142 56
1289 751 41
628 1824 28
584 1342 74
1198 534 41
289 1515 -72
650 744 -13
53 673 14
533 378 32
1369 757 57
1743 1114 39
280 118 76
354 907 74
1408 1723 63
1009 8 97
453 898 85
1684 922 -40
588 786 -94
467 452 19
791 491 92
459 155 -56
1807 1794 -46
71 765 18
655 538 75
259 1963 -11
898 437 -99
260 1223 -39
1798 1128 6
1568 995 -7
554 808 -57
1519 745 70
1678 321 -42
800 1756 -57
323 1890 94
1119 1852 -69
211 116 -14
134 1153 75
168 1002 -93
134 1305 96
725 1079 83
1020 765 -65
1294 1683 -60
1660 1009 -81
1240 227 -10
598 972 -8
653 229 -7
674 1627 -67
1644 1960 -43
264 1511 -65
1249 1776 3
1899 79 -42
1139 515 54
54 1084 -5
752 1916 -100
481 297 87
1022 863 21
650 280 -64
288 876 -85
223 182 85
140 345 61
1409 1350 74
155 1473 -3
1609 582 -76
1234 35 92
552 631 12
521 1794 -20
1320 293 -57
801 384 40
1675 1211 -51
78 1745 14
781 1002 74
1942 741 29
1028 856 -40
1774 464 87
1412 565 5
629 1914 -77
195 372 49
682 546 66
1833 848 6
1096 1094 16
331 1595 81
173 798 -43
1765 516 -71
600 1147 48
1980 229 -26
290 85 -97
343 723 -18
313 10 17
635 1217 -77
610 811 -93
1870 462 59
1227 1412 4
326 95 63
1576 1948 -8
281 399 77
1444 169 31
363 1630 -39
1350 1655 -91
1562 1648 27
1808 1613 -35
106 441 16
506 1288 77
1968 591 -45
1117 55 -53
739 468 40
1605 965 -58
1819 1433 20
576 1388 -27
1257 634 -80
1659 883 -17
1412 1499 13
1727 1327 -63
954 1065 59
651 1902 -55
312 934 53
1153 301 -57
1225 1564 20
286 1561 -60
1125 1312 46
41 1733 42
316 968 45
81 1023 34
809 1030 -55
681 795 -39
283 71 56
36 153 -23
929 106 52
1969 799 -9
691 1877 2
1797 937 65
488 1277 -77
1956 1636 11
359 268 -98
356 216 94
261 865 -88
240 1217 6
1735 1174 -14
1109 309 -99
149 1137 -15
903 1101 -28
1183 1834 -39
1141 201 94
1907 1384 38
189 653 59
1970 846 71
1181 11 33
1655 1771 53
1404 536 65
1499 1540 -88
809 1715 -25
1812 665 -2
1175 345 3
368 232 -35
814 448 76
830 1866 98
1708 1088 -77
1745 32 -34
1087 298 46
975 1397 -19
1780 1622 7
1098 734 -51
993 1709 -40
1253 169 -36
278 551 -42
1075 736 96
1875 1128 -42
1996 1370 -26
576 1069 -27
724 148 51
1389 1899 55
180 892 84
327 1263 -32
1873 15 21
1187 1441 -94
1800 1275 -72
1054 990 2
498 1137 -2
1173 1962 2
1872 1199 -80
767 239 -33
707 1431 49
1267 761 50
1330 1397 66
1327 767 -20
907 277 75
567 1728 -16
97 1619 -4
1315 66 27
459 75 23
1844 1339 -47
1651 1635 41
694 1818 -1
1362 1974 -19
501 1350 -13
334 443 -41
1086 702 3
837 1747 -63
1215 1556 -23
465 1190 54
1325 1395 1
583 386 -88
1857 1052 6
1350 275 95
639 975 -29
1402 1075 85
984 584 94
1223 310 88
1379 1413 66
1714 269 37
957 1012 -82
611 55 -91
988 1253 5
782 1306 -55
412 1349 -4
465 205 62
45 1234 -23
503 393 -64
930 1155 -80
1957 1202 -65
666 145 89
1016 1040 87
845 70 56
1877 1520 33
174 507 -18
1664 105 50
887 1173 90
307 1903 21
702 1108 -8
1451 353 31
1269 782 27
813 847 64
1041 1892 81
591 1656 -20
1800 1497 -88
1749 1335 -69
1509 640 36
59 1299 18
1266 713 85
1994 1694 26
1598 942 55
1324 1931 -69
1767 463 30
1145 987 10
1630 1889 -68
205 1243 98
1877 1093 -7
1387 1067 -17
1665 376 -33
1165 1305 -76
1518 1235 88
723 1505 -63
1658 1686 -82
1156 1950 -72
241 719 56
1488 1669 -15
117 1513 -18
739 1324 36
799 1761 76
1639 1951 87
163 418 58
145 994 -2
1983 1081 -52
216 762 31
1132 375 32
660 395 47
768 1098 82
1589 1734 31
1292 289 -87
1124 1820 71
441 305 -39
614 1678 -37
345 578 64
1927 1855 33
922 1438 87
1490 1145 15
1822 961 92
550 504 57
609 1670 57
1703 1819 54
1396 583 46
274 265 59
1394 130 22
401 904 77
87 583 44
31 1574 7
551 1604 21
1969 203 -12
667 1960 47
75 1713 -24
540 1403 59
1197 196 43
1023 339 -100
1322 1435 -86
1260 102 83
418 8 -38
1227 1450 39
919 591 -89
1017 472 3
128 1662 12
784 1962 -37
1821 1376 61
374 793 0
1721 868 -57
1919 1689 -47
1441 1598 -10
1337 332 20
392 508 -12
648 1524 -87
1602 1803 -39
252 1985 23
1302 67 -14
1648 967 2
1573 1057 -15
1751 1076 -45
1260 1360 50
1069 1268 71
878 460 29
794 123 24
719 666 -1
1477 844 50
1672 926 56
1250 1671 47
1205 1255 -82
1529 962 33
521 1157 -76
726 1467 98
1835 150 -22
2 1620 -94
1057 1424 76
395 528 -51
406 1705 -41
688 1675 44
1077 453 -18
1964 1117 -37
1565 1344 -42
612 1769 -75
352 1011 -65
776 742 -86
683 1222 -6
949 344 60
1643 1228 -16
1422 1551 -100
1113 1976 -75
1202 476 -97
1917 1891 92
1552 1823 36
900 609 -96
856 1686 88
1283 1645 0
516 1978 -7
1468 858 16
1869 1737 -51
1015 940 -70
1343 1479 -90
215 773 71
1046 206 39
544 161 -95
203 1933 25
1543 151 -17
301 1255 -84
1746 821 55
1559 1391 -23
1982 58 -65
866 1172 -82
1362 545 -36
665 1573 -51
863 530 54
1641 1786 -41
341 374 -42
125 448 32
460 1112 -92
1211 1774 -65
1323 596 -45
1997 1271 99
1538 1239 -80
1239 1957 78
803 1731 80
605 344 53
1962 1073 22
1794 1444 48
68 1716 85
870 401 -60
399 499 -55
1102 1337 2
148 712 -45
1381 458 49
777 156 9
1034 1935 -53
1875 1638 -52
585 1572 -7
3 1568 -32
1727 1688 -62
1147 1930 -94
1076 381 -73
1776 309 26
106 829 91
15 523 -75
608 1904 -6
128 967 81
814 57 -20
348 1416 98
1107 1826 28
647 1192 65
284 623 -3
833 286 56
909 348 -77
606 1132 27
1333 1023 -87
1364 96 55
62 1036 43
1038 459 77
954 743 -26
1571 1931 -45
1152 1148 -79
1517 1376 -72
28 371 2
1589 626 -98
285 1933 -19
1533 1569 21
1166 1041 -87
675 912 12
33 1074 -66
519 1872 70
381 1520 -9
505 975 -35
787 1499 -50
1931 1923 31
1490 17 79
414 1348 50
685 1692 63
1410 120 -44
1077 1847 -97
241 1521 77
1341 996 24
1625 947 -22
1309 825 44
90 1649 71
390 40 26
396 237 -56
393 1778 87
588 1577 22
1734 1204 -71
1239 1260 82
507 1409 8
1892 1746 8
1121 1738 24
570 1981 13
638 907 100
711 68 -92
1780 997 -14
656 764 -44
132 50 56
923 1628 -62
1794 1542 97
1731 281 -55
1811 1714 91
1234 1871 61
1615 606 81
1865 685 -41
1620 1538 23
417 1489 -32
1163 1192 -22
1030 1196 34
586 87 30
323 147 -53
1017 1740 98
1029 1592 94
1471 1120 -74
213 1180 86
1095 552 36
1838 1623 -53
30 1978 86
276 769 81
530 183 -31
1784 1955 43
527 1354 -84
899 1915 -16
780 927 -56
1235 1161 -97
967 1540 -83
560 894 -81
637 1344 -43
1524 1166 22
893 988 21
1804 1066 -12
1454 140 -89
347 1491 7
424 1305 91
557 1013 29
378 416 37
198 949 -84
1954 1678 -92
1989 1970 42
1742 1646 -24
50 192 28
69 523 21
1061 1143 40
373 1308 -63
1032 1586 69
1991 263 -42
607 1674 76
1996 1672 -14
267 37 -79
893 1735 -33
1357 56 22
743 166 54
636 1451 -1
212 1223 97
95 1264 72
1419 1486 -73
1105 1427 95
1616 628 -62
26 1560 86
1810 1450 -24
1314 445 60
402 517 -94
107 1091 89
1898 1083 -21
184 721 -31
1084 1457 -88
1234 1379 -12
904 1040 17
1696 1813 85
1252 1928 -93
597 735 54
1646 1788 -58
111 696 -28
8 631 70
1773 1589 32
653 342 -46
501 818 10
562 549 -67
1656 1663 -85
983 671 -47
1139 1959 85
729 1070 -43
842 188 -7
646 1221 -16
1888 103 51
963 1579 -89
1053 1184 -68
1351 420 86
1330 737 30
1380 515 42
1456 1408 30
816 1231 13
430 1739 -64
640 753 -85
284 1782 -5
263 28 25
1857 1127 62
846 154 0
1342 725 44
1761 666 63
165 1463 11
1033 36 -95
1478 205 -54
194 605 43
1556 947 -41
1606 502 41
1805 1464 15
851 1578 58
876 1802 -90
1997 178 -24
1886 1287 -97
921 1399 12
1241 217 40
223 848 -81
742 1565 97
242 1979 -8
491 358 6
1219 1051 -2
47 454 -61
154 1860 31
276 866 68
536 487 98
1922 736 -65
1861 1487 98
1773 1692 -23
1398 1086 -38
505 1958 96
511 715 -97
311 1465 -70
892 953 46
1685 185 13
280 1407 95
1863 1814 91
1764 891 91
1673 1163 -60
1308 733 26
1427 1679 -75
1948 351 34
1397 988 -64
751 633 -71
1881 21 31
416 1026 -9
1778 1920 51
230 1673 -15
589 770 88
111 50 6
1057 1869 61
1253 681 83
1979 1601 49
938 857 90
857 231 34
199 1653 -91
155 429 4
696 972 62
659 1798 -92
1516 1188 66
1706 879 -75
1712 1686 -32
348 261 88
67 1980 33
905 881 -95
1367 431 85
998 1851 -64
437 1684 76
1579 3 -20
624 1266 -35
1268 199 -14
1016 1150 -19
1770 65 -33
748 1112 -45
673 927 100
1398 860 91
1382 1454 22
321 450 -58
337 1797 -51
1970 400 9
21 195 -66
835 799 -61
1560 1094 12
1416 320 30
1711 505 8
1328 1319 -23
1753 394 8
389 1758 -6
984 1287 -77
1096 83 48
1852 1700 83
516 705 -52
1886 162 -76
1083 685 -70
1101 859 -7
588 1686 65
49 1129 -56
257 1393 94
1319 467 -4
1236 1092 61
1417 830 -68
1084 1975 27
1957 1401 -13
858 1958 2
1494 577 -100
728 595 -63
832 131 67
1038 885 -97
1588 1564 -10
1245 159 -88
1972 787 -94
592 1664 93
870 984 -93
314 36 -65
393 1369 95
860 1166 30
1960 1914 65
1632 657 6
229 324 -87
677 1515 44
182 826 31
1085 1445 -95
68 904 -6
312 1796 -48
258 1210 57
466 1853 -78
762 1911 38
1026 618 95
1721 154 -84
902 1046 -91
1694 174 66
18 855 57
1144 1936 -7
653 1855 64
941 16 96
1465 540 -81
633 109 -7
63 1581 -94
1754 112 -59
835 1473 88
111 1572 -66
371 276 14
1706 115 20
144 516 74
1879 1416 48
731 603 95
1530 763 99
568 1985 -29
1241 60 -19
441 1922 -45
1493 1674 -14
1268 429 -62
401 1151 45
725 59 -57
467 1120 -49
1379 1402 7
1204 1796 12
907 1351 -35
387 1982 82
4 180 -57
430 455 -53
438 839 56
9 1627 75
319 131 42
184 855 -82
181 329 79
1678 1380 -72
294 1917 -95
1030 1878 -80
665 1721 -49
1220 78 52
513 1658 18
1909 1054 21
723 1969 -76
266 1810 99
1544 896 -39
850 1057 -46
1051 507 -99
1825 1777 47
1783 1155 -62
1313 1298 -54
282 1832 -67
755 1163 -8
821 1451 -28
925 780 75
1603 226 2
229 536 -22
1981 141 27
1681 1764 -17
1978 1069 26
1270 869 15
616 1240 -61
1052 631 -62
1763 497 19
192 1532 -49
1556 107 -98
967 1212 2
1666 777 -46
1525 1271 32
953 117 85
694 667 -88
1400 1014 -49
1622 1732 36
283 368 -86
1737 1139 96
1299 630 22
873 1988 0
1975 1962 60
198 1780 -89
1707 1233 11
848 716 -88
626 1224 12
730 513 -85
1818 1286 5
1721 1652 -47
1025 825 -91
1798 484 82
1407 726 41
85 1175 80
47 1015 32
1716 934 53
1411 1551 43
1391 1201 25
1164 1216 85
296 933 -96
426 617 100
1183 1593 -63
126 415 -26
1499 788 56
808 1089 -81
8 1353 41
1243 1345 94
24 1329 -78
613 1523 7
151 103 56
1159 1162 18
1349 925 80
554 158 76
1338 1152 -72
1764 1099 -69
307 1019 68
1228 1468 -13
1312 327 26
1987 1441 64
1990 780 -3
904 1905 78
787 790 18
685 1451 51
1061 791 -5
140 1828 -40
952 1733 -35
1028 1384 -94
384 177 60
1594 1781 2
1237 895 -39
581 779 47
1834 1063 -79
1592 951 75
721 463 -96
643 31 56
840 320 75
145 465 19
912 562 -50
746 1118 80
1109 254 -19
1019 1411 36
1189 1352 97
736 1322 -91
55 43 -51
199 1727 -73
393 243 31
130 252 81
444 1309 -61
1505 1039 -26
1953 326 -5
1108 556 -98
1880 1008 -55
261 1265 -10
1652 273 -89
976 578 35
1988 360 -10
327 953 -26
1859 247 -10
889 1135 -47
86 683 30
237 1800 68
1074 1757 100
816 1728 58
1796 820 80
1558 1047 -8
858 913 -87
1438 573 47
1570 384 22
925 676 -51
794 1419 77
452 1446 -94
460 1684 7
1830 446 -52
1587 813 -32
933 889 -100
1883 764 -14
1354 1767 -87
1305 410 53
1941 1534 -61
1780 500 -91
409 1780 -24
1559 998 90
621 248 -19
451 540 5
1896 1034 -26
1440 1212 88
1912 478 16
644 1455 83
1731 1366 34
1474 781 -23
512 755 -9
346 1165 -65
1850 1560 56
1348 1276 92
505 107 -29
603 1725 58
910 903 -3
20 1605 2
1769 132 -69
1371 581 -51
122 1094 -58
74 1206 81
105 1021 85
104 529 -46
1562 47 40
1091 1827 -85
1627 916 13
942 358 93
844 1675 40
1917 400 -79
268 1535 57
25 1572 -48
1335 1333 89
42 1287 -81
958 306 -54
553 1301 -16
1640 257 -77
1952 998 -76
1593 551 39
560 323 -43
1027 363 -83
1520 1439 -59
1682 303 -96
621 118 12
734 1474 40
1798 1242 -89
717 646 60
4 1921 32
1548 1946 4
1479 1529 -84
1366 456 -41
1967 161 -64
324 1612 -48
1532 571 -81
704 876 32
1227 1844 -77
1871 833 52
471 1773 34
1683 1209 11
559 710 27
1791 1602 -57
1349 1273 -49
341 144 -95
1365 1923 -65
593 1268 -83
1266 1943 -39
1905 39 33
1812 185 -68
32 971 57
1445 1371 -70
1446 638 -15
838 1347 57
1118 227 22
1110 229 43
739 963 -74
1855 1269 44
264 446 -67
1569 808 24
1772 451 88
1636 1808 14
1600 403 -59
1848 1542 80
1500 1929 -83
1405 1140 36
1706 1657 -91
1148 527 68
1479 1863 -85
1826 900 -33
1823 901 36
527 1292 -99
83 682 -92
1199 1391 -11
1161 898 100
1151 806 -5
1836 57 52
1618 1293 -26
134 1998 -92
1980 1927 27
342 374 39
1060 1370 -90
442 133 48
611 740 81
1605 651 -51
1114 1408 -58
777 1667 -39
1180 1292 84
962 219 -84
268 1360 9
520 1857 -41
119 1499 -75
1992 1038 1
1090 1048 -79
823 217 -87
517 526 20
1756 1368 66
286 135 72
1554 1989 -30
1832 42 91
21 52 -15
567 286 -30
885 1103 -2
1923 1485 -75
251 1193 68
1994 667 -49
1593 529 56
1604 642 46
1286 730 -76
847 334 -8
1271 1087 -96
822 1898 -70
1780 587 16
532 1437 -23
1213 356 62
1517 1642 -71
1564 1314 17
1353 1817 -79
321 473 -78
1444 41 -50
1876 1410 -56
1073 1036 99
1803 1879 72
720 1165 30
129 1965 -92
76 1232 75
1216 487 -22
1063 344 100
991 1516 100
130 1788 -95
1437 1576 -91
962 284 85
236 412 1
1663 1297 -43
546 1799 -61
1079 533 32
1260 340 24
1740 1640 -54
79 294 87
1965 270 46
1937 194 62
411 1214 6
1463 1559 -20
934 794 84
687 801 -75
1867 1352 -51
497 72 79
1375 365 -19
1362 960 -65
690 1302 55
1391 1517 -51
1569 689 -63
1767 1652 31
769 1291 -27
1585 1637 -67
195 948 47
55 569 42
980 614 35
698 164 72
167 1924 60
1692 1329 85
1860 881 36
599 1315 98
1793 1893 -69
980 506 -78
543 985 38
70 61 -20
793 436 96
1713 1519 51
1214 1682 19
1998 1623 -14
280 1676 -87
1340 1182 -98
1695 937 -73
1088 313 13
1042 319 36
1306 1655 39
1091 202 -94
738 1665 -55
1691 733 42
463 586 53
1131 443 -53
1505 1158 -83
1702 1770 -28
982 1362 36
1147 694 -78
1295 863 -65
1151 700 -63
1632 47 -41
1485 1703 -90
1217 672 54
1966 1291 -84
535 264 -90
1140 1884 86
1528 906 -61
484 1615 9
405 359 -14
1063 97 -46
198 103 -42
1807 402 -52
582 440 -30
960 1780 26
562 1958 58
926 49 -32
840 1849 25
672 731 2
1093 1144 14
1034 1147 -40
1965 1058 100
1088 1056 72
1151 1543 55
1123 951 37
1288 1042 -41
351 1830 12
940 1675 95
181 1966 -9
1625 512 -19
1134 1102 6
1040 576 54
1621 686 72
1436 1739 81
525 1992 -19
1926 1982 -79
1763 1387 56
1256 843 6
755 223 -19
1972 592 75
1036 477 -27
1787 87 49
1963 1859 -15
578 511 89
1572 738 -13
883 81 3
478 989 -92
1388 278 -78
1685 307 40
1670 424 -19
990 531 -84
583 412 100
1695 700 77
298 570 -70
1238 1693 -87
1835 1482 -59
422 1743 -86
1734 1473 69
80 1784 21
123 1598 -27
969 1275 -65
749 15 73
589 646 21
1345 1335 -84
1933 1411 13
1115 501 -96
1399 1882 -6
692 1904 87
46 209 -72
121 1238 87
1665 43 30
324 1955 -48
706 456 13
585 717 1
59 1348 35
1459 121 90
1461 739 87
676 233 -4
1347 1940 -80
1761 958 39
1683 1367 -59
1485 1928 -2
1245 1266 -32
1817 1413 90
1486 1086 35
595 1187 -15
1973 1552 -69
448 914 0
1248 276 16
662 641 88
141 1477 36
1712 978 3
619 952 -72
1418 598 -72
161 1672 5
1873 604 47
1500 1499 -68
612 537 -49
207 1681 31
818 359 47
1611 242 -21
868 497 3
524 1237 -75
319 1509 -70
92 1591 -46
1936 63 84
1342 420 47
1996 910 -82
343 28 87
1241 533 49
1649 54 -3
930 1554 -28
1190 471 48
333 93 -86
