100 862470218
144592658 795862025 180337071
610978659 337756758 825373184
-850415892 999708776 144412468
145639496 97986121 927151397
85876793 812422041 711017259
616720755 419591918 307077258
-922790633 387693386 638582277
-352105876 340345558 269560982
906901443 832999060 202790690
-287202723 15160470 246775233
182537547 736868004 173755600
660777241 889240919 637731555
181254209 921474518 445897699
37141476 527390981 152641810
574635294 354667961 673344188
151581704 68753263 534643970
936639267 877103215 279259297
-147269584 131674621 108407410
-766326615 960155274 791359953
-867162251 289366817 591180118
123980896 490429947 84576109
-159286152 241842134 14284519
-140292113 363921822 112962928
402857142 866054814 331853836
628583127 59805833 834043157
-726008500 749440264 176466197
-277744418 194364723 239743554
394554233 649333924 925991861
638971344 251991746 599762003
137580571 581039508 89738365
647855286 591306763 358000492
596962307 42772113 697184846
437634655 871048822 119382816
52236633 950349104 967234382
592040356 695797530 412540253
-938012216 323439625 970120158
41620079 699888859 783751206
131796937 765289457 171303393
311205382 770351099 133672205
940890710 288768649 957474201
638015721 56289761 771167627
700924454 646907599 868977671
-919155049 834459029 975936630
-59245117 548703421 379015573
795860592 66035394 298061979
-653059805 246153901 522194361
165898273 98450683 211107051
301931975 183626013 956080123
-477769239 790453720 914744897
-646482980 12209199 131290452
628384611 979347147 405638323
-67912657 248033763 735750130
866711626 333792425 932376400
-453065774 928030536 875706610
17571703 417707446 308137505
439936185 623076834 167628084
464482067 964159650 75613618
260813078 316864986 324133319
-562602855 791892409 552643148
34790761 46679564 472179951
-366504350 422716905 93191099
-945402718 300504554 898911916
-569352045 550122528 325551608
-200680153 382050362 938328435
163463090 217978740 811577116
462413215 131104716 14783355
169167914 549682770 855333016
872674251 997004573 204495587
482656097 698580601 148602654
458065946 637975456 918276070
-468394859 990162855 612501629
-538639137 103921348 578346484
620432511 552395402 618319227
-469276033 647515947 839345684
-57065526 787078433 67761493
727314646 541076213 594611451
945956518 255638158 374094117
-620910303 574796396 816780361
865959654 27288401 8916950
-282126772 651657998 621558953
-124513190 848868399 378186609
205074777 249775275 821595652
378870159 952247398 498199576
-782187605 724428240 430689157
-975604377 761233269 30255882
901506981 679517306 968384788
-145195525 522519867 291678030
199147598 78340290 908357784
649211542 904998176 761991799
-570068805 867296271 726606858
868779984 787420763 850484560
-738670551 78522776 884020978
-5742944 257066281 810271665
-220477072 763121469 721910520
84349246 276710850 522460033
-326791798 890542513 610840821
658646657 694020846 416110157
-839933418 90618875 28104916
231385559 896200583 375016642
361624943 871231499 306509895
