10307930450
4658004721
14031426378
1443001754
10134174850
8251060664
4098775963
6105870432
11911930052
0
10044436485
14256183211
12406409825
8806465381
5825191895
0
13952083201
1915181705
14031426378
4381226770
8806465381
3750624999
9206758205
13148122629
1468352473
11187120838
3859032409
10680546702
3523598748
9746374506
9176457149
0
13148122629
12906743192
9176457149
4620970324
9988754681
10134174850
11606538563
2624157914
697184846
10129069092
13029702946
9924874551
697184846
3859032409
1443001754
3956504435
12625153027
0
15490690019
5355835783
2615240964
13024968604
8482332062
10680546702
13885824672
5854519310
12017878593
0
8698582691
4381226770
11456681820
9206758205
4883655832
2302395630
8284005348
12264641480
12073528114
10680546702
13024968604
472179951
8558137922
11093929739
11890915057
8558137922
2609374559
11782233428
0
11065265639
12337692123
5854519310
13920158565
11782233428
12707421199
10085125773
10336491362
0
15174459281
13918913497
9771068600
0
5355835783
11568536203
7138276377
12290446723
9534457641
0
13118003817
12999519975
