1000 659772697
585462754 479471627 466753778
775503160 90740224 272218877
621373322 217587097 893441929
-822194651 147218893 73874310
981889424 850470009 958197874
-762306326 678405329 213676714
-737756885 462466755 885417330
914658434 322750488 349743526
165204318 24500837 103649345
-744652978 404035311 710681083
120382783 770857441 852514841
70431040 28128115 688532443
-543947089 707727597 169158473
448695424 234575657 851971216
-900170345 572516585 727801795
-220220762 913592986 578536779
-300054832 556071972 650303315
-980726506 920428448 577187476
921628064 243619355 636148556
-411034487 787735885 144523478
-955290151 13547314 682079157
-594510434 482623487 260189144
-807335522 824930632 265801591
225036970 924428001 623361699
877311724 161693565 59739956
-831013720 294533103 417598260
248167866 999540738 576927075
348176235 137532547 271138571
658589175 442492988 737816156
-624285918 626958896 785973946
-552935798 469667668 591920076
-916827131 41640549 291614996
-256324362 848751925 468181267
-811713203 1118288 92781514
541899134 729474800 366646703
19373377 243326957 1284836
-461519882 979373855 101086235
758412096 794501783 59122065
-885542934 413576151 471649491
766068576 526436043 511264484
-732607508 16390626 806948888
984133369 144913835 106611422
-298315900 957409924 360214051
869380384 272570485 487612173
760480820 623865117 13385577
-835038757 742522784 850091992
916372003 589804598 302451058
-135043651 107522516 824285785
-671064009 582240959 402356271
563337747 504750641 84666371
803474448 371817211 612205610
-903869857 157752414 906583735
-652226263 295519470 291860579
920307730 769848183 909689307
839284314 916363341 462822513
995721147 238894943 142189891
960341209 334820977 844212278
908711327 358894663 331364490
-389490588 775046168 553569917
931247650 956487593 577950168
525170759 763732597 975900115
388517376 333784244 762344324
-84547304 34748818 356856844
-189836214 140413764 533544399
165337660 796100060 626786792
54565265 381813957 877638216
583106850 77073361 846869297
-373321954 280871925 911658261
-175818518 536790655 807409891
274772106 516511071 358422271
432446684 744312290 473716649
85016049 534936759 330515177
-725803126 258963698 890737767
-443141095 529633269 976726191
-110157538 897853067 534565027
203514325 726745436 501462478
-967430240 687154425 407427082
-835403297 403054226 451937534
-521561261 782643395 26894150
55971726 483751950 931802996
900149023 234450555 295279582
-84166309 428668147 258618768
-228485181 147075989 609624154
-248870583 134406927 977992744
833052411 499640652 475823739
-678663852 274621804 971825757
-536136491 142921732 625380367
515712414 770067916 507675191
-232003895 443925129 429702119
50053039 76835769 241659876
-478660703 955915189 316244944
492703740 245980501 562294934
-815555981 108803832 784466854
-534496409 214449214 168320718
898717167 403946029 256788893
-605715829 847830661 933471075
570109732 930181154 583443131
362809194 671484876 552937527
-154388642 759403421 157058216
-113746141 522604060 634535550
-191821071 262169924 95861063
855402160 794232384 362908620
-931148995 154614226 97219892
316491045 815848041 40066383
-848122036 743596080 7472910
-340406662 765033898 329836749
915825283 59455077 522505140
397263458 111571363 367415000
-478398637 654009579 660224907
-141417031 222376481 408660456
-693703488 541416778 776381749
915391993 972706241 911756253
-977643845 734651015 814662574
798908148 111240148 921686749
-113411511 221979991 731184825
-736900325 284744272 292666277
780058209 402707595 569694224
264273460 302281821 556476518
67411970 910972995 5292458
-544752321 875170616 384497015
385651640 14568019 971970132
-873122603 347919922 844190752
627131947 295989935 679226216
563050273 360737959 687881481
-933419470 549965984 719102013
783779601 104414603 544968395
517871020 583647445 209836254
-353816265 704350600 607754415
570598659 378416119 678239842
838425780 86794696 143675394
122275667 968878265 898211833
377653505 463218955 944069691
-984575773 117579871 290522528
561016723 962331091 244362726
857392003 581378441 159803812
787551663 412447788 231955742
-598897305 743260589 496373987
-417147182 751535727 363586800
502598516 451993027 840945735
-688944615 249660197 254652999
98287405 694032761 941652444
-836200053 875065634 309984494
187079649 457754709 234284033
-334661269 823114313 995075372
-70708431 226397005 485889825
-739089920 253422995 833596707
458059769 708571875 979141753
-866517626 432835985 469380238
-404466756 988900808 115129768
-615414669 396298767 440391172
-197441732 698913643 734454253
-140077942 660824550 126855225
-306482392 632503310 636899006
-987165064 51041784 149437479
-334691714 284766721 545579407
339777618 358674425 950924264
232434475 451871357 183799290
-733697405 82639520 677208324
873303726 459213091 195570316
241785221 381995418 733514574
724539493 290241443 547061469
673210993 333306368 302874343
-588260758 881267669 224245067
-982759770 144393604 160142668
827580964 382813502 690989801
872780327 409853179 898985820
-578409531 322775697 98940287
-509838828 691540765 822453858
-869452268 611803335 537811437
-780309067 260161794 584809180
954592317 190890555 547981459
250084567 733610542 880733241
-622820793 628966479 97608436
-337620744 987434438 665203879
534358664 331374319 119383540
-763468910 796782106 957746652
331574332 669660200 906540012
-319919511 172653396 793333528
826837344 48607973 193707066
953727335 384774391 941379199
282217556 484814704 395761827
991206719 51100122 358583134
794225536 152272381 618395164
74127216 561377748 445167770
-679241155 496967508 936738393
905749698 375109870 492278143
794657851 975388189 134418435
-202675711 794551617 82040736
776730589 697403110 552775566
881705627 393016621 314863132
-837638514 157506529 3467866
390407755 786828345 824602647
106318401 38376188 785855260
-116624321 415346050 346880585
-588767991 912777004 509465700
973570603 351541237 840044082
-511692998 383211164 442753612
689704873 817894802 106651303
-149796317 68498415 166167963
912608924 233777421 259694176
-760429541 994597004 998355685
-228698242 282108102 694808091
538378018 427271791 466987248
-903191087 964535374 454237096
444026194 106292259 757346053
169931213 570322051 945796556
250759711 375507933 891916813
-486949241 355238174 110435200
-360644628 332336403 291364103
830123406 42677623 713923318
-468926687 292404035 603266044
51110161 689991415 935122713
-155056803 274152311 73409137
545302151 816883729 845827341
223238167 977899962 867306551
308768194 397576132 750421772
-175389634 283271243 29076369
909945923 678153940 674454247
28810747 491676137 112624481
-601338121 199774379 280729753
477006565 226518607 271905227
659963308 546501070 989509052
-706404265 755526462 785882948
-437640991 871187910 420118881
989428034 692194567 240971841
746620800 201515811 278122844
-614295417 178279085 576582675
-878252348 394528109 209220616
780864781 360129196 711785551
-3074681 817637564 184869114
566841398 74030451 22692640
187368002 844863748 501753396
-433911098 793941070 642941772
871344455 445306714 356444246
-581969456 835748006 28308275
-270513736 327407333 600189937
976685061 404336161 892973769
430300968 25734955 577158885
302868685 926862115 38998141
871879258 874312576 917570150
144972741 11660285 425535165
802499954 156106774 32529521
596266133 368244120 53825375
-877972361 109158807 156614094
-711701560 676244711 674648446
-134883142 545236128 775843889
-764466641 229636821 407344193
-194466004 582984560 704119404
669579049 771079095 337590766
937242702 494008349 830476362
345459686 602957340 699535403
36207636 719468167 645683934
-718344168 234173604 738210302
440510097 999913211 270606519
-686333393 341906097 162793153
-229753972 769548809 358292700
-740104515 397088173 509949227
584720919 928131154 827240722
618526494 647804217 994692570
632002757 834945141 833997186
712785932 613160813 655011920
-331866786 757918886 306035988
-344981169 965703122 769200637
-892160336 276450799 556143168
644784963 915124702 281200531
463518233 402656172 216417805
-326466165 410153398 556293460
591797028 306252632 3173420
263309502 812784818 691678904
-831618855 254285848 397009793
950358140 441227839 305716353
-835131036 108288867 263887046
-954218495 414594462 98280659
778549338 21008383 649110852
744837386 377050257 526580146
-785580281 693984214 306643189
700251110 356113003 21390615
-430759276 40198031 842181173
-76255577 253620495 148281532
272389497 7581611 702396931
-114087400 286101720 180626063
914261440 988737431 921117360
319748392 120946661 518021296
-651366969 28687353 820334935
-511716093 296541317 370749638
-798920727 235179869 263426758
462697262 749960604 89092345
477794352 271523749 952530130
-498456829 344482029 552974906
-248212167 91378981 916282273
208027079 571826452 521536381
-337953612 275505645 993333385
-599092298 139581469 950705478
607262373 97154918 385582868
-659548101 918423269 893995527
-689023795 804822002 316808362
-12004533 383712101 582058719
-500019147 917572650 910662298
66909084 477146717 517554291
-754366304 148984067 754375443
-806847967 96793569 916097447
-227310419 586773750 7164980
-559285653 893138171 726516376
-242352136 988005444 982665556
-534136192 883540066 174506702
-635957525 680451504 322360422
442833396 653955973 104287651
903043151 489454304 278114567
247695113 360118409 312611619
302864123 157470628 515257611
123166452 430414394 602478206
-577848902 185596588 781670666
-396611293 954856003 616806751
-415408226 200591533 100319590
-672829113 114487596 637916080
-118802701 1156326 249870299
-598093966 163835435 610979096
-487404269 875069605 937717243
-566265353 47293824 269006993
213743702 6849576 673984455
-265550864 675129727 927595834
761156341 362440909 320892011
-292189350 155812047 81207114
687893822 772979783 378423193
-149818018 744353156 924348498
844545312 394336999 762924750
36738413 283471662 903667256
-446195523 743948513 195683362
416301795 608019170 735498383
257717399 563216330 234837378
-171585635 888800766 545306167
-856025770 986664813 262610588
-196603307 618685408 767128290
911421787 210898347 683509698
806127544 909521687 564396204
-527407534 292244164 946457609
163429459 139417123 148511926
826561345 252927115 491527181
841103696 954747234 754903758
-915138414 913424361 257041800
859157664 849028961 227269393
-238654194 450055453 102597112
-558067875 372860426 256827650
-124614619 953303830 408145883
311880172 707418907 570352125
-716418283 779942651 82595773
-572131919 475222420 60135128
-120028198 748759173 244590676
999282337 187050971 395090756
-169237951 480913264 597066295
656066491 607795646 866171142
-78899835 170739091 305555179
-896792017 344456695 593950201
995609019 688601483 19113599
551203397 895547545 317729832
343036465 590532684 165918547
-284194589 586750702 615012650
361499757 739052876 557234826
-722856866 103416113 548881406
800730232 177193665 821352250
-24861924 515614756 974642684
805575029 633556438 785305960
832309166 507066239 824840933
-35698497 232709612 729138616
-709231594 459255684 362847527
82618848 178397152 79219988
-175131420 756701946 934385371
915949382 579298834 877395153
-720169115 859553683 563140391
-817863122 163212430 501194016
123127864 369016894 547047572
-22824194 805685294 668421201
173001470 427449286 352929436
941726152 737213177 887294126
-965819624 840906522 628116703
540790183 295592930 42577774
335325348 362742386 447771181
-603276891 214211297 782652431
351602448 370515640 927497784
544613316 608841423 646059027
-466871087 518150918 760888779
668685570 868395064 741882103
-117985117 771485239 268813077
104017747 254245193 190624594
-541135983 663178402 965656277
627298900 627281434 570007677
-434762037 155621171 847455473
172306003 573776652 109536064
718860383 618694492 839184162
-913377745 798750943 928411420
-92676427 836819682 229811886
-333603624 110655424 563365776
-752557233 936651815 178560888
-191450189 782310350 566224444
-667805454 975848534 614179393
609313900 406674417 751956644
232987279 520053588 411430369
-553213081 508344268 7708220
959927354 291161409 706488793
-239238388 328212385 94844060
455758243 980512130 95019060
910851322 343267049 443440421
-232651900 818698491 328811845
481204015 520915648 517878355
787531958 559511853 256016519
-115341515 351978413 242577151
-952939584 885507165 421912702
587992481 543979349 449980128
-761198832 941382372 450871629
465021339 34198394 310874839
-434493161 477306580 436985520
-776398901 326548743 60821197
-358953000 206557255 485578280
-269085630 421171346 971154999
486272965 760004847 53445276
-825917034 649206247 735600878
686296856 50525484 372562446
138969959 417765393 308705697
-286579130 365636801 259415945
-751043790 396786340 70609088
-425278896 793723210 607289193
-734412934 693457756 83511980
871968006 293776672 772159099
99499775 722777020 409287194
-316902089 646754098 250951680
-474560728 312986693 561590023
222774840 204528821 882360160
842576173 517560784 86960774
-763927246 396966532 320719290
-620667257 972998287 673189087
-221005165 428488688 950065402
54558048 300124166 711159757
124536285 259952934 122021915
411602248 85653621 958824972
-378346127 946561198 267025701
874935421 601299436 121631999
700523423 476770984 189846989
863041900 212714011 450760384
-362173633 285787802 52371973
798641534 462893461 808351212
-407080920 132402166 7553324
-65513590 934992405 852996158
-910483886 221682870 310492953
469033047 537846234 516222651
658100248 109323292 38705624
-195913243 61506174 818566096
387290483 390082005 237603741
651045951 227807066 10237024
58389855 801328409 791223407
-919238777 402634964 369606372
863556386 802395228 559731351
722921820 465359824 409644995
-299652480 279890404 862184185
336446998 370776045 85365556
-891815060 502628190 337874132
-730843650 341264486 600810121
607650436 138476153 814869510
-738566876 148830754 444181278
-641681368 845344280 559296769
-397628677 215388031 917117957
73167030 606224622 649728490
-455775228 168411572 164026408
681223232 546801406 641551200
-930469651 865789273 122754124
862714206 955899427 562059433
910937558 284640288 257728682
556985712 741031963 683306156
565467995 483850162 480286735
814872497 31374482 742784337
614108338 462755860 766263846
32161080 66005217 475744329
-332792102 123530301 975217319
492192237 772269905 375984635
926404869 700703243 81202476
465716485 142700469 971469319
-496360878 507764973 236474973
-247521821 463675950 510534411
-790966569 358691902 727849771
-335390131 905071087 940230561
-192339711 425449143 433726458
604309476 412418000 125610131
-650476506 260258265 917656200
-30858451 880750313 250306994
-237774151 307136780 19281343
71473037 880068748 118597069
-177974480 980180560 22535095
429317288 260423200 65166943
-581351751 332680109 532782156
405007131 715137452 606260910
-674592599 809943596 105123054
282263999 959035571 622320674
356405205 793316825 912083218
508867220 22840231 913991037
-727404083 465299436 813530069
-696591825 828526932 153065028
-665870040 782158556 825288547
-393356997 93496985 1445125
255042623 814747089 890747009
-544743640 132075822 595080404
-649936594 290117925 152972604
145465442 550839664 723840460
-576476119 176593886 88846635
85378598 160918498 874423356
495913159 528854822 645537814
216992745 977517815 159329386
106722066 943048827 218913682
614403063 684823993 442476226
699590026 612162977 724155366
-759783597 340872758 625478460
-180432369 602068813 454816308
-782885871 953010728 454291452
-255546069 807298285 321446615
121775189 691428651 877180117
93173380 123447263 320751574
-212971391 46758315 131060782
567686003 950735736 461122728
361398795 546060129 273575246
720712891 430641497 928469948
991905392 702781742 1510059
-405605544 600000475 428705140
-5437224 374240632 716151005
-113152147 917427428 908628293
2848784 811736285 242838380
-589160714 733242967 924332510
-457920618 509386513 16105317
3355985 880126133 660967764
501627123 342051043 104941439
30216935 134273790 27887790
-302762302 184809089 954272144
-733679430 240939008 607766965
-163313941 336136646 143395094
-360986952 123883024 789737607
-69359688 837001123 323137769
-87287132 422425476 781616319
657414348 153253138 133645895
-403746551 323631051 79066257
983019117 783493394 521611623
453561319 529720409 594782488
254260807 263873591 799625727
630881399 149433871 500397634
805075027 293679080 712094709
-23206512 263165293 289974953
-459819069 857155616 128219420
-742508951 285255882 548829092
-565990534 201834011 672022622
805369885 676207378 274611659
-616188218 953017722 141499346
390152500 72394409 498026863
550876363 690676575 545537077
260518274 419408300 871505936
-261549023 505209448 413684299
-861181876 340643090 496235889
697526491 452737131 864961033
-959036344 738802804 868019498
-341658524 342256516 898839948
-955088924 623397029 496838425
-962985194 306528586 528984488
-115305205 837059968 955708159
-272579630 59985732 582968557
-285958369 884244290 850807030
-276057140 958857395 159671530
769908464 815066383 422568076
616872346 610469211 160582033
437109221 214852737 184189718
-42423201 708408601 634195964
-586812113 556965087 803702089
592017056 387396141 60914651
-184192930 57384911 523153984
724831427 208035669 829155384
940022563 321590927 41759267
927960280 716979205 60433819
-900196344 911378745 701207723
862760691 606836518 69276797
204881252 618053854 394165972
-285277910 883071950 895061560
609425825 165832591 164161775
-493413753 145557669 306764604
-427501556 767403517 740319611
35411848 453126528 769173897
-754504144 12301382 652218034
609213093 751795620 231929039
677712803 217316727 165620381
727016639 99619590 952831271
-162015880 305638624 487417721
-40167498 868130922 869891906
506756622 223484304 248624009
550005332 411213987 64332933
504012405 634048051 791743935
-246148209 952563090 632710618
-858346371 113478135 53907193
-657394707 991630862 374540708
924015953 550649701 600113605
955861658 518251224 758727100
867636044 850945980 896568976
-451579215 498473634 605170621
406324859 340759518 859785725
448264720 720972148 394603803
-888005624 179321156 759395468
-854641247 759311907 293715778
-40479600 165521752 344902007
279209606 812888856 753168690
-5389580 757788274 342539677
-366783066 4872576 228238217
-696186051 537745268 490261418
-42649186 805815361 115342050
-33999837 369838138 198711673
-721277152 63058133 976876769
583507885 295472643 157916185
769907250 894135450 50762029
-741635893 685805086 300569542
593939110 68395121 466659726
799868827 966196417 633876841
-81692387 571453340 940822195
885638306 274503799 580531782
-801823624 309612376 819134719
76899142 524306081 923446822
-329136539 814039136 807389402
-827082603 784175741 338901558
55745010 835256107 301392302
204795848 498203336 169977958
-339980968 972067421 584372995
118789241 466600378 264779524
792238609 497898244 856109704
972231557 668258392 413418466
-614413592 180413653 775644967
-791297895 100409185 199849005
-592778426 387308259 668422891
-899563832 705119023 712075307
101776851 565841769 928062379
76828515 46995550 496483570
983699423 45046559 970300006
-130715048 363426126 757012260
-294069473 673574892 615635975
-405515136 936273162 798586753
-260697673 521159284 285812293
231293670 663753162 664331675
741955879 458291701 672307354
-789986221 687572094 751710973
542505013 14089011 313611285
-518462361 455944423 561616235
12946758 99759084 224125967
393329439 780038276 23452878
232937157 459874311 500006399
580793375 33165263 328956915
919621266 51961065 129955403
529559537 928106503 772814200
792833497 983901507 514212949
155400406 24021856 484152746
-960593653 535692240 800111945
-632760199 14530794 891522423
-120252143 871791312 358990440
-955219920 357452031 132931534
-680562093 266586629 336658405
22639105 285805429 82001177
-86430305 397537405 277263489
-319210520 321227247 293723098
140008017 563819077 921421434
580515326 954127875 51331574
-993313405 734341776 752274018
-623244134 781362520 690593906
-372218886 518216453 738429558
-307820249 500752201 701704527
-451675719 419078643 368700445
-297252980 199171172 768943360
824935063 674606940 233064292
-794649609 873570083 434549745
844055559 931319184 128388392
433999876 623115274 224097500
-577467922 234372962 972960551
105874878 844372939 72389488
158325546 926137315 308370047
33428166 693826212 936476092
940763661 410601932 555312909
-718392509 165528084 865662963
372591489 180460463 716539046
-42081013 683136623 978000740
15048300 956321024 719288414
933382617 614304397 854520778
-788638842 176625620 557022994
-415640584 558753513 628843206
898211836 68745225 480912174
878070477 363600364 930082012
-587259538 298485190 422316788
-253689080 891068967 323722166
492827946 155438354 207300626
-742236289 221082326 950194283
114657194 187896778 384892191
827770296 425621489 358810293
571138495 621176342 409831860
-682509458 858591851 555925936
-987087674 472988601 20835086
-262883256 198691748 647379621
31294046 436869477 739199502
38711929 817984836 811242653
-930114572 234753742 456326903
-423151018 95507941 992720968
599502878 407817620 563468650
41182703 406747838 435727264
-540962697 303101205 864305025
-851941030 165510173 408177155
148985038 60237341 269205980
-167503886 949399617 400021193
453473647 497746279 394564786
-250046761 961234992 734952897
584857496 915245863 993446732
-136034785 621698808 129953727
-577992915 255386473 794264335
330085811 557147421 749799537
-59911211 501124775 222188623
211906446 776500633 337146283
-922196483 142504139 442944629
370219586 588385771 542836923
327068120 608648087 13898669
367088140 469708657 247397958
883056679 679320644 986741777
908697397 777912135 477938110
-914834633 418907646 441000090
368416715 754458479 366205541
625348495 46370036 80028343
-857134923 110210585 549403593
-614241421 276800348 617947223
-671210858 184051027 119920485
-426989370 729072857 380022667
-257506113 406561672 290953500
949398901 703253069 751617822
-548089623 507787262 466238616
-402969261 77654657 934784209
807983418 709156845 962913284
-482656216 921490772 990892848
182345761 115800266 524592799
-177329496 767541372 498802569
707863949 562092789 77533833
909597562 670437961 376624477
-980885862 163681122 752512175
500323080 429425367 622067017
-9920610 424257181 464220076
853382842 428282947 205081091
962936952 961048726 954677911
-803329734 281081325 243126177
6561743 97526891 297271424
795443018 770998819 546055943
-522125347 549262609 833890623
-692833027 870430181 875732201
728288433 441258155 329477826
572320496 675038905 81113155
-229440131 613813315 536616135
-780067391 277988273 666120585
-226076337 986590221 552415093
720503696 557925263 962541654
670626897 539027874 617888
-940995972 351986726 625739457
-1646661 368092349 654685291
743259786 443239405 61361961
-5001566 149024711 429417124
546625714 816013036 134806723
-511950337 253802186 34303378
-465868547 640208049 386478138
-16503101 391886892 513001410
-488948614 187349649 116205719
-531800640 672076622 567999611
-58793806 103284450 986001971
298468640 308297958 833788223
-645837339 613008851 430344406
-850479545 65299857 86947157
-173957225 190632716 188906996
-955491115 620693553 103542872
-815431198 324391916 724151868
-684793489 479415222 89630118
-899107304 40221819 126041687
492318444 914760942 888281674
430294746 724717027 302922857
455729548 942186716 489128828
-176198453 715343696 523510045
951710084 947268486 19673842
858795133 925142861 933710620
738806016 581758605 382054468
295006140 161736129 400525070
-938261852 839592683 653892520
-176090795 30333285 696378147
-338839709 305213795 320789687
-561745556 550288756 272730209
665586533 453944399 833777998
-440498654 635778629 177848777
437751268 941349770 654064635
-907135917 180531263 813835103
117246797 822074666 842733619
-588128433 228992195 801233102
-766522261 501618975 838548023
814213672 197369653 605630798
478772810 50495167 911951768
-254959549 921801317 294104493
-115853088 13725094 556850862
800302053 746622018 809467583
972286246 587951654 450978484
-551463260 492782202 570237446
347571066 657326163 25465133
128554243 709867612 977371841
-590088784 59581874 484795510
825575571 86417970 117063130
-817840750 51213947 970897531
388471419 754341943 782277637
-140022608 42873514 776105545
114854645 724405019 542773741
279163311 782973780 414194154
198921037 964233046 418193353
171638794 491466251 269576188
-166671569 545987412 417117889
762510329 505008423 114089138
-33138607 220905236 199666227
-495150066 408749617 499976777
932722076 67469684 358905565
871155550 259253463 89081166
190375642 627114270 959516306
402407407 965835548 31443414
600689597 10904250 10721540
-212941634 131125727 171509671
-111380512 638847897 12100021
846270803 447688132 890351106
-51307612 146039 208287446
-74188936 496597430 580119874
-557632603 52333442 513938985
-352663497 50582929 421489435
817920399 9944523 994083172
853673125 188672530 526908192
-978562227 952075084 941838776
11452157 79779283 476863022
392364709 381058425 621312979
930684582 65748581 504229208
-89684714 633722561 38055760
-247107335 465670952 37646037
383669084 443827000 355857284
789352132 225176685 282734549
635148271 781651578 253898951
-166162773 513316609 225529467
901536391 318815619 864690196
-590008951 766271546 781557709
-675265721 209056527 902415657
-547104272 214037595 982264251
560950543 631899642 857787664
461001116 951796514 741095175
-197875408 263388348 685092760
-656231448 383767122 754449037
-992686826 497870065 493731464
-633720895 186697197 250423229
-215157076 101750212 996404417
569131591 976884983 901970754
-841550735 916032200 751783184
487543454 912255457 990152321
51116834 583820650 813209022
87764263 165002484 103313196
809787827 456682284 448020128
-543001017 779757537 129257894
394108640 127201743 718929864
-667075711 49139761 462207736
789939727 101089456 696552419
112188168 323335719 803612459
-141115922 185464258 283710923
520442486 108908829 796118277
465116978 399627305 72901995
-613446968 859936593 877607607
-211402906 785420177 591665040
593053671 234486815 932705889
-732843994 531601753 998825955
-172528071 246802116 873618356
54953841 306784366 683567999
-67980935 326975951 531625914
572663744 549474529 676265540
712355950 842439057 143777128
552196782 185877819 838789325
-908781124 489500437 245376146
-641702966 713505035 46542764
-900506031 901973775 979942195
326079679 412578773 923066961
-734119228 666479177 561645005
596328774 804238136 366888088
465698877 929582654 556100564
249748684 251203479 859108711
-428123325 744940334 712302284
-284876034 534519467 731631800
299150099 642483894 887141927
691552545 22931152 65590380
18599933 51841874 449017736
472792475 393347205 560400451
849183733 225023308 456134177
-694910767 296753067 341666901
-615202770 762724235 393954595
-652111560 255853762 900474909
904430853 635507227 841038129
-906036795 844711167 215723007
207347010 862218207 487805883
232936419 935056884 303603305
-776098871 523703326 999726403
635703207 759169862 37151713
352247632 353420862 305899429
39951396 331227418 262570645
-782554424 763628730 592677714
296353621 183027993 190462751
853824207 322548794 159742030
476325556 398254549 234084932
-434824074 169968840 874300513
53118810 810690406 753687445
-657014010 294079394 71225185
528269986 557064232 739194875
-474606477 77772615 464134392
-39665094 374592130 643312667
703766020 805688529 65961132
778356647 762469941 542415571
814819368 868979574 991801032
-215008738 639626775 402838432
526819804 206448382 186864214
-73124731 539579674 971582311
49805131 382773207 944299578
309737222 149232246 505417846
-855904516 977830677 429905081
-426240284 680367509 594789087
-86256680 347677865 550993695
989116801 324325981 321048310
296897078 51808189 413341371
-441815482 670716307 333911053
691386389 678507129 586478646
-518912269 482647284 17655237
184278532 819215664 11745961
409521329 809918992 126390567
682327945 265830346 579334695
961294550 581844278 173457638
701161014 778804012 324267520
354718398 698560184 471354208
-850143077 74096138 793363904
-269916081 411222989 867167786
-703377777 404785196 737373013
-234853252 996024870 868471172
-775896016 136417741 459096469
284860855 135270276 499300463
497675708 714243072 902189491
-341034923 407761783 455526345
-218359199 488768995 58822729
-750938249 155701275 723317769
-666243228 967713004 802399778
466752320 837372850 415052116
64735418 514951486 29111381
-109238074 792301578 46726997
893505790 118450726 953541347
-854442498 675315450 685233485
-597456479 732964077 541496052
-433218965 239491916 411906415
-37754551 493603942 549300253
836023752 637147570 378280982
727032411 302949085 410953039
153630935 50519755 904089056
985915466 609927420 549824441
-726176582 620705070 652800418
969364616 19609064 46574684
-392744521 993360809 20648118
921152398 520238659 297971412
992180520 657710394 526325686
227856394 788912351 978856419
746963765 483443935 264906427
784482346 142404923 139795514
773543166 153504196 191900628
499768860 332609769 420523522
-330634208 331863347 633705896
-619747511 635470730 770783961
-130557579 987784707 647850712
-328459508 361743119 360114197
215136387 709674740 25761790
-264545537 522836495 993406776
-614885973 264587789 317925255
721095568 592512384 403284042
-565173203 232425932 968935369
-956689834 990609639 772845737
-641060575 18695220 644538216
409433356 792138520 252295828
455124060 16783598 716143590
343331339 793760184 207027483
226007280 82554552 38069969
345230288 752292123 499323252
-963517181 741409259 14259705
-333271899 940716795 882328444
619792616 321242833 456294651
960063326 614817509 940320449
-564766556 153306864 964536329
-960934756 701147715 905082514
161948964 171160457 135287841
-973916763 470700449 264249484
-111361273 640332671 390578368
-635045868 717455748 746718673
-394573844 20860856 475361191
499958799 998207250 910802314
-895890590 54078 857352180
-275406198 307662553 845781431
610955036 333725914 457459789
-684783508 264257719 755140137
-481652783 129096318 942308785
10404111 451918519 47126208
-408310017 339721048 24582896
-347196061 307598156 911668797
126085107 624100991 349124162
826832755 837718683 201340030
431826358 729927193 582340124
-893456713 858024933 993196111
