32587805446
7776547057
18158011152
11781551446
66141686751
47723071741
34715681269
24663898378
1801916551
30837013147
55788717340
2286069297
52950906787
20365709900
44403147984
64981304643
41808750134
64529798428
19166153456
60332654759
0
34876625645
57630234591
66810907779
13599594173
32224973423
70164952301
11928742420
34479069669
44546614626
34469739720
2834128604
63549733352
208287446
53710626001
17652184552
67319805353
59752728743
28152727417
41634880610
891522423
13314236956
68621883729
19060088103
44464941716
55364226973
45415946042
9756053806
37779990012
35536424401
26416969774
14134893554
23202398932
57258780071
71512467109
21058749166
26764997427
25586577853
58215895768
71979476649
55034784585
23043424175
1801916551
13415071361
54371690380
26452502907
6879989182
17345868585
39417301368
36687882263
53442081499
33969794030
24623586939
37919759563
67072689116
51303281662
46249591082
28187132019
57686806679
33358234622
18343965682
30287280271
13948615760
11979682933
37893139400
22860562434
14783131306
54981128690
31727868468
8112768843
67204338443
20451009868
10541574468
18412587034
27665561903
59323130996
72556029015
47249559264
54365793912
38550177248
19453249143
61343607579
13574942142
54968283377
55662211476
56715121454
6182155534
9315291839
48400335363
15401585260
37855601141
76286895377
51085494339
10143908660
16350470339
27841470532
29624555589
22278838171
71249440152
65805632189
1376381386
30146816453
22990470712
28495229787
42517261899
8646108994
43359799056
50170086401
29341027453
6463525943
73908362726
34966680479
10060784709
73809719878
46191883151
32020946711
56251000588
57824528966
31400341259
23421158877
50049000331
64620244103
29610098198
61824900881
16227448344
25701072368
49042669305
33143545424
74407774186
30872986485
52494412245
49434039303
44214735771
2834128604
18217750685
26353140053
30927522331
6988962832
35939053027
25362936898
23400184342
26029637771
65500166725
12585813972
26695092618
29473307488
22209634437
52156872357
43703579749
25701072368
15065776685
51459091011
44252891528
74055878317
25939516274
55665229005
47674152301
16018617168
4697366265
30629571059
36292120436
6474227857
11662194596
37303112184
37510282551
27780945765
72929238405
60504490353
52130939116
27067964222
14077667104
57144605599
3361688774
29395857694
69383283080
29668965362
28630669373
62969439406
6497721373
18870873874
74057895007
21083023702
29020694748
72648028661
9315291839
39071610286
25121277022
27467902630
23028589201
4368409350
18759953635
53161430657
18678883016
62708553825
69317873727
28508766800
19738294124
50515147415
34864081805
20651022593
18444305679
37775243850
52585228741
62362406387
56988139611
14158207706
17776515343
29855156743
25705184223
60771929255
6857296542
58140383104
60980583689
33714820620
58895960775
24455690021
32933399209
3064495108
64411654058
65850398652
1376381386
12280589760
29215719865
8988073168
47992819114
40109734679
25393430029
43334414714
60387276634
39237635314
44397916794
55636913762
24290374561
74886050750
26156700548
55418533664
32248693144
71333706908
47563778838
63087348125
46161254367
56409085466
73815076399
29853768516
65949988496
28192173274
26235162361
24494194568
57147983286
28926896770
31519433943
9606790259
32077924315
324332825
28597776632
50128992121
27797678309
3055145560
17291541028
0
20286751307
78857944843
10714349209
2408593439
19885735450
26900812145
54716179845
22781058699
25296204078
7924835236
39989895299
15874203179
12031212992
8861348639
67622888815
62629519873
27215000292
69834182212
31934755079
13142882895
7015080527
43473837845
68127852663
71809193402
69653719777
49108245920
46721530130
38856438154
24808665403
13891199152
28246454392
18873988097
67772291807
16903879350
11483763500
0
16952229558
67540623429
3897326733
0
50808218330
26326460745
14564573776
59081349433
52903629611
27998288029
20040895565
53869411569
41735784951
40324647075
61248205949
74992059220
45394420560
16968061505
70939185892
20371313730
11734339029
16452359704
75415643539
69402282452
64892539549
33078714766
27929647085
70570461647
49884548207
58228417956
33673290436
54038525049
14222951372
34768930966
43252180998
12742506441
36236194234
57588253216
70792809121
44231998247
38989990587
51634284111
10541574468
13469242959
37714265120
45793983838
38287784169
16082212564
35028510455
13898743286
53760048448
44894461563
65809022471
14905462346
25352650066
60848252827
27593176467
54866023626
62434025719
23791770036
26488427894
21873888994
26724206425
45845757933
36629362592
66144246658
54705860924
18863001050
46004273944
44527753007
13991268407
39071610286
46816266287
60957433851
60707516763
9316861838
68754324822
57163569782
73510315977
32865298266
36673332397
33302955730
21632958351
23694257600
74341113622
24914774717
59795000476
39242467034
43744828886
23580349200
60585406300
39965870970
70542091764
4869256315
30949665583
25790261014
16043688077
27216629515
54750649700
41711430840
5519809609
28246454392
25832351322
32329900258
61660714640
51383457773
21702916727
54497657579
45855040004
19560014605
16247708699
40084932411
30342641235
73939066493
29309297256
22011189162
20385071086
8027509952
67844442965
50068222100
37693144927
17893205298
19012434573
33874039474
13303208810
73323614547
21616223080
39437928159
9246931507
5192933321
27686169073
18158011152
62876711506
31499097327
61706516199
33636655044
19052248706
27952290282
37452039008
25106215661
11913242990
13142882895
60860977850
16529266357
42312465751
15921103315
38142268070
59984769876
74373215292
21752613790
57687730359
32882008891
3454418313
35154834279
6952792693
11033823154
55709457887
52396822918
10440052892
31575558099
34055342628
26819651354
65252209392
29597667968
33077413704
21626186915
67715290855
22114314051
68428137353
74093292219
21618206186
21345329412
50797400262
60765933385
67073702658
56228871912
3378106393
36078525781
63327813934
59681791022
9138571805
55128254226
11434687463
23390929031
35546583774
17954442038
12296750479
38794695853
69357507478
72396655593
52817633154
44500375241
25657598627
43888315006
72068817635
57977584354
49552807490
9799767599
4407078061
72940921206
40195706192
31498858585
57542010291
42503734204
26498849287
68734335570
60771929255
54353897146
35665620421
69948134799
26842054821
10966189540
15089415933
24290374561
21064192338
11473242405
63268171626
29705221552
12728112500
22326964039
60028871115
38237465376
20372455284
12728112500
21292795493
18380157936
67076140797
27679492712
20058697819
49149320859
74445044508
6617531321
51353509341
28693387652
34764364735
30149690618
33035929734
53176392610
24771239563
45760647700
32156440039
59021440997
5183183606
67599432817
69748002354
62564755572
44367170974
18352733548
50210571133
35983344552
30738040436
4407078061
14689784481
25707318800
53761845677
66851051280
47809007291
44583389498
66704371257
13485458553
16645464954
58188115766
31530491145
0
57579837886
15868554426
8646108994
21504117374
67706755884
18025033559
29708576229
46327207688
69741521900
11326041322
75787622693
41253807548
41551440481
64306060903
32934593924
23166817476
50319020802
17494819992
57263856634
12742506441
56727233864
56883936368
0
37855601141
60991332619
26300985428
4411265718
24336278383
69697541294
50086689603
6857296542
72913638662
42120454802
20576152317
30987095516
32344362643
60890656254
56163032373
68333696297
32288314252
72754155411
29991426518
35900392507
55455352149
17776515343
8002368903
29608238569
49064169413
35028445893
4836076477
5760304539
24917218201
48448425645
65935733330
35294389852
45781226941
33562744998
49196356773
0
33362544078
11083386214
57144605599
31111321621
4302818970
5825117005
71018801327
72623366932
1801916551
40626780696
0
63133534739
36946350154
23444318024
20042180401
27761416185
22166405016
37035210157
73524364337
49232884560
56483032989
37681354452
35662934184
30919345312
14308282108
48148034435
66721604612
72455219964
43574275887
18523628164
66177832555
65942453122
51244270688
30128535399
16955742680
15638613640
49094125648
74699117294
48887209160
19917475503
40734404858
6231697844
26691121723
23028278689
66182658790
12230333128
25112700276
12580550246
31777702134
48537957303
62005434069
36148992776
13802625499
31530491145
65065193198
24977936726
9138571805
31951543826
30464430296
20371313730
14341439616
7033468008
70589064149
36802623458
70374232518
69230760967
47166486235
20561809670
41588489444
37105621197
54966419725
13579980065
41830038756
43572840133
35533890156
49273901571
56806151863
28753537538
53564377582
5519809609
9870677305
22040323819
17776515343
53489388902
25502863398
52703825924
33340548542
8024788285
53670202109
69381895914
9799767599
54493563022
40244905511
50515147415
13648816452
29726610118
31416198302
32040927833
71346777315
29903237792
10169395177
56399437387
38981428705
63925063356
32427328533
53740331650
46715504134
29120585361
70904601426
39777918263
38142268070
35628248085
25844163996
31498858585
12313089317
61992267977
20743128471
47336954446
28226476135
16958303513
46611536558
10169395177
22162735520
43584147307
4680272711
13728508412
45150348475
29201340961
36485832968
2834128604
66265218749
50765719340
70891560578
52222071673
70265992347
71926592649
41171495527
14677595334
59443399393
1801916551
20788051247
37202142264
35885295914
46565584019
69472639640
18440195286
60920233055
20437472516
37007980897
15675502051
5616387859
66157770669
673984455
56660385628
45879305755
32450875281
48260590385
48900693418
3896155150
6463525943
2358767413
52725860414
4407078061
50760502784
53569130282
67881022017
31493198700
39941235067
37228699239
15882546337
30873006402
6182155534
19024074651
43285153159
70399129859
0
12276954357
47862178302
34764859291
0
35772247915
3055145560
4131486076
0
14259963158
71121798470
9037530908
25899847954
6182155534
45412431390
34055342628
34610823195
15340469771
59634403096
36189074985
23570655407
55939151341
23345332439
18412587034
48176264455
70891560578
19453249143
27229606933
39524852659
20112160793
8454713643
75864912309
68994270659
65771442227
41479585041
12445262405
33982620470
55745874050
9682706839
3897326733
8048765934
22173764123
14034063591
9315291839
28192173274
59927145300
55955298084
19457562828
39414859146
18579630787
22912811670
22069649922
38352578622
64890572247
15454210040
42253716442
48484918866
67259035532
30589873893
46832044608
62048127989
67761233223
18796807527
55408163730
39440094143
46190570889
1700714211
5332560047
26842054821
17102485099
24091212206
57569828433
21626186915
50189854099
59769046869
60799314343
66981681406
37627738455
58653181692
23925784335
25201035914
54254337432
17050879891
22698257166
27507396711
16084003000
66641293986
23390929031
40182469259
7116745076
26762267746
62939044771
56454589223
67337141356
48910358660
16796156565
39617753289
25735963861
13385781306
73503878830
47862576445
24040469693
24691490585
4968602534
48700862358
48922077296
32068942485
56065559608
59031989873
20741608530
44607757489
59523718369
49361818706
7402480030
25911523854
30090608149
72337789366
11781551446
12190108928
50987860859
27386765295
32855123068
13737963299
71264206276
61743351326
35622969918
55625900696
9797533800
44642932649
55048705237
18294228702
35973621904
45687551888
23669390322
4077832364
49223267403
41567565883
10721540
74598400257
40483135482
54204454221
55630354209
35976555167
11024372219
11522399082
26421531299
24035048161
45484922365
75586606255
27013827208
49645470836
35294389852
21356074005
41431362210
18166771320
73968092721
0
55614378573
1376381386
56249666377
8307475637
52803847484
54044412108
71429780487
25891207551
48416583523
16403805078
46013162773
11882850955
36307416735
47862178302
49002372694
1933232248
74765581513
0
21977498020
27258436378
25184459690
12575212124
32566962071
24606960865
20788051247
42557814256
62636945442
51818441734
58001637545
