44212895086
27943726158
15759243040
41700014368
37646722985
28003347864
42427438300
7071675768
28362004104
39433718909
30737928694
3372752445
17284636535
25304653847
40749478994
13252328874
35841739554
2693811923
22961233110
31602054946
12387566714
37046360788
5941632966
17444101613
30036387817
38277165363
47926232723
11797928083
32950648611
2331031738
8432944897
49351845690
15081963504
31426180946
18352020490
27388317897
13139271562
45126989329
21237626632
37576263140
7598152514
1499100898
38003941660
32080877434
22873594690
15780962773
27905142496
18852683707
33801302203
48834072823
26788342184
10107806979
1632592548
6006230162
0
5286521883
34955880710
45377784382
9266619413
19509567672
13600126044
30601219009
19988800110
21400162978
38889484502
40749220546
29253146135
15724383513
22150382531
15943492663
17393600403
42405446155
33363136976
34630746452
14276547203
14419034841
4032385165
47076859767
31668904785
17936822772
10519494707
46007414194
43284348133
10728846036
26939637648
19547341684
4534024902
26260242714
20367585984
23731308666
46659637097
36123067995
16779023097
39953851225
6952493728
766240301
24377665494
39758463582
30344646576
11101077948
