100 1000000000
82 999999919 865563138
98 999999903 311192721
93 999999908 8429960
76 999999925 167143049
67 999999934 751184724
83 999999918 685990592
79 999999922 672959145
39 999999962 257382448
23 999999978 666297725
50 999999951 352746432
12 999999989 148667020
65 999999936 514415239
7 999999994 223170911
84 999999917 93331547
18 999999983 394279580
66 999999935 124562709
24 999999977 38295508
74 999999927 737779267
94 999999907 105308856
45 999999956 782393528
54 999999947 106730297
36 999999965 123369088
90 999999911 237359998
77 999999924 987508378
8 999999993 403274796
30 999999971 310881390
2 999999999 467550807
81 999999920 403266663
62 999999939 872231259
86 999999915 867339193
61 999999940 856711072
5 999999996 577596635
31 999999970 387520526
72 999999929 359791464
97 999999904 557276010
38 999999963 784391739
17 999999984 847851412
78 999999923 178838334
88 999999913 212644133
3 999999998 399914350
42 999999959 192829906
53 999999948 116663571
89 999999912 805166324
1 1000000000 687346383
85 999999916 70689446
40 999999961 51814876
35 999999966 315043376
13 999999988 162159898
43 999999958 920236023
60 999999941 902854019
52 999999949 445303937
95 999999906 422848069
21 999999980 363199584
69 999999932 457988819
32 999999969 423904662
91 999999910 65665922
57 999999944 516654817
73 999999928 788932867
44 999999957 561620907
41 999999960 330583381
70 999999931 40613621
37 999999964 513318028
10 999999991 312496981
100 999999901 988006422
71 999999930 324166008
20 999999981 100617678
47 999999954 324990146
49 999999952 897175440
59 999999942 361937475
80 999999921 606113719
14 999999987 291385005
19 999999982 771482888
96 999999905 597510062
6 999999995 191435625
27 999999974 175943922
33 999999968 588930532
51 999999950 321290937
64 999999937 133492742
16 999999985 362399750
26 999999975 289504574
58 999999943 508958619
68 999999933 534438373
4 999999997 935670149
9 999999992 630421214
15 999999986 357994530
46 999999955 76088442
25 999999976 44241330
56 999999945 975663622
22 999999979 836892543
99 999999902 481620760
34 999999967 139200900
29 999999972 626475934
48 999999953 432899575
11 999999990 9553176
55 999999946 602186610
28 999999973 160434248
87 999999914 90913257
92 999999909 413188635
75 999999926 960354456
63 999999938 368993096
