100 1000000000
9 999999990 914094243
43 999999956 59621706
70 999999929 21719733
13 999999986 705431787
22 999999977 357218675
42 999999957 358656240
11 999999988 856909833
87 999999912 526476746
41 999999958 891142031
18 999999981 324744673
36 999999963 688252252
94 999999905 659632720
66 999999933 108963868
49 999999950 955588867
14 999999985 950535374
76 999999923 347797170
26 999999973 281328441
95 999999904 678940522
52 999999947 770075556
34 999999965 66849839
78 999999921 751704848
24 999999975 529902352
90 999999909 64597196
64 999999935 492721159
39 999999960 308258759
20 999999979 612319139
3 999999996 907840100
79 999999920 589638631
31 999999968 412488365
96 999999903 362780185
85 999999914 833674516
1 999999998 886584987
72 999999927 642420009
35 999999964 175874000
62 999999937 500663217
45 999999954 516824599
77 999999922 113057312
8 999999991 250795053
56 999999943 162536346
23 999999976 70459845
86 999999913 834792383
98 999999901 133491650
21 999999978 273223703
32 999999967 869771177
53 999999946 87638420
69 999999930 162529890
44 999999955 38583662
61 999999938 656883965
29 999999970 829444249
2 999999997 517772867
47 999999952 151295464
83 999999916 411687728
97 999999902 698439190
89 999999910 946263566
100 999999899 766240301
91 999999908 655111083
27 999999972 885858844
7 999999992 629629812
84 999999915 841187566
60 999999939 37774012
75 999999924 676421159
37 999999962 136709685
58 999999941 378785874
55 999999944 750219553
19 999999980 544234407
15 999999984 258448
40 999999959 783241682
71 999999928 34859527
54 999999945 723212159
68 999999931 835530434
65 999999934 50501210
12 999999987 21992145
30 999999969 438165227
28 999999971 325134258
74 999999925 142487638
73 999999926 662928663
93 999999906 501639737
4 999999995 849372956
33 999999966 411972649
63 999999936 415197718
82 999999917 209351329
6 999999993 652222903
10 999999989 928546953
81 999999918 372231912
46 999999953 448680249
59 999999940 441458426
92 999999907 752496981
48 999999951 528099470
57 999999942 870040648
51 999999948 646356828
5 999999994 417222670
25 999999974 923292793
67 999999932 505613438
16 999999983 795369321
88 999999911 119182040
99 999999900 732860597
50 999999949 926988353
17 999999982 195387643
38 999999961 256572433
80 999999919 696850135
