100 1000000000
999999956 999999955 640799874
999999901 999999900 133031423
999999937 999999936 900146289
999999909 999999908 584368328
999999996 999999995 723061460
999999944 999999943 218414853
999999994 999999993 655128173
999999950 999999949 907767749
999999922 999999921 193614874
999999918 999999917 694631207
999999932 999999931 279315954
999999984 999999983 360687652
999999988 999999987 301596005
999999941 999999940 181918285
999999959 999999958 714688811
999999938 999999937 968841787
999999973 999999972 417301432
999999931 999999930 214056652
999999997 999999996 385689346
999999964 999999963 440132568
999999923 999999922 65543824
999999985 999999984 793512519
999999914 999999913 279086857
999999992 999999991 517357895
999999995 999999994 309106556
999999902 999999901 514573219
999999945 999999944 823934010
999999934 999999933 971090638
999999927 999999926 640470812
999999915 999999914 75166547
999999958 999999957 474931074
999999911 999999910 666364151
999999917 999999916 77279012
999999961 999999960 14177428
999999936 999999935 504890753
999999907 999999906 729443502
999999960 999999959 187710999
999999906 999999905 65589402
999999970 999999969 334412593
999999955 999999954 125856334
999999987 999999986 584458611
999999913 999999912 897543643
999999947 999999946 846804653
999999966 999999965 611080152
999999954 999999953 269173484
999999943 999999942 722242309
999999925 999999924 501578338
999999965 999999964 966472924
999999971 999999970 696787025
999999946 999999945 62331723
999999974 999999973 899431835
999999940 999999939 611784316
999999935 999999934 785547699
999999912 999999911 108985032
999999926 999999925 42282563
999999968 999999967 546105225
999999952 999999951 367555293
999999977 999999976 164725705
999999903 999999902 226104807
999999929 999999928 750892481
999999975 999999974 706110020
999999919 999999918 323262368
999999969 999999968 985170072
999999963 999999962 731519555
999999978 999999977 601939902
999999990 999999989 257838057
999999962 999999961 506403934
999999967 999999966 939314387
999999989 999999988 144780778
999999986 999999985 49066237
999999933 999999932 384995824
999999908 999999907 24462605
999999982 999999981 796259431
999999921 999999920 468225147
999999905 999999904 859795111
999999998 999999997 633805836
999999980 999999979 13353395
999999951 999999950 173896863
999999904 999999903 780776981
999999993 999999992 378199319
999999972 999999971 383488698
999999948 999999947 726066137
999999957 999999956 989365467
999999999 999999998 957717088
999999928 999999927 108363357
999999930 999999929 420129619
999999920 999999919 376125287
999999942 999999941 749146528
999999924 999999923 540775580
999999976 999999975 269436897
999999900 999999899 771068319
999999910 999999909 457004742
999999983 999999982 84904834
999999953 999999952 568518619
999999949 999999948 169875224
999999939 999999938 986212606
999999991 999999990 818370214
999999916 999999915 237113631
999999979 999999978 741765291
999999981 999999980 491724583
