26134037351
771068319
15753550289
4104845369
46653653478
20873842409
45689418749
23721269009
9350001321
7487757312
12827709421
41483551462
43271276481
19220535287
28239133766
16653696578
36296598137
12613652769
47376714938
30393634493
9543616195
41844239114
6819111265
44793861535
46344546922
904099742
21092257262
13492021199
10693796500
7098198122
27764202692
5146218439
7410478300
29141533576
15248659536
3350939262
28953822577
3285349860
34881909821
26008181017
42686817870
5921567622
21978522995
31800239985
25739007533
20151600100
10149935599
30833767061
35216322414
21916191272
36713899569
18608750971
14463111837
5812582590
10651513937
33350634524
24802933621
38588878321
1418672961
11442630669
37613331404
8182388519
33896739749
29662114938
38753604026
43717653264
29155711004
32411320137
43572872486
42637751633
13107025375
4080382764
40602387197
8881776174
2425554749
47762404284
40097309219
24629036758
1644777768
45311219430
35913109439
22825327648
26774837225
48396210120
11334267312
12193523150
8505650887
19402453572
9609160019
38319441424
0
4689213697
41398646628
25170488914
23551393785
17622538365
43975491321
7173364669
39355543928
40110662614
