100 1000000000
999999961 999999962 864392047
999999989 999999990 609360020
999999935 999999936 157798603
999999984 999999985 755530427
999999957 999999958 929119464
999999934 999999935 968693315
999999967 999999968 772777020
999999974 999999975 671374074
999999906 999999907 278009743
999999914 999999915 511742082
999999948 999999949 466188457
999999909 999999910 434794719
999999987 999999988 205156724
999999927 999999928 858351977
999999966 999999967 100149904
999999900 999999901 906691060
999999902 999999903 813847340
999999932 999999933 869964136
999999918 999999919 975078789
999999978 999999979 889126175
999999929 999999930 976832603
999999999 1000000000 343656009
999999903 999999904 955892129
999999958 999999959 559799207
999999955 999999956 512185346
999999964 999999965 983541587
999999946 999999947 108127102
999999925 999999926 101823754
999999968 999999969 902041077
999999996 999999997 481003666
999999998 999999999 86378037
999999979 999999980 931581387
999999980 999999981 357701129
999999901 999999902 413654000
999999983 999999984 349185523
999999912 999999913 891047769
999999921 999999922 149544007
999999963 999999964 589161386
999999947 999999948 379880546
999999907 999999908 548977049
999999939 999999940 79180333
999999920 999999921 541903390
999999905 999999906 43469774
999999922 999999923 302621085
999999944 999999945 506959382
999999941 999999942 913189318
999999993 999999994 153002189
999999931 999999932 757172937
999999928 999999929 268979134
999999959 999999960 279701489
999999952 999999953 980338160
999999988 999999989 984641620
999999981 999999982 261897307
999999943 999999944 354546568
999999997 999999998 97942385
999999954 999999955 593267778
999999992 999999993 862585180
999999951 999999952 687649392
999999986 999999987 67628852
999999917 999999918 957413343
999999971 999999972 885670548
999999945 999999946 601095368
999999953 999999954 219556307
999999950 999999951 655934895
999999910 999999911 985946605
999999972 999999973 842938613
999999919 999999920 234551095
999999916 999999917 626401696
999999982 999999983 784130655
999999908 999999909 521760890
999999960 999999961 66872193
999999933 999999934 646287426
999999904 999999905 451585302
999999985 999999986 934661371
999999924 999999925 811538591
999999923 999999924 150050892
999999994 999999995 862407392
999999930 999999931 571835845
999999973 999999974 717424033
999999940 999999941 965120264
999999949 999999950 339513622
999999976 999999977 657019496
999999911 999999912 841597327
999999956 999999957 475338373
999999936 999999937 333018423
999999975 999999976 1227090
999999991 999999992 256211902
999999977 999999978 529975200
999999926 999999927 663968656
999999969 999999970 428233517
999999942 999999943 734422155
999999995 999999996 583031025
999999915 999999916 384452588
999999990 999999991 238052748
999999937 999999938 106046332
999999970 999999971 762628806
999999938 999999939 783650879
999999913 999999914 325679555
999999962 999999963 986194170
999999965 999999966 15077163
