34 392
1 25
1 9
1 21
2 27
1 7
1 20
2 11
6 28
3 33
1 22
1 8
1 10
1 5
1 23
1 14
3 30
2 6
1 12
1 15
1 19
1 18
1 31
1 2
1 16
2 26
1 3
1 4
5 24
10 32
3 34
1 13
2 17
1 29
6
6
28
28
28
28
28
28
2
11
11
28
28
28
28
28
28
28
28
28
2
11
11
11
11
11
11
11
11
11
11
11
11
11
11
2
17
17
17
17
17
17
17
17
17
17
17
26
26
26
26
26
26
26
26
26
26
26
26
26
27
2
2
27
27
2
21
27
27
27
27
27
27
2
18
27
27
27
27
30
30
30
30
30
30
30
30
30
30
30
30
30
33
33
33
33
33
33
33
3
33
33
33
3
3
33
3
3
3
3
34
3
34
34
4
4
4
4
4
4
4
4
4
4
4
4
4
4
4
4
4
4
5
24
24
24
5
5
24
24
24
24
24
24
5
24
24
5
24
7
7
7
7
7
7
7
7
8
8
8
8
8
8
8
8
9
9
9
9
9
9
9
9
9
9
9
9
9
9
9
9
32
13
32
32
32
32
19
32
32
32
32
10
32
12
12
12
12
12
12
12
12
12
12
12
12
12
12
12
4
12
12
13
13
13
13
13
13
13
32
14
14
14
14
14
14
14
30
14
14
14
14
14
14
14
14
14
15
15
15
15
15
15
15
15
15
15
15
15
16
16
16
16
16
25
16
16
16
16
14
14
18
18
18
18
27
18
18
18
18
19
19
19
19
19
19
19
19
19
19
19
19
10
19
19
19
20
20
20
20
20
20
20
20
20
20
20
20
20
20
20
20
20
20
20
21
21
21
21
21
27
21
21
22
22
22
22
22
22
22
22
22
22
22
22
22
22
22
22
22
22
22
23
23
23
23
23
23
23
23
23
23
23
23
25
25
25
32
25
25
25
25
25
25
25
25
25
25
25
25
25
29
29
29
29
29
29
29
29
29
29
29
29
29
29
29
31
31
31
31
31
31
31
31
31
31
31
31
31
31
31
31
