198 188
129 142
82 83
31 32
93 98
5 6
86 87
71 75
78 79
98 102
57 66
45 52
90 91
142 179
151 158
172 183
15 18
189 194
159 168
148 153
18 21
86 141
166 195
2 4
38 41
111 112
87 127
13 15
88 94
133 174
105 106
3 5
87 97
73 80
121 129
23 25
43 70
127 166
129 143
56 65
39 42
56 61
174 177
2 3
37 54
70 82
166 171
84 99
116 178
83 103
52 148
151 167
67 69
112 175
144 150
114 120
128 135
5 7
12 13
4 10
62 74
132 133
86 92
108 115
6 8
69 73
66 68
16 17
80 84
76 85
114 184
58 95
93 124
110 130
191 192
30 35
152 155
154 156
162 191
22 26
31 33
33 37
89 105
15 22
92 96
86 101
70 71
130 132
33 36
145 147
156 181
57 67
156 157
126 160
101 104
97 116
42 57
87 113
52 53
135 138
140 165
55 60
189 193
160 180
117 118
176 198
22 23
52 62
116 122
73 107
26 27
125 146
1 2
29 30
19 20
59 88
9 11
160 186
45 47
52 58
100 139
169 170
18 19
6 9
30 55
107 121
61 64
38 93
75 76
135 140
143 151
160 164
21 28
62 63
186 189
77 86
169 172
55 56
25 43
45 46
111 117
103 152
28 31
83 90
172 173
151 169
147 149
80 161
42 44
133 137
130 187
84 89
160 196
82 119
121 162
187 188
21 34
5 14
39 40
122 128
55 81
67 72
151 154
98 108
28 29
36 38
35 51
152 182
120 126
167 176
187 190
157 159
137 144
41 59
67 77
116 136
129 134
42 48
121 131
100 114
109 123
33 39
48 50
8 24
11 12
48 49
31 185
92 111
143 145
157 163
153 197
77 78
99 100
98 125
95 109
109 110
15 16
39 45
24
17
64
64
56
28
65
65
56
56
60
60
81
18
32
32
32
32
115
18
28
28
146
125
146
146
146
98
31
40
28
40
12
44
12
33
3
50
21
50
18
5
31
73
160
126
189
193
160
194
31
194
120
21
139
100
69
73
134
107
149
129
149
168
9
156
42
154
181
3
154
129
151
121
158
176
198
57
173
173
173
121
31
183
183
69
107
131
69
192
2
79
77
135
39
67
165
21
140
165
140
165
136
67
97
136
178
178
77
77
77
87
77
86
171
86
171
28
3
42
195
195
96
92
96
77
175
175
118
117
111
118
33
104
104
86
86
47
33
53
3
144
150
150
95
5
31
174
177
130
188
109
45
31
95
13
74
74
74
74
52
197
153
185
185
15
185
12
43
85
85
85
91
3
82
6
70
182
70
70
43
12
5
5
5
5
10
4
