200 187
88 89
137 138
58 59
19 20
99 100
127 128
48 49
173 174
17 18
75 76
136 137
128 129
100 101
97 98
51 52
4 5
73 74
6 7
138 139
187 188
151 152
37 38
43 44
23 24
120 121
196 197
98 99
42 43
109 110
89 90
130 131
125 126
62 63
106 107
78 79
190 191
93 94
168 169
161 162
158 159
36 37
61 62
165 166
142 143
96 97
197 198
63 64
183 184
22 23
132 133
9 10
95 96
28 29
26 27
171 172
121 122
152 153
118 119
56 57
188 189
198 199
30 31
112 113
76 77
135 136
134 135
113 114
85 86
90 91
144 145
166 167
33 34
53 54
175 176
141 142
87 88
162 163
72 73
10 11
191 192
199 200
180 181
52 53
65 66
181 182
184 185
66 67
14 15
103 104
11 12
159 160
25 26
81 82
163 164
150 151
34 35
143 144
131 132
74 75
182 183
169 170
176 177
86 87
57 58
167 168
60 61
44 45
186 187
195 196
194 195
133 134
18 19
15 16
178 179
140 141
126 127
59 60
170 171
27 28
139 140
172 173
38 39
71 72
114 115
155 156
8 9
160 161
16 17
122 123
82 83
3 4
174 175
83 84
193 194
154 155
119 120
147 148
20 21
41 42
55 56
104 105
21 22
49 50
31 32
39 40
164 165
80 81
68 69
116 117
64 65
40 41
105 106
47 48
24 25
45 46
94 95
146 147
179 180
185 186
84 85
189 190
129 130
124 125
12 13
111 112
102 103
2 3
156 157
7 8
117 118
46 47
5 6
192 193
50 51
110 111
123 124
101 102
70 71
148 149
67 68
153 154
32 33
54 55
107 108
79 80
29 30
149 150
92 93
69 70
13 14
1 2
108 109
145 146
177 178
77 78
91 92
35 36
115 116
157 158
139
199
198
200
174
139
196
188
58
194
200
200
189
196
200
200
198
133
164
182
199
124
187
196
178
200
199
30
199
200
112
200
185
86
16
186
199
5
183
200
163
171
112
199
147
195
173
185
53
121
198
169
145
52
182
54
198
189
197
194
196
191
123
180
194
199
58
186
192
197
185
197
182
182
199
200
99
187
196
197
197
140
3
123
192
195
155
192
200
77
153
145
154
82
169
200
160
139
38
79
129
185
171
111
200
200
109
126
200
141
76
122
66
70
199
200
124
197
199
198
193
196
180
105
199
132
200
106
200
197
200
162
179
190
200
195
195
123
194
194
67
113
189
154
185
184
192
64
200
166
60
184
66
159
188
197
199
181
200
41
196
198
198
151
180
110
189
200
166
199
199
143
199
187
54
190
191
193
188
168
199
196
146
101
198
198
179
